0.156391191666667
30.6223600204407
28.576123516885
0.122983341269841
34.0000762415445
47.3994894668246
52.8264936874826
51.5472824182352
50.77516547257
52.4478995331604
62.0717606198037
61.9655660938387
68.6889313027348
43.1672132727802
65.6132836045123
55.1178819881707
97.8665618015355
0.423553393442623
84.0992871946528
89.0576863802651
99.1280239616394
84.2233173268596
0.630132690909091
0.673464915254238
68.1887163645186
77.2212474754202
78.594844615087
68.1968978545483
63.6835700419583
71.7059767503294
0.511624920634921
54.5954096128389
71.7234521281093
54.6453467247947
80.7876555947821
65.0392738587428
0.379692169491526
83.1971962204594
59.6717427774074
0.346089360655738
0.321739685185185
0.353225280701754
42.0440006332499
51.9176420410896
66.0606935358153
56.3173152789527
0.222969962962963
0.282053672413793
74.9686251618538
0.283405317460317
36.8274289691153
0.185519836065574
0.240500666666667
57.7101668780383
49.1109997310696
26.5551672916013
0.204930542372881
0.185220215686275
64.0537961855
0.159807428571429
