NaN,0.74526,0.30452,0.7117
0.46486,0.60821,0.1042,0.69559
0.4905,0.44863,0.31969,0.89019
0.39734,0.32466,0.51539,0.79318
0.4111,0.43763,0.34874,0.83245
0.54818,0.50375,0.2356,0.81787
0.87715,0.83554,0.081608,0.63657
0.75331,0.84189,0.098848,0.72522
0.76621,0.56934,NaN,0.90464
0.53187,NaN,0.033515,0.41247
0.77159,0.78777,0.12996,0.67325
0.36777,0.52946,0.17215,0.70229
0.63228,0.34812,0.5819,0.61294
0.24883,0.28231,0.66879,0.67231
0.63282,0.66334,0.023473,0.5498
0.46386,0.36562,0.30729,0.83198
0.2192,0.010298,0.98922,0.47537
0.67042,0.81843,0.217,0.47995
0.33333,0.50623,NaN,0.81529
0.55694,NaN,0.43917,0.82728
0.75857,0.50964,0.3367,1
0.73101,NaN,0.10276,0.68936
0.33902,0.97855,0.25805,0.087709
0.38292,0.16802,0.56024,0.62117
NaN,0.52172,0.18441,0.70182
NaN,0.29183,NaN,0.70194
0.47534,0.46419,0.53296,0.74062
0.25029,0.047929,0.86907,0.73451
0.60327,0.63872,0.23789,0.76637
0.45138,0.94046,0.2115,0.13627
0.24814,0.27069,NaN,NaN
0.00041105,NaN,0.23487,0.36449
0.85454,0.59891,0.21637,0.91852
0.87286,0.50197,0.24697,0.86808
0.83557,0.82323,0.12361,0.63292
0.5542,0.78111,0.24276,0.73968
0.64148,0.74534,0.27155,0.59177
0.41211,0.87077,NaN,0.29818
0.43866,0.51878,0.49568,0.64244
0.7073,0.54015,0.40647,0.75144
0.48763,0.63035,0.081866,0.51217
0.19823,0.64042,0.261,0.68654
0.23925,0.5866,0.22619,0.54909
0.72198,0.72574,NaN,0.6722
0.55263,0.65296,0.052082,0.58895
NaN,0.76988,0.26454,0.092183
0.54839,0.55284,0.12982,0.77672
0.48015,NaN,0.57456,NaN
0.83566,0.82098,0.1218,0.64433
0.79843,0.61549,NaN,0.84245
NaN,0.623,0.23439,0.66738
0.18335,0.64367,0.25195,0.67114
0.80007,0.72791,0.14288,0.77966
0.27208,0.038635,0.8979,0.76438
0.71865,0.74162,NaN,0.72393
0.80619,0.5338,0.2748,0.94345
0.42894,0.6017,0.119,0.64585
0.63846,0.8,0.18555,0.55297
0.55163,0.66334,0.022147,0.36943
0.31411,0.51173,0.25428,0.78284
0.75638,0.62578,0.27196,0.82693
0.66858,0.8758,0.093644,0.53027
0.79119,0.40627,0.32304,0.80529
0.41749,0.89717,0.32157,0.26773
0.62646,0.80952,0.18998,0.45385
0.46682,0.56841,NaN,0.67501
0.58126,0.85622,NaN,0.62152
0.78464,0.74681,NaN,0.77425
0.75002,0.9029,0.06703,0.44092
0.18299,0.29787,0.6967,0.72922
0.4077,0.9832,0.25749,NaN
0.78331,0.92428,0.054921,0.32005
0.73785,0.73062,0.21973,0.74991
0.32421,0.63175,0.19186,0.50123
NaN,0.37522,0.34951,0.71252
0.52241,0.58715,0.086299,NaN
0.64717,0.74146,NaN,0.5906
0.18494,0.027795,0.96364,NaN
0.45628,0.34905,0.32353,NaN
0.31566,0.035926,0.77347,0.60376
0.74072,0.80496,0.21143,0.54627
0.37885,NaN,0.46962,0.81599
0.57044,0.89864,0.16348,0.41281
0.74079,0.80867,0.075443,NaN
0.33744,0.51142,NaN,0.88055
0.69051,0.62439,0.19231,0.76614
0.71531,NaN,0.38391,0.74768
0.51896,0.51978,0.15525,0.8314
0.81168,0.41037,0.31437,NaN
0.31122,0.6621,0.20652,0.44656
0.52505,NaN,0.083309,0.71676
0.51817,0.47464,0.27096,0.82164
0.48779,NaN,0.092718,NaN
0.45601,0.30151,0.3927,0.87032
0.84759,0.59303,0.21608,NaN
0.88828,NaN,0.23295,0.88125
0.49099,0.63662,0.0956,0.52464
0.55569,0.51367,0.21962,0.79859
0.73182,0.8724,0.044478,0.41329
0.49241,0.48982,0.23188,0.88607
0.37521,0.1753,NaN,0.76779
0.25285,0.52675,0.25601,0.75038
0.33623,0.46148,0.27628,0.79189
0.29393,0.129,0.60612,NaN
0.64041,0.74224,0.25129,0.82387
0.32249,0.25923,0.61542,0.97143
0.67417,0.6477,0.25251,0.81541
0.33072,0.34487,0.50572,0.77214
0.050891,0.86279,0.22833,0.16038
0.59163,0.9005,0.17249,0.40999
0.5453,0.39326,0.36081,0.68772
0.73297,0.39799,0.31068,0.74321
NaN,0.59814,0.093385,0.76661
0.22735,0.2223,0.65078,0.82046
0.69231,0.61347,0.30747,0.81388
0.75007,0.88215,0.063118,0.43963
0.7772,0.87425,0.059573,0.47278
0.6685,0.6686,0.020781,0.5853
0.46353,NaN,0.21401,0.82293
0.34764,0.50646,0.25184,0.78237
0.82403,0.33279,0.37273,0.77461
0.53204,0.7712,0.25775,0.72663
0.77251,NaN,0.26439,0.80518
0.28622,0.49547,0.33057,0.84786
0.79132,0.58475,0.22671,0.88924
0.27091,0.66644,0.20818,NaN
NaN,0.39907,0.33342,0.82458
0.69634,0.81502,0.067215,NaN
0.8631,0.72102,0.12099,0.73122
0.71814,0.92064,0.083675,NaN
0.75064,0.32133,0.38683,0.67337
0.768,0.77197,0.17765,0.80294
0.3748,0.56229,0.23944,0.67972
0.6551,0.5619,0.40938,0.8595
0.39413,0.9211,NaN,0.51029
0.35906,0.45869,0.28023,0.81776
0.35714,0.92048,0.32939,0.46632
0.41824,0.4511,0.20508,0.75814
0.77877,0.31243,0.39251,0.66338
0.48114,0.30755,0.43341,0.91794
0.63346,0.33542,0.58157,0.58942
NaN,0.41432,0.33523,0.81058
0.20416,0.048625,0.87262,NaN
0.32882,0.24204,0.52233,NaN
0.87461,0.6381,0.173,0.87901
0.91103,0.90693,0.038865,0.38283
0.54689,0.74107,NaN,0.73533
0.87167,NaN,0.1661,0.85573
0.67078,0.51413,0.43171,0.75203
0.05485,0.76477,0.25037,0.1398
0.39245,0.1568,0.63284,0.78472
0.60349,0.55401,0.47139,0.73968
0.80313,0.40433,0.32977,0.84586
0.32505,0.48641,0.37247,0.77743
0.65863,0.55068,0.42377,0.88948
NaN,0.80078,0.27967,0.44774
0.57488,0.37329,0.42773,0.75038
0.46263,0.2796,0.43382,0.87784
0.73541,0.62354,0.25343,0.84985
0.5453,0.39326,0.36081,0.68772
0.57532,0.84785,0.15521,0.62634
NaN,0.59907,0.34504,0.8495
0.6647,0.48509,0.44751,0.71546
0.33077,0.17708,0.60948,0.69818
0.62662,0.53341,0.43212,0.88866
0.78907,NaN,0.29669,0.86526
0.255,0.045142,0.88081,0.70888
0.33146,0.57631,0.18957,0.64268
0.72215,NaN,0.21608,NaN
0.53872,0.47983,0.18149,0.80647
0.62898,0.67278,0.032149,0.55967
0.67318,0.85358,0.088069,0.65915
0.63582,0.27464,0.57881,0.69559
NaN,0.7736,0.14129,0.53063
0.56151,0.37422,0.29721,0.92052
0.20255,0.69934,0.20652,0.29347
0.5665,0.858,0.13513,0.39706
0.53523,0.54193,0.26033,0.73686
0.92514,NaN,NaN,0.73298
0.64676,0.80558,0.22047,0.49748
0.60484,0.5242,0.14679,0.89782
0.32953,0.50035,NaN,0.87901
0.68876,0.77135,0.22645,0.81811
0.79384,0.6621,0.25812,0.80788
0.59881,0.68115,0.17027,0.61799
0.48779,0.82176,0.092718,0.54744
0.33937,0.96291,NaN,0.2823
0.92052,0.73356,0.12391,0.75497
0.50667,0.88014,NaN,0.63057
0.39224,0.50081,0.2975,0.95097
0.6392,0.27309,0.57456,0.73921
0.71012,0.53697,0.28555,0.88759
0.38092,0.96144,NaN,NaN
0.65637,0.4782,0.45224,0.75062
0.61461,0.80116,0.10763,0.68324
0.55994,0.51336,0.47198,0.65444
0.72232,0.85064,0.10269,0.6829
0.72375,0.78482,0.17536,0.80647
0.81839,0.82246,0.10786,0.64692
0.75769,0.36879,0.39894,NaN
0.23342,0.6062,0.25705,0.67842
0.67106,0.3475,0.3852,0.72158
NaN,NaN,0.022513,0.53969
0.6543,0.58467,0.09796,0.77754
0.36447,0.55277,0.21541,0.71358
NaN,0.41053,0.3876,0.86796
0.68254,0.34417,0.4839,0.79683
0.35979,NaN,NaN,0.6669
0.52696,0.60542,0.10531,0.72275
0.59118,NaN,0.29451,0.84057
0.76282,0.7664,0.19245,0.82081
0.49081,0.86419,NaN,0.37907
0.54898,0.51444,0.28122,0.72616
0.35471,0.55958,0.20379,0.70347
0.38104,0.61789,0.11863,0.57414
0.74997,0.35424,0.48723,0.79389
0.92984,0.71707,0.12417,0.77167
0.14239,0.32125,0.67688,0.69841
0.57239,0.694,0.019084,0.2689
0.38479,0.61998,0.12528,0.56367
0.74363,NaN,0.38661,0.75015
0.8083,0.49872,0.23782,0.80259
0.67488,NaN,0.36354,0.76943
0.8291,0.60883,0.27214,0.86538
0.1904,0.031282,0.90215,0.62446
NaN,0.60898,0.29326,0.85938
0.78651,0.65405,0.25805,0.80929
0.55414,0.63244,0.41267,0.8361
0.41409,0.89958,0.10051,0.24409
0.73529,0.32187,0.512,0.82951
0.64795,0.7547,0.23169,0.8301
0.52722,0.70198,0.0058285,0.19612
0.79556,0.41409,0.33087,0.85573
0.86785,0.80968,0.12642,0.71182
0.6013,NaN,0.018972,0.51346
0.53108,0.48176,0.57615,0.84021
0.42625,0.5866,0.55226,0.8702
0.84361,0.80124,0.12328,0.66467
0.25603,0.059851,0.84671,0.72122
0.79427,0.55416,0.26044,0.86832
0.70001,0.91777,0.081276,0.39824
NaN,0.56725,0.45486,NaN
0.48655,0.85397,0.205,0.58824
0.79028,0.89888,0.051414,0.3712
0.582,NaN,0.16876,0.61494
0.84316,0.80101,0.14403,0.74321
0.32211,0.30368,0.49062,0.83657
0.78995,0.62663,0.26772,0.83234
0.37382,NaN,0.15602,0.61011
0.62616,0.67441,0.016533,NaN
0.57488,0.37329,0.42773,0.75038
0.51963,NaN,0.28695,0.90065
NaN,0.82787,NaN,0.66067
0.38875,0.19737,0.62026,0.88983
0.52144,0.54162,NaN,0.77778
0.44908,0.30066,0.41691,0.80647
0.78793,0.89059,0.058427,0.40611
0.41361,0.52482,NaN,0.93874
0.60702,0.84762,0.14528,0.7284
0.34538,0.94688,0.33929,NaN
0.70999,0.85536,0.08268,NaN
NaN,0.81758,0.096263,0.62128
0.84729,0.82578,0.11741,0.64174
0.063381,0.84127,0.2184,0.44679
0.81414,0.57081,0.20689,NaN
0.71351,NaN,0.070649,0.66773
0.65542,0.59133,0.32146,0.76967
0.46134,0.34301,0.58729,0.53087
0.38768,0.50414,0.28905,0.77954
0.60564,0.63562,0.41496,NaN
0.69608,0.81502,0.21755,0.61717
0.52401,0.49586,0.21032,0.88654
NaN,0.3235,0.42426,0.91182
0.44336,0.63508,0.14923,0.50947
0.63401,0.50879,NaN,0.89477
0.037398,0.87464,0.21678,0.14403
NaN,0.73388,0.32781,0.78331
0.73411,NaN,0.42459,0.86726
0.35488,NaN,NaN,0.9003
NaN,0.48362,0.33704,0.78613
0.38654,0.26047,0.53529,NaN
0.1094,0.75207,0.26639,0.17495
0.83745,0.78514,0.086445,0.64139
0.44169,0.88912,0.27857,0.30205
0.74185,0.76345,0.20039,0.85632
0.62056,0.5489,0.14284,0.8368
0.8033,0.53295,NaN,NaN
0.45181,0.52025,NaN,0.74509
0.3189,0.25885,0.49553,0.72064
0.7884,0.43484,0.34102,0.87772
0.659,0.60805,0.3112,0.77355
0.38323,0.25939,NaN,0.83916
0.38786,0.63841,0.12992,0.57519
0.49873,0.90159,0.067805,0.22093
0.12604,0.3228,0.67285,0.6756
0.75946,0.7657,0.17584,0.74204
0.10133,NaN,0.23335,0.32134
NaN,0.66651,NaN,0.57872
0.22445,0.2878,0.66263,0.68501
0.80896,0.89934,0.061641,0.38577
0.28314,0.19249,0.67747,0.86561
0.36155,NaN,0.20039,NaN
0.50734,NaN,0.20995,NaN
0.80657,0.3777,0.39262,NaN
NaN,0.64661,0.15086,0.42728
0.73883,0.73086,0.19526,0.72158
0.45482,0.58033,0.16337,0.67196
0.43362,0.27634,0.46575,0.84997
0.64561,0.84731,0.12697,0.70853
0.76953,0.5458,NaN,NaN
0.67012,0.64917,0.24291,0.80306
0.43856,0.61626,0.0932,0.65796
0.72874,0.39071,0.44873,0.85244
0.44449,0.63724,0.069283,0.47772
0.61656,0.5887,NaN,0.76614
0.25084,0.2017,0.76159,0.66067
0.7929,0.42726,0.33021,0.82117
0.298,0.13852,0.59025,0.59589
0.34859,NaN,0.61538,0.75144
0.55426,0.65621,0.034993,0.40917
0.69315,0.35044,0.48557,0.78436
0.20526,NaN,NaN,0.63163
0.40111,0.12156,0.65495,0.73157
0.91228,NaN,0.020927,NaN
0.79171,0.91158,NaN,0.38507
0.78056,0.40743,0.32489,0.76296
0.24966,0.031514,0.7954,0.5438
0.33887,1,0.3711,0.23692
0.76622,0.37329,0.37587,0.7659
0.4172,0.46024,NaN,0.81787
0.54771,0.38583,0.30116,0.87737
0.85724,0.81889,0.10058,0.64339
0.25828,0.61603,0.23468,0.68431
0.57488,0.37329,0.42773,0.75038
0.40416,0.46179,0.3188,0.81552
NaN,0.70925,NaN,0.73898
0.89049,0.71251,NaN,0.72934
0.47119,NaN,0.14971,0.57166
0.8778,0.8398,NaN,0.6401
0.79648,0.38088,0.38096,0.80165
NaN,0.86218,0.073009,NaN
0.40933,0.52226,NaN,0.92099
0.76354,0.86605,0.053891,0.41752
0.70947,0.59473,0.30692,0.81211
0.84216,0.4158,0.34988,0.8863
NaN,0.82617,0.2287,0.47972
0.79625,0.54921,0.27809,0.93087
0.19876,0.8343,0.36295,0.69395
0.69049,0.79706,0.20965,0.53651
0.50336,0.74727,0.27506,0.67443
0.43824,0.86752,0.30226,0.3351
0.44324,0.62772,0.072346,NaN
0.45695,0.84181,0.32342,0.35932
0.41409,0.89958,0.10051,NaN
0.44485,0.57723,0.1331,0.70629
0.36385,0.15989,0.6448,0.76555
0.72056,0.59954,0.28569,0.7739
0.4038,0.63856,0.14284,0.46455
0.50437,0.45536,0.59283,0.84598
NaN,0.7633,0.24856,0.57601
0.49904,0.84491,0.26845,0.39295
0.70536,0.79233,0.2308,0.54721
0.69165,0.74549,NaN,0.66478
0.43172,0.5451,0.15462,0.73475
0.77697,0.37004,0.37236,NaN
0.30599,0.58901,0.20947,NaN
0.73202,0.63182,0.26255,0.8167
0.13249,NaN,0.23077,0.11346
0.82566,0.51274,NaN,0.88019
0.57369,0.64026,0.053004,0.62505
0.58707,0.5393,0.48571,0.72428
0.57,0.61626,0.41256,0.82704
0.32275,0.25784,0.5526,0.84163
0.3801,0.1125,NaN,NaN
0.37645,NaN,0.46327,0.78248
0.39281,0.26945,0.43315,0.69148
0.75783,0.36299,0.41245,0.91746
0.86974,0.83709,0.10117,0.66079
0.9266,0.70283,NaN,0.81717
0.81044,0.54324,0.26358,0.84574
NaN,0.89795,0.18046,0.41211
0.84071,0.89625,0.04599,NaN
0.15769,0.29446,0.70079,0.70253
NaN,0.029965,0.78695,NaN
0.7616,0.7523,0.15108,0.77543
NaN,0.91676,0.31791,0.26349
0.13868,0.76415,0.22556,0.18437
0.28231,0.24925,0.71837,0.76967
NaN,0.62633,0.23634,0.77214
0.34038,0.16624,0.62546,0.70465
0.80787,NaN,0.072049,0.40611
0.75729,0.93116,0.046619,0.31417
0.21371,0.62478,0.26521,NaN
0.56158,NaN,0.037982,0.4007
0.53597,0.51003,NaN,0.80917
0.54448,0.53326,0.1424,0.82975
0.4152,0.63778,0.15159,0.48077
0.45109,0.87333,0.064592,0.095002
0.11945,0.85668,0.20965,0.23915
0.39128,0.54564,0.57936,0.83257
0.50268,0.65536,0.032076,0.39059
NaN,0.9242,0.060017,0.39717
0.64828,0.33674,0.59505,0.60753
0.27535,0.6199,0.24162,NaN
0.021879,NaN,NaN,0.087246
0.3857,0.61959,NaN,0.602
0.83733,0.34866,0.36457,0.77766
0.52329,0.48935,0.2655,0.80423
0.45673,0.30731,0.40211,0.85938
0.51579,0.58924,0.08268,0.71793
0.37403,0.15602,0.56271,0.68842
NaN,0.77027,0.30581,0.72158
0.58283,0.25598,0.58478,0.65915
0.65243,0.25854,NaN,0.75544
0.31253,0.25993,NaN,0.83093
0.5914,0.84963,0.13808,0.67478
0.51672,0.85157,0.18743,0.55603
0.80004,0.50918,0.24727,0.82387
0.34808,0.96299,0.2311,0.069369
0.61971,0.65761,0.016017,0.43645
0.38121,0.96237,0.36103,0.33192
0.49297,0.8604,NaN,0.15802
0.39912,0.5873,0.53558,0.85832
0.17777,0.64452,0.25646,0.69112
0.28525,0.26705,0.68178,0.69618
0.66125,0.70972,0.1503,0.67031
0.36559,0.62323,0.12827,0.56155
0.49939,0.53798,0.21109,0.7719
0.81237,0.55772,0.25882,0.86467
0.77423,NaN,0.41134,NaN
0.32062,0.16554,0.64963,0.7518
0.33982,0.14294,0.59283,NaN
0.50813,0.53891,0.20009,0.84621
0.92217,0.89632,0.021556,0.38295
0.50853,0.64862,0.03787,0.37625
0.86331,0.52574,0.23667,0.80788
NaN,0.16485,0.62978,0.7679
0.39554,0.14564,0.57703,0.67901
NaN,NaN,0.20733,0.86549
0.32453,0.49075,0.34335,0.88595
0.54519,0.52505,0.19149,0.86467
0.78012,0.78397,0.16226,0.81376
0.69938,0.91591,0.085192,0.40659
0.16651,0.28416,0.71829,0.67961
0.33213,0.65017,0.16669,NaN
0.19293,0.74247,0.25236,0.28019
0.2326,NaN,NaN,0.28348
0.7814,0.81417,0.11797,0.60705
0.5326,0.52002,0.21534,0.7906
0.40755,0.4638,0.32703,0.77531
NaN,0.74456,0.25052,0.82081
0.90475,NaN,0.037612,0.41164
0.38334,0.28997,NaN,NaN
0.57245,0.91003,0.16665,0.41059
0.79663,0.53256,NaN,0.9244
0.17367,0.038249,NaN,0.48477
0.23688,0.20511,NaN,0.81188
0.46817,0.62261,0.15669,NaN
0.35169,0.62841,0.12376,0.55685
0.50601,0.50887,0.22283,0.88819
0.78065,0.89152,0.060275,0.43751
0.45744,0.389,0.40525,0.91405
0.63272,0.50236,0.40824,0.68713
0.67888,0.79566,0.22841,0.61893
0.34045,0.63384,0.18463,0.53039
0.42569,0.5832,0.52558,0.84104
0.55374,0.71003,0.0030241,0.22069
0.75883,0.87836,NaN,0.46467
0.76115,0.62416,0.27329,0.81435
0.53158,0.34866,0.42466,0.68736
0.6927,0.76895,0.20102,0.81235
0.46771,NaN,0.085192,0.52299
0.79866,NaN,0.26609,0.88478
0.72,0.79265,0.18563,0.69689
0.54734,0.9036,0.16123,0.39871
0.4111,0.44367,NaN,0.76637
0.15114,0.64901,0.26336,0.64127
NaN,0.76965,0.22036,0.82187
0.76013,0.63376,0.23749,0.76226
0.72088,0.55563,0.25554,0.85856
0.53158,NaN,0.42466,0.68736
0.32789,0.93248,0.31109,0.46231
0.44789,0.51684,0.23003,0.75626
0.71036,0.93837,NaN,0.37542
0.80602,0.74433,0.12306,0.75944
0.52589,0.86434,0.068874,0.20858
0.59537,0.8446,0.13436,0.70982
0.65334,NaN,0.10029,0.79636
0.72655,0.60124,0.31876,0.80917
0.30399,NaN,NaN,0.68795
0.5216,0.85699,0.06725,0.24785
NaN,0.58211,0.31887,0.83304
0.61945,0.85892,NaN,0.61928
0.37781,NaN,0.31585,NaN
0.44385,0.62044,0.092313,0.66784
0.44675,0.6326,0.097999,NaN
NaN,0.59086,0.56208,0.86232
0.34095,0.59334,0.20755,0.62481
0.62251,0.60124,0.3673,0.79401
0.57303,NaN,0.03392,0.44116
0.39069,0.27797,0.42835,0.79271
0.3473,0.98459,0.35453,0.45668
0.24968,0.53256,0.32877,NaN
0.46892,0.78955,0.24778,0.64503
0.5679,0.79752,NaN,0.69312
NaN,0.69423,0.0064574,0.48301
0.79784,0.43337,0.3339,0.88101
NaN,0.60952,0.26362,NaN
0.39353,0.43469,0.3013,0.85926
0.89664,0.88935,0.06367,0.47137
0.62106,0.81146,0.24022,0.57766
0.29278,NaN,0.20231,0.41681
0.79921,0.53465,NaN,0.87784
0.4783,0.50956,NaN,0.7692
0.345,0.16639,0.63148,0.69912
0.85345,0.57925,0.22549,0.91299
0.71353,0.8525,0.065699,0.47384
0.50676,0.47704,0.18721,0.83633
0.69867,0.33519,0.50148,0.77754
0.52953,0.52187,0.15215,0.82175
0.3371,0.49903,NaN,0.73816
0.53522,0.54193,0.26034,0.73686
0.21781,NaN,0.76857,0.63998
0.6041,0.74433,0.24775,0.82258
0.26896,0.51916,0.25155,0.75038
NaN,0.6923,0.20655,0.303
0.46897,0.32203,0.3759,0.78201
0.50523,0.57243,0.16702,0.70806
0.92179,0.4988,0.24409,0.90242
0.88584,0.90972,0.050346,NaN
0.58454,0.65366,0.048536,NaN
0.51635,0.53,0.1854,0.81623
0.83966,0.7259,0.13624,0.79483
0.31688,NaN,0.17038,NaN
0.24233,0.636,0.19784,0.46808
0.60567,0.67387,0.31965,0.80647
NaN,0.85877,0.12985,0.71041
0.40967,0.91552,0.30104,0.51334
0.94715,NaN,0.17056,0.90958
0.43986,0.51684,0.2173,0.806
0.56276,0.73318,0.27923,0.71852
0.76645,0.39953,0.34874,NaN
0.56955,0.51568,0.51221,0.72899
0.74797,0.54952,0.29581,0.81305
0.31069,0.5324,0.33279,0.79706
0.69175,0.33008,0.50225,NaN
0.43866,0.26419,0.44249,0.80717
0.36682,0.52311,0.28145,0.74356
