0.058022560548049,0.00883895834750675,0.0331367705375083,-0.00971456858115152,-0.0164214428693801,-0.00831453232280184,-0.0121843986524167,-0.00805329941990581,-0.00943111850858074,-0.00649706082142024,-0.00925888620374638,-0.00819135742145364,-0.00652455126092649,-0.0091829074333067,-0.00273615278842988,0.0119707395420583,-0.030623994542569,-0.0226783917174664,-0.0244435535545232,-0.0102759175567369,0.00491852660522225,-0.0201878110438993
0.00883895834750675,0.0561766939744772,-0.00240413681261673,-0.000557308914870107,-0.00307503081878858,-0.00169722315730471,-0.00143461214507521,-0.00155281222607561,0.00372180316374393,0.00324247468801083,0.00482316614126843,0.00166868756469103,0.00201466508168695,0.0049455347166767,0.0021623357896949,-0.00623925786011753,-0.00342590353951758,-0.00769641333110999,-0.00147565109080938,0.014083865814032,0.00686557383748501,0.00315703562218099
0.0331367705375083,-0.00240413681261673,0.0605826018565301,-0.0138572998430278,-0.014842653066167,-0.0117046911741187,-0.012497764991163,-0.0115278349926399,-0.00734836874022639,-0.00567881246293745,-0.00669511997213158,-0.0049207657792078,-0.00723630740402949,-0.0060790766466965,-0.00889762336658505,0.0203034682653844,-0.0358747708226877,0.00833417147690354,-0.0261147441672385,-0.0175372640493628,-0.0143256454578468,-0.0236476391617149
-0.00971456858115152,-0.000557308914870107,-0.0138572998430278,0.0122539906953793,0.0104640509519245,0.0110916869651527,0.0128256221196353,0.0110206935339982,0.0104354778225017,0.00863575280043549,0.0104994741057302,0.00957642402081923,0.00846536409972165,0.0101702513290053,0.00691688091605903,-0.0125501828396181,0.0132570435216744,0.00555018702987466,0.0132967646795307,0.00789862348107991,0.0049594082582886,0.0119907130851131
-0.0164214428693801,-0.00307503081878858,-0.014842653066167,0.0104640509519245,0.0114193648596294,0.0094784732571756,0.0115707623766449,0.00933634217947701,0.00766880973358833,0.00610149244125591,0.00761941784635385,0.00673931718886661,0.00582441421494063,0.00733874397437675,0.00552356495920248,-0.0105917068756725,0.0140269309678613,0.00811648541739665,0.0147625407965845,0.00707172745628797,0.00154369186188159,0.0124809161695684
-0.00831453232280184,-0.00169722315730471,-0.0117046911741187,0.0110916869651527,0.0094784732571756,0.0101709908630074,0.0115231724035424,0.0101015332805419,0.00922175169892681,0.0076694650707542,0.00932800462422596,0.00836680303028831,0.00744896959887244,0.00899933797595327,0.00649375554032743,-0.0106119236252403,0.0114004308514723,0.00463801616517629,0.0110096605254932,0.00602427270765019,0.00406106072744189,0.00997641082319095
-0.0121843986524167,-0.00143461214507521,-0.012497764991163,0.0128256221196353,0.0115707623766449,0.0115231724035424,0.0146673338598964,0.0114308957298622,0.0118690264319068,0.00948872036211902,0.0117909805229518,0.0111647983102983,0.00907831711619627,0.0115152734746776,0.00656017823404008,-0.0129534460418441,0.0117013064067319,0.00992223948540416,0.016096849706067,0.00896665464370141,0.00328907135896087,0.0126726261384316
-0.00805329941990581,-0.00155281222607561,-0.0115278349926399,0.0110206935339982,0.00933634217947701,0.0101015332805419,0.0114308957298622,0.0100386353896536,0.00927144809204935,0.00772215616115422,0.00939104706317407,0.00841656226063387,0.00748511808727713,0.00906431306950969,0.0064715459354766,-0.0105543795870041,0.0114675972938671,0.0045065365387077,0.0108970692577351,0.00600276732875117,0.00395540693220346,0.00984468437377006
-0.00943111850858074,0.00372180316374393,-0.00734836874022639,0.0104354778225017,0.00766880973358833,0.00922175169892681,0.0118690264319068,0.00927144809204935,0.0221833602241106,0.0183412537812498,0.0249924768730783,0.0208961999034647,0.0154240997752271,0.0248214519321473,0.00620429863118268,-0.0185110440018585,0.0188618666772233,0.005713629192619,0.0140424341471351,0.00843244222821088,0.00488193449282688,0.0104689517896519
-0.00649706082142024,0.00324247468801083,-0.00567881246293745,0.00863575280043549,0.00610149244125591,0.0076694650707542,0.00948872036211902,0.00772215616115422,0.0183412537812498,0.0153148784524182,0.0207674829307688,0.0172793740496275,0.0128701058272526,0.020624754792295,0.00548767062299058,-0.0156566041562777,0.0158878758206311,0.00297564228311064,0.0108310787888833,0.00663274022323663,0.00453346704430909,0.00827106390956745
-0.00925888620374638,0.00482316614126843,-0.00669511997213158,0.0104994741057302,0.00761941784635384,0.00932800462422596,0.0117909805229518,0.00939104706317407,0.0249924768730783,0.0207674829307688,0.0288807478449875,0.0232678934410107,0.0168861707582878,0.0286796190716995,0.0064653875465638,-0.0205920076356588,0.0208784932870501,0.00455042095946584,0.0134127522302764,0.00636059363057369,0.00435405812258372,0.0104815813744438
-0.00819135742145364,0.00166868756469103,-0.0049207657792078,0.00957642402081923,0.00673931718886661,0.00836680303028831,0.0111647983102983,0.00841656226063387,0.0208961999034647,0.0172793740496275,0.0232678934410107,0.0203013912700314,0.0148785230627101,0.023218573104264,0.00533812633409623,-0.0179985970332226,0.0160569655460428,0.0057523830857022,0.0133945938005495,0.00847771625856464,0.00591345037733797,0.00967334055800655
-0.00652455126092649,0.00201466508168695,-0.00723630740402949,0.00846536409972165,0.00582441421494063,0.00744896959887244,0.00907831711619628,0.00748511808727713,0.0154240997752271,0.0128701058272526,0.0168861707582878,0.0148785230627101,0.0115862759890181,0.016775457575003,0.00506141940064791,-0.0141117265097118,0.0145243306307472,0.00270087706730717,0.0105228113578958,0.00791638336425644,0.00658467965053702,0.00852867515286172
-0.0091829074333067,0.0049455347166767,-0.0060790766466965,0.0101702513290053,0.00733874397437675,0.00899933797595327,0.0115152734746776,0.00906431306950969,0.0248214519321473,0.020624754792295,0.0286796190716995,0.023218573104264,0.016775457575003,0.0285163595296157,0.0062299006115846,-0.0206026341285515,0.0202348443335676,0.00448751848526766,0.013239316828534,0.00634171225808851,0.00442992941972721,0.0102347370542644
-0.00273615278842988,0.0021623357896949,-0.00889762336658505,0.00691688091605903,0.00552356495920248,0.00649375554032743,0.00656017823404008,0.0064715459354766,0.00620429863118268,0.00548767062299058,0.0064653875465638,0.00533812633409623,0.00506141940064791,0.0062299006115846,0.00636981225489749,-0.0074584323678224,0.00672857215762311,-0.00506653681173887,0.00508437959363793,0.00499490992972273,0.00489114019733442,0.00381813124946258
0.0119707395420583,-0.00623925786011753,0.0203034682653844,-0.0125501828396181,-0.0105917068756725,-0.0106119236252403,-0.0129534460418441,-0.0105543795870041,-0.0185110440018585,-0.0156566041562777,-0.0205920076356588,-0.0179985970332226,-0.0141117265097118,-0.0206026341285515,-0.0074584323678224,0.0275496731276062,-0.0200892564362493,0.0025989568249038,-0.0195349509029507,-0.0120297776170314,-0.0138989519266075,-0.0174483664652089
-0.030623994542569,-0.00342590353951757,-0.0358747708226877,0.0132570435216744,0.0140269309678613,0.0114004308514723,0.0117013064067319,0.0114675972938671,0.0188618666772233,0.0158878758206311,0.0208784932870501,0.0160569655460428,0.0145243306307472,0.0202348443335676,0.00672857215762311,-0.0200892564362493,0.0596532371468825,0.00691618933129759,0.0284884085326249,0.0168593023267976,0.00118002553268398,0.025371627813705
-0.0226783917174664,-0.00769641333110999,0.00833417147690354,0.00555018702987466,0.00811648541739665,0.00463801616517629,0.00992223948540416,0.0045065365387077,0.005713629192619,0.00297564228311064,0.00455042095946584,0.0057523830857022,0.00270087706730717,0.00448751848526766,-0.00506653681173887,0.0025989568249038,0.00691618933129759,0.0523014128141872,0.0180367069067365,0.0102844182519249,-0.0143516656180446,0.0151190990187264
-0.0244435535545232,-0.00147565109080938,-0.0261147441672385,0.0132967646795307,0.0147625407965845,0.0110096605254932,0.016096849706067,0.0108970692577351,0.0140424341471351,0.0108310787888833,0.0134127522302764,0.0133945938005495,0.0105228113578958,0.013239316828534,0.00508437959363793,-0.0195349509029507,0.0284884085326249,0.0180367069067365,0.0333411040400483,0.0234497265107164,0.00411906247018826,0.0240069523610727
-0.0102759175567369,0.014083865814032,-0.0175372640493628,0.00789862348107991,0.00707172745628797,0.00602427270765019,0.00896665464370141,0.00600276732875117,0.00843244222821088,0.00663274022323663,0.00636059363057369,0.00847771625856464,0.00791638336425644,0.00634171225808851,0.00499490992972273,-0.0120297776170314,0.0168593023267976,0.0102844182519249,0.0234497265107164,0.0329856183628997,0.0131100801694183,0.0165593302480346
0.00491852660522225,0.00686557383748501,-0.0143256454578468,0.0049594082582886,0.00154369186188159,0.00406106072744189,0.00328907135896087,0.00395540693220346,0.00488193449282688,0.00453346704430909,0.00435405812258372,0.00591345037733797,0.00658467965053702,0.00442992941972721,0.00489114019733442,-0.0138989519266075,0.00118002553268398,-0.0143516656180446,0.00411906247018826,0.0131100801694183,0.026566146367021,0.00668857781824154
-0.0201878110438993,0.00315703562218099,-0.0236476391617149,0.0119907130851131,0.0124809161695684,0.00997641082319095,0.0126726261384316,0.00984468437377006,0.0104689517896519,0.00827106390956745,0.0104815813744438,0.00967334055800655,0.00852867515286172,0.0102347370542644,0.00381813124946258,-0.0174483664652089,0.0253716278137049,0.0151190990187264,0.0240069523610727,0.0165593302480346,0.00668857781824154,0.0232447060740187
