60.6795075078125
34.9243083832913
33.4160010089855
21.5345979352086
0.176368596491228
42.0338351796792
0.354139224137931
0.291919532258065
51.8443632165309
65.2292105836212
41.1494237300108
56.4269309131417
47.7468076572666
42.9120487140735
56.6601032622104
60.4882953560519
0.374754510204082
0.408697492307692
83.4915269601751
92.7576798707737
102.48757183483
0.631338892857143
91.814456270219
64.4504918660865
71.3797641875405
0.728164807692308
61.5690981445631
0.691030491803279
57.4329129240091
0.585685641509434
63.1967312227243
73.5045113627047
62.1486669878638
59.2759187714857
105.057574949153
76.0138928633399
72.3686930064375
55.9687310723502
70.723257346159
52.1314497788703
43.2472122773916
0.347233603448276
65.6765427914922
56.822349464094
60.6424058283306
50.0970912959826
0.22263837037037
51.1945396738232
0.23197075862069
44.760519049185
25.3659050089817
38.9002761224272
44.1364525203058
0.299203189655172
52.6110080834416
50.1795668152257
51.4184746566874
0.178128175438596
49.6154762335994
23.5207558696308
