8024.9180237036,73.1907706133467,432.931934380791,0,0,0,0,0,0,0,0,0,0,0,0,-1619.39408480718,-352.206131780132,0,0,0,0,0,2198.93627376578,282.059315437101,1055.31857347925,0,0,0,-131.492862975077,0,0,-14.5979551502038,-773.338953679954,979.229584184957,-62.9527578392097,0,894.333044943877,-60.7072472790034,32.5944633367611,0,-497.171299031389,0,833.31494582332,0,0,0,0,0,0,0,0,0,0,-991.796298280357,0,0,848.342265801656,0,-214.68567655429,475.280248347494
73.1907706133467,3774.79404411766,21.5482818562104,0,0,0,0,0,0,0,0,0,0,0,0,-617.962022751292,-1157.40288326127,0,0,0,0,0,-135.40607106967,-107.744916678441,68.8924776212618,0,0,0,-464.681905834762,0,0,-440.150057360036,-8.55874878854778,545.024054734955,-339.80024610669,0,287.804235885698,398.443177636371,228.725489411192,0,-238.134996258814,0,-695.831681331082,0,0,0,0,0,0,0,0,0,0,-261.926117239488,0,0,-373.525938128024,0,-77.6460014366989,-405.885741392336
432.931934380791,21.5482818562104,2578.48445822233,0,0,0,0,0,0,0,0,0,0,0,0,-362.644267470355,-2562.03889302209,0,0,0,0,0,40.1387868098316,341.736159230639,564.585023623725,0,0,0,249.849334564134,0,0,63.4457260620654,651.214430157407,-303.259477208265,1199.71368764851,0,766.883204121684,-323.895830041218,-317.201816851882,0,683.13343238943,0,-19.9724598982812,0,0,0,0,0,0,0,0,0,0,140.827846459285,0,0,885.560961648267,0,23.30298155021,61.2953663292789
0,0,0,0.00814091889130229,0,0,0,0,0,0,0,0,0,0,0,0,0,0,0,0,0,0,0,0,0,0,0,0,0,0,0,0,0,0,0,0,0,0,0,0,0,0,0,0,0,0,0,0,0,0,0,0,0,0,0,0,0,0,0,0
0,0,0,0,0.0107735282278064,0,0,0,0,0,0,0,0,0,0,0,0,0,0,0,0,0,0,0,0,0,0,0,0,0,0,0,0,0,0,0,0,0,0,0,0,0,0,0,0,0,0,0,0,0,0,0,0,0,0,0,0,0,0,0
0,0,0,0,0,0.0197359477223788,0,0,0,0,0,0,0,0,0,0,0,0,0,0,0,0,0,0,0,0,0,0,0,0,0,0,0,0,0,0,0,0,0,0,0,0,0,0,0,0,0,0,0,0,0,0,0,0,0,0,0,0,0,0
0,0,0,0,0,0,0.0195251773274888,0,0,0,0,0,0,0,0,0,0,0,0,0,0,0,0,0,0,0,0,0,0,0,0,0,0,0,0,0,0,0,0,0,0,0,0,0,0,0,0,0,0,0,0,0,0,0,0,0,0,0,0,0
0,0,0,0,0,0,0,0.0308031305266452,0,0,0,0,0,0,0,0,0,0,0,0,0,0,0,0,0,0,0,0,0,0,0,0,0,0,0,0,0,0,0,0,0,0,0,0,0,0,0,0,0,0,0,0,0,0,0,0,0,0,0,0
0,0,0,0,0,0,0,0,0.0243030453960569,0,0,0,0,0,0,0,0,0,0,0,0,0,0,0,0,0,0,0,0,0,0,0,0,0,0,0,0,0,0,0,0,0,0,0,0,0,0,0,0,0,0,0,0,0,0,0,0,0,0,0
0,0,0,0,0,0,0,0,0,0.0420156906473925,0,0,0,0,0,0,0,0,0,0,0,0,0,0,0,0,0,0,0,0,0,0,0,0,0,0,0,0,0,0,0,0,0,0,0,0,0,0,0,0,0,0,0,0,0,0,0,0,0,0
0,0,0,0,0,0,0,0,0,0,0.0313002575116192,0,0,0,0,0,0,0,0,0,0,0,0,0,0,0,0,0,0,0,0,0,0,0,0,0,0,0,0,0,0,0,0,0,0,0,0,0,0,0,0,0,0,0,0,0,0,0,0,0
0,0,0,0,0,0,0,0,0,0,0,0.0349250037174744,0,0,0,0,0,0,0,0,0,0,0,0,0,0,0,0,0,0,0,0,0,0,0,0,0,0,0,0,0,0,0,0,0,0,0,0,0,0,0,0,0,0,0,0,0,0,0,0
0,0,0,0,0,0,0,0,0,0,0,0,0.0269869653155326,0,0,0,0,0,0,0,0,0,0,0,0,0,0,0,0,0,0,0,0,0,0,0,0,0,0,0,0,0,0,0,0,0,0,0,0,0,0,0,0,0,0,0,0,0,0,0
0,0,0,0,0,0,0,0,0,0,0,0,0,0.0195614879710233,0,0,0,0,0,0,0,0,0,0,0,0,0,0,0,0,0,0,0,0,0,0,0,0,0,0,0,0,0,0,0,0,0,0,0,0,0,0,0,0,0,0,0,0,0,0
0,0,0,0,0,0,0,0,0,0,0,0,0,0,0.0409605898618121,0,0,0,0,0,0,0,0,0,0,0,0,0,0,0,0,0,0,0,0,0,0,0,0,0,0,0,0,0,0,0,0,0,0,0,0,0,0,0,0,0,0,0,0,0
-1619.39408480718,-617.962022751292,-362.644267470355,0,0,0,0,0,0,0,0,0,0,0,0,11318.0909082053,627.177396823043,0,0,0,0,0,-1740.1655946199,-1690.35476128963,-1599.98117359292,0,0,0,950.839670388429,0,0,455.64473661972,210.028261301402,-106.803461740655,1115.77788501369,0,-632.566777735481,-285.745945548672,-758.632650317938,0,-1254.82740867422,0,-604.314604434986,0,0,0,0,0,0,0,0,0,0,2639.92526207641,0,0,-443.764905800844,0,-649.647460963872,93.0242495991073
-352.206131780132,-1157.40288326127,-2562.03889302209,0,0,0,0,0,0,0,0,0,0,0,0,627.177396823043,21065.2451550997,0,0,0,0,0,1050.28514930211,1847.40568672919,427.945585005295,0,0,0,-1128.59860412206,0,0,1475.04643205706,-821.54728574227,3027.02731874038,2617.43156910191,0,-20.3860687591335,-397.889023227092,1151.59856576815,0,-346.988739503219,0,278.955680791376,0,0,0,0,0,0,0,0,0,0,-762.419240920266,0,0,-2992.35515331974,0,-312.904695247506,-42.1814121859761
0,0,0,0,0,0,0,0,0,0,0,0,0,0,0,0,0,0.05618718985536,0,0,0,0,0,0,0,0,0,0,0,0,0,0,0,0,0,0,0,0,0,0,0,0,0,0,0,0,0,0,0,0,0,0,0,0,0,0,0,0,0,0
0,0,0,0,0,0,0,0,0,0,0,0,0,0,0,0,0,0,0.0690074785772314,0,0,0,0,0,0,0,0,0,0,0,0,0,0,0,0,0,0,0,0,0,0,0,0,0,0,0,0,0,0,0,0,0,0,0,0,0,0,0,0,0
0,0,0,0,0,0,0,0,0,0,0,0,0,0,0,0,0,0,0,0.0742395971872323,0,0,0,0,0,0,0,0,0,0,0,0,0,0,0,0,0,0,0,0,0,0,0,0,0,0,0,0,0,0,0,0,0,0,0,0,0,0,0,0
0,0,0,0,0,0,0,0,0,0,0,0,0,0,0,0,0,0,0,0,0.0715228351120535,0,0,0,0,0,0,0,0,0,0,0,0,0,0,0,0,0,0,0,0,0,0,0,0,0,0,0,0,0,0,0,0,0,0,0,0,0,0,0
0,0,0,0,0,0,0,0,0,0,0,0,0,0,0,0,0,0,0,0,0,0.0453989589196746,0,0,0,0,0,0,0,0,0,0,0,0,0,0,0,0,0,0,0,0,0,0,0,0,0,0,0,0,0,0,0,0,0,0,0,0,0,0
2198.93627376578,-135.40607106967,40.1387868098316,0,0,0,0,0,0,0,0,0,0,0,0,-1740.1655946199,1050.2851493021,0,0,0,0,0,13063.3143522037,1720.06441263055,-1255.53307996881,0,0,0,-861.017987338895,0,0,-254.672006928957,-13.732373447549,-1106.05573252938,102.918101908248,0,1256.73123426252,744.098545110368,-50.4849031083322,0,1180.38330984971,0,598.348252193549,0,0,0,0,0,0,0,0,0,0,34.6639689612838,0,0,1637.59260824541,0,215.235450121303,-255.220836359294
282.059315437101,-107.744916678441,341.736159230639,0,0,0,0,0,0,0,0,0,0,0,0,-1690.35476128963,1847.40568672919,0,0,0,0,0,1720.06441263055,13406.1457597924,352.252743507889,0,0,0,900.332787263042,0,0,1693.33421212595,77.9974912744525,-278.659676465904,151.632787470795,0,20.6455985907536,-312.330766175544,46.107827958275,0,1921.02527974838,0,2169.81780101735,0,0,0,0,0,0,0,0,0,0,-948.6940547522,0,0,-1139.44722413391,0,-473.931464909307,1040.35653430658
1055.31857347925,68.8924776212618,564.585023623725,0,0,0,0,0,0,0,0,0,0,0,0,-1599.98117359292,427.945585005295,0,0,0,0,0,-1255.53307996881,352.252743507889,13937.7537211399,0,0,0,-282.375258910992,0,0,-269.950207683027,120.111654701198,-362.034177078974,1477.75511164156,0,-622.538079522694,378.383857601089,-1108.98969560355,0,330.362560925248,0,2513.5357673825,0,0,0,0,0,0,0,0,0,0,-267.501268000015,0,0,344.857053942356,0,-1488.41125780664,866.683236461441
0,0,0,0,0,0,0,0,0,0,0,0,0,0,0,0,0,0,0,0,0,0,0,0,0,0.0710326949637879,0,0,0,0,0,0,0,0,0,0,0,0,0,0,0,0,0,0,0,0,0,0,0,0,0,0,0,0,0,0,0,0,0,0
0,0,0,0,0,0,0,0,0,0,0,0,0,0,0,0,0,0,0,0,0,0,0,0,0,0,0.0521092073658687,0,0,0,0,0,0,0,0,0,0,0,0,0,0,0,0,0,0,0,0,0,0,0,0,0,0,0,0,0,0,0,0,0
0,0,0,0,0,0,0,0,0,0,0,0,0,0,0,0,0,0,0,0,0,0,0,0,0,0,0,0.0341589028630621,0,0,0,0,0,0,0,0,0,0,0,0,0,0,0,0,0,0,0,0,0,0,0,0,0,0,0,0,0,0,0,0
-131.492862975077,-464.681905834762,249.849334564134,0,0,0,0,0,0,0,0,0,0,0,0,950.839670388429,-1128.59860412206,0,0,0,0,0,-861.017987338895,900.332787263042,-282.375258910992,0,0,0,9627.79091932448,0,0,-118.657070611151,-669.74234273545,41.6675115897056,657.285446649077,0,706.087664777544,285.916669755094,1028.03103202683,0,720.601476602322,0,-532.144895993964,0,0,0,0,0,0,0,0,0,0,825.936083679136,0,0,660.226746766001,0,1070.66101338118,143.027976881616
0,0,0,0,0,0,0,0,0,0,0,0,0,0,0,0,0,0,0,0,0,0,0,0,0,0,0,0,0,0.0495315359577602,0,0,0,0,0,0,0,0,0,0,0,0,0,0,0,0,0,0,0,0,0,0,0,0,0,0,0,0,0,0
0,0,0,0,0,0,0,0,0,0,0,0,0,0,0,0,0,0,0,0,0,0,0,0,0,0,0,0,0,0,0.03589606759616,0,0,0,0,0,0,0,0,0,0,0,0,0,0,0,0,0,0,0,0,0,0,0,0,0,0,0,0,0
-14.5979551502038,-440.150057360036,63.4457260620654,0,0,0,0,0,0,0,0,0,0,0,0,455.64473661972,1475.04643205706,0,0,0,0,0,-254.672006928957,1693.33421212595,-269.950207683027,0,0,0,-118.657070611151,0,0,8881.20230003344,1265.64361735569,-1416.50775600643,-1156.27636490504,0,-1132.19890655507,1443.01518605638,26.8106187127767,0,-694.793142522379,0,406.895480687427,0,0,0,0,0,0,0,0,0,0,-1447.24791063134,0,0,-1224.1762353276,0,-144.164504430844,325.740958567376
-773.338953679954,-8.55874878854778,651.214430157407,0,0,0,0,0,0,0,0,0,0,0,0,210.028261301402,-821.54728574227,0,0,0,0,0,-13.732373447549,77.9974912744525,120.111654701198,0,0,0,-669.74234273545,0,0,1265.64361735569,10572.2025285834,1708.60111049967,-297.43975353782,0,-814.44105058639,-1600.48923034746,-398.156061624366,0,93.6531224345047,0,-710.207383946434,0,0,0,0,0,0,0,0,0,0,182.565645293206,0,0,-38.7186638654871,0,316.77614411283,506.965057223717
979.229584184957,545.024054734955,-303.259477208265,0,0,0,0,0,0,0,0,0,0,0,0,-106.803461740655,3027.02731874038,0,0,0,0,0,-1106.05573252938,-278.659676465904,-362.034177078974,0,0,0,41.6675115897056,0,0,-1416.50775600643,1708.60111049967,15771.6008854058,-1621.92440608593,0,-1521.24329524831,-2427.30594192072,1850.55610827953,0,-885.160208290251,0,-680.823930660289,0,0,0,0,0,0,0,0,0,0,-659.564326650028,0,0,-452.491038694013,0,-221.995389696751,741.241775981756
-62.9527578392097,-339.80024610669,1199.71368764851,0,0,0,0,0,0,0,0,0,0,0,0,1115.77788501369,2617.43156910191,0,0,0,0,0,102.918101908248,151.632787470795,1477.75511164156,0,0,0,657.285446649077,0,0,-1156.27636490504,-297.439753537821,-1621.92440608593,17752.4210649755,0,2853.58104495532,-110.908572896116,-836.469700232652,0,1155.74307165175,0,497.183646792657,0,0,0,0,0,0,0,0,0,0,-826.047557429043,0,0,972.864078440444,0,-351.874582751997,-131.26839674132
0,0,0,0,0,0,0,0,0,0,0,0,0,0,0,0,0,0,0,0,0,0,0,0,0,0,0,0,0,0,0,0,0,0,0,0.0782949432594219,0,0,0,0,0,0,0,0,0,0,0,0,0,0,0,0,0,0,0,0,0,0,0,0
894.333044943877,287.804235885698,766.883204121684,0,0,0,0,0,0,0,0,0,0,0,0,-632.566777735481,-20.3860687591335,0,0,0,0,0,1256.73123426252,20.6455985907536,-622.538079522694,0,0,0,706.087664777544,0,0,-1132.19890655507,-814.44105058639,-1521.24329524831,2853.58104495532,0,15776.6257662736,877.108856338534,-286.948382970125,0,1379.81901220787,0,-804.335334970592,0,0,0,0,0,0,0,0,0,0,1220.26514466524,0,0,780.921996204881,0,296.788901352846,506.257519149931
-60.7072472790034,398.443177636371,-323.895830041218,0,0,0,0,0,0,0,0,0,0,0,0,-285.745945548672,-397.889023227092,0,0,0,0,0,744.098545110368,-312.330766175544,378.383857601089,0,0,0,285.916669755094,0,0,1443.01518605638,-1600.48923034746,-2427.30594192072,-110.908572896116,0,877.108856338534,11526.4626726946,411.051825387346,0,-773.980872153895,0,883.161077241325,0,0,0,0,0,0,0,0,0,0,770.58407801597,0,0,312.744877374712,0,65.5794009193137,-939.417662819477
32.5944633367611,228.725489411192,-317.201816851882,0,0,0,0,0,0,0,0,0,0,0,0,-758.632650317938,1151.59856576815,0,0,0,0,0,-50.4849031083322,46.107827958275,-1108.98969560355,0,0,0,1028.03103202683,0,0,26.8106187127767,-398.156061624366,1850.55610827953,-836.469700232652,0,-286.948382970125,411.051825387346,7145.24030213368,0,-53.6044916546562,0,384.392993351003,0,0,0,0,0,0,0,0,0,0,-276.320034260684,0,0,-141.467708936733,0,1321.28640682465,-359.21482122675
0,0,0,0,0,0,0,0,0,0,0,0,0,0,0,0,0,0,0,0,0,0,0,0,0,0,0,0,0,0,0,0,0,0,0,0,0,0,0,0.0394150501840238,0,0,0,0,0,0,0,0,0,0,0,0,0,0,0,0,0,0,0,0
-497.171299031389,-238.134996258814,683.13343238943,0,0,0,0,0,0,0,0,0,0,0,0,-1254.82740867422,-346.988739503219,0,0,0,0,0,1180.38330984971,1921.02527974838,330.362560925248,0,0,0,720.601476602322,0,0,-694.793142522379,93.6531224345047,-885.160208290251,1155.74307165175,0,1379.81901220787,-773.980872153896,-53.6044916546562,0,8587.4431979117,0,-51.5081418354582,0,0,0,0,0,0,0,0,0,0,665.696539322422,0,0,1260.39039419487,0,-555.039953967259,-812.544589822086
0,0,0,0,0,0,0,0,0,0,0,0,0,0,0,0,0,0,0,0,0,0,0,0,0,0,0,0,0,0,0,0,0,0,0,0,0,0,0,0,0,0.0346816187261992,0,0,0,0,0,0,0,0,0,0,0,0,0,0,0,0,0,0
833.31494582332,-695.831681331082,-19.9724598982812,0,0,0,0,0,0,0,0,0,0,0,0,-604.314604434986,278.955680791376,0,0,0,0,0,598.348252193549,2169.81780101735,2513.5357673825,0,0,0,-532.144895993964,0,0,406.895480687427,-710.207383946434,-680.823930660289,497.183646792657,0,-804.335334970592,883.161077241325,384.392993351003,0,-51.5081418354582,0,6772.30118506995,0,0,0,0,0,0,0,0,0,0,-525.203578146057,0,0,1218.51962212991,0,-196.058597135246,437.987877731433
0,0,0,0,0,0,0,0,0,0,0,0,0,0,0,0,0,0,0,0,0,0,0,0,0,0,0,0,0,0,0,0,0,0,0,0,0,0,0,0,0,0,0,0.0350239409110031,0,0,0,0,0,0,0,0,0,0,0,0,0,0,0,0
0,0,0,0,0,0,0,0,0,0,0,0,0,0,0,0,0,0,0,0,0,0,0,0,0,0,0,0,0,0,0,0,0,0,0,0,0,0,0,0,0,0,0,0,0.0527303238095123,0,0,0,0,0,0,0,0,0,0,0,0,0,0,0
0,0,0,0,0,0,0,0,0,0,0,0,0,0,0,0,0,0,0,0,0,0,0,0,0,0,0,0,0,0,0,0,0,0,0,0,0,0,0,0,0,0,0,0,0,0.0295839256098673,0,0,0,0,0,0,0,0,0,0,0,0,0,0
0,0,0,0,0,0,0,0,0,0,0,0,0,0,0,0,0,0,0,0,0,0,0,0,0,0,0,0,0,0,0,0,0,0,0,0,0,0,0,0,0,0,0,0,0,0,0.0222541528052677,0,0,0,0,0,0,0,0,0,0,0,0,0
0,0,0,0,0,0,0,0,0,0,0,0,0,0,0,0,0,0,0,0,0,0,0,0,0,0,0,0,0,0,0,0,0,0,0,0,0,0,0,0,0,0,0,0,0,0,0,0.0486783663066099,0,0,0,0,0,0,0,0,0,0,0,0
0,0,0,0,0,0,0,0,0,0,0,0,0,0,0,0,0,0,0,0,0,0,0,0,0,0,0,0,0,0,0,0,0,0,0,0,0,0,0,0,0,0,0,0,0,0,0,0,0.0282650345606106,0,0,0,0,0,0,0,0,0,0,0
0,0,0,0,0,0,0,0,0,0,0,0,0,0,0,0,0,0,0,0,0,0,0,0,0,0,0,0,0,0,0,0,0,0,0,0,0,0,0,0,0,0,0,0,0,0,0,0,0,0.0268532997339813,0,0,0,0,0,0,0,0,0,0
0,0,0,0,0,0,0,0,0,0,0,0,0,0,0,0,0,0,0,0,0,0,0,0,0,0,0,0,0,0,0,0,0,0,0,0,0,0,0,0,0,0,0,0,0,0,0,0,0,0,0.00389191511885,0,0,0,0,0,0,0,0,0
0,0,0,0,0,0,0,0,0,0,0,0,0,0,0,0,0,0,0,0,0,0,0,0,0,0,0,0,0,0,0,0,0,0,0,0,0,0,0,0,0,0,0,0,0,0,0,0,0,0,0,0.012371964082643,0,0,0,0,0,0,0,0
0,0,0,0,0,0,0,0,0,0,0,0,0,0,0,0,0,0,0,0,0,0,0,0,0,0,0,0,0,0,0,0,0,0,0,0,0,0,0,0,0,0,0,0,0,0,0,0,0,0,0,0,0.0218510155844566,0,0,0,0,0,0,0
-991.796298280357,-261.926117239488,140.827846459285,0,0,0,0,0,0,0,0,0,0,0,0,2639.92526207641,-762.419240920266,0,0,0,0,0,34.6639689612838,-948.6940547522,-267.501268000015,0,0,0,825.936083679136,0,0,-1447.24791063134,182.565645293206,-659.564326650028,-826.047557429043,0,1220.26514466524,770.58407801597,-276.320034260684,0,665.696539322422,0,-525.203578146057,0,0,0,0,0,0,0,0,0,0,8541.18208645303,0,0,1031.40358206738,0,1179.19668088522,81.4262821268266
0,0,0,0,0,0,0,0,0,0,0,0,0,0,0,0,0,0,0,0,0,0,0,0,0,0,0,0,0,0,0,0,0,0,0,0,0,0,0,0,0,0,0,0,0,0,0,0,0,0,0,0,0,0,0.0158105579381046,0,0,0,0,0
0,0,0,0,0,0,0,0,0,0,0,0,0,0,0,0,0,0,0,0,0,0,0,0,0,0,0,0,0,0,0,0,0,0,0,0,0,0,0,0,0,0,0,0,0,0,0,0,0,0,0,0,0,0,0,0.0106118987635838,0,0,0,0
848.342265801656,-373.525938128024,885.560961648267,0,0,0,0,0,0,0,0,0,0,0,0,-443.764905800844,-2992.35515331974,0,0,0,0,0,1637.59260824541,-1139.44722413391,344.857053942356,0,0,0,660.226746766001,0,0,-1224.1762353276,-38.7186638654871,-452.491038694013,972.864078440444,0,780.921996204881,312.744877374712,-141.467708936733,0,1260.39039419487,0,1218.51962212991,0,0,0,0,0,0,0,0,0,0,1031.40358206738,0,0,10384.5012377786,0,595.2832288075,-475.803809136965
0,0,0,0,0,0,0,0,0,0,0,0,0,0,0,0,0,0,0,0,0,0,0,0,0,0,0,0,0,0,0,0,0,0,0,0,0,0,0,0,0,0,0,0,0,0,0,0,0,0,0,0,0,0,0,0,0,0.0170896606558163,0,0
-214.68567655429,-77.6460014366989,23.30298155021,0,0,0,0,0,0,0,0,0,0,0,0,-649.647460963871,-312.904695247506,0,0,0,0,0,215.235450121303,-473.931464909307,-1488.41125780664,0,0,0,1070.66101338118,0,0,-144.164504430844,316.77614411283,-221.995389696751,-351.874582751997,0,296.788901352846,65.5794009193137,1321.28640682465,0,-555.039953967259,0,-196.058597135246,0,0,0,0,0,0,0,0,0,0,1179.19668088522,0,0,595.2832288075,0,4168.69838912436,-144.46833501004
475.280248347494,-405.885741392336,61.2953663292789,0,0,0,0,0,0,0,0,0,0,0,0,93.0242495991073,-42.1814121859761,0,0,0,0,0,-255.220836359294,1040.35653430658,866.683236461441,0,0,0,143.027976881616,0,0,325.740958567376,506.965057223717,741.241775981756,-131.26839674132,0,506.257519149931,-939.417662819477,-359.21482122675,0,-812.544589822086,0,437.987877731433,0,0,0,0,0,0,0,0,0,0,81.4262821268266,0,0,-475.803809136965,0,-144.46833501004,1986.8917434435
