NaN,NaN,NaN,0.401779359430605,NaN,NaN,NaN,NaN
NaN,NaN,NaN,NaN,NaN,0.482166446499339,0.345,NaN
0.545454545454546,0.546296296296296,NaN,NaN,NaN,NaN,0.229,NaN
NaN,0.814814814814815,NaN,0.428291814946619,NaN,0.30779392338177,NaN,0.230769230769231
NaN,NaN,NaN,0.515124555160142,0.439757003037462,0.410171730515192,0.4065,NaN
0.787878787878788,0.777777777777778,NaN,NaN,NaN,NaN,NaN,NaN
0.674242424242424,0.731481481481481,NaN,0.39626334519573,0.291596355045562,0.334214002642008,0.355,NaN
0.689393939393939,NaN,NaN,0.356405693950178,NaN,0.293923381770145,0.315,NaN
NaN,0.703703703703704,NaN,0.393772241992883,NaN,NaN,NaN,NaN
NaN,0.5,0.0941704035874439,0.163167259786477,0.128585892676342,0.136723910171731,0.1495,0.269230769230769
NaN,NaN,0.139013452914798,0.547330960854093,0.531893351333108,0.456406869220608,NaN,NaN
0.636363636363636,NaN,NaN,NaN,0.261896726290921,NaN,NaN,NaN
0.696969696969697,NaN,0.15695067264574,0.47846975088968,0.353695578805265,0.309775429326288,0.465,0.576923076923077
NaN,NaN,NaN,NaN,NaN,NaN,0.4655,NaN
NaN,NaN,NaN,0.538256227758007,0.461356733040837,0.395640686922061,NaN,0.307692307692308
NaN,NaN,NaN,0.520284697508897,NaN,0.364597093791281,0.401,NaN
NaN,NaN,0.152466367713004,NaN,NaN,NaN,NaN,NaN
NaN,0.5,0.116591928251121,NaN,0.156598042524468,NaN,NaN,0.192307692307692
0.545454545454546,0.583333333333333,0.112107623318386,NaN,NaN,NaN,NaN,NaN
NaN,0.703703703703704,NaN,NaN,0.303408707391158,0.233817701453104,0.228,NaN
0.712121212121212,NaN,NaN,0.426334519572954,NaN,NaN,NaN,NaN
NaN,NaN,NaN,0.31797153024911,0.291258859264259,NaN,0.215,0.192307692307692
0.598484848484849,0.564814814814815,0.143497757847534,NaN,NaN,0.303170409511229,NaN,0.461538461538462
NaN,NaN,NaN,NaN,NaN,0.221928665785997,0.2,0.269230769230769
NaN,NaN,0.139013452914798,NaN,0.270671616604792,0.251651254953765,NaN,0.153846153846154
NaN,NaN,0.139013452914798,0.39661921708185,0.292946338170773,NaN,0.33,NaN
0.560606060606061,NaN,0.112107623318386,NaN,NaN,NaN,0.1685,NaN
NaN,0.398148148148148,0.0852017937219731,NaN,NaN,NaN,NaN,0.346153846153846
0.818181818181818,0.805555555555556,NaN,0.55373665480427,NaN,0.502642007926024,NaN,0.384615384615385
NaN,0.62037037037037,NaN,0.310498220640569,0.272359095511306,NaN,NaN,0.192307692307692
NaN,NaN,0.116591928251121,NaN,NaN,0.217965653896962,0.24,NaN
NaN,NaN,NaN,0.428825622775801,0.33209584880189,NaN,NaN,NaN
0.651515151515151,NaN,NaN,0.441637010676157,0.289233884576443,0.262879788639366,0.32,NaN
NaN,0.694444444444444,0.121076233183857,0.380071174377224,0.353695578805265,0.301188903566711,0.271,0.192307692307692
0.643939393939394,NaN,NaN,NaN,0.24198447519406,0.224570673712021,0.2235,NaN
0.734848484848485,NaN,NaN,NaN,NaN,0.382430647291942,NaN,NaN
NaN,0.490740740740741,0.112107623318386,NaN,0.125210934863314,NaN,0.2,NaN
0.734848484848485,NaN,0.15695067264574,0.568505338078292,NaN,NaN,NaN,NaN
0.75,NaN,NaN,NaN,NaN,NaN,0.3225,NaN
NaN,0.537037037037037,NaN,0.256583629893238,0.19507256159298,0.239101717305152,NaN,NaN
NaN,0.722222222222222,0.152466367713004,0.458362989323843,0.295646304421195,NaN,NaN,NaN
NaN,0.564814814814815,0.134529147982063,NaN,NaN,0.178335535006605,NaN,0.384615384615385
0.727272727272727,0.722222222222222,0.147982062780269,NaN,NaN,0.301849405548217,NaN,0.230769230769231
0.674242424242424,NaN,NaN,0.320640569395018,NaN,0.255614266842801,NaN,NaN
NaN,NaN,0.10762331838565,0.170106761565836,NaN,0.107661822985469,0.165,0.346153846153846
NaN,NaN,NaN,0.343238434163701,0.170097873776578,0.269484808454425,NaN,0.576923076923077
NaN,0.398148148148148,0.0896860986547085,0.117437722419929,0.0904488693891326,0.0970937912813738,NaN,0.230769230769231
NaN,NaN,0.116591928251121,NaN,0.233547080661492,0.239762219286658,NaN,0.230769230769231
0.560606060606061,NaN,NaN,0.270106761565836,0.276409044886939,NaN,0.175,NaN
NaN,0.62962962962963,0.10762331838565,0.28932384341637,NaN,0.214663143989432,0.231,0.269230769230769
0.689393939393939,0.712962962962963,NaN,0.404804270462633,NaN,NaN,0.24,NaN
0.636363636363636,NaN,0.143497757847534,0.3855871886121,0.315221059736753,0.262879788639366,NaN,NaN
0.484848484848485,0.5,NaN,NaN,NaN,NaN,0.182,0.307692307692308
0.659090909090909,NaN,0.112107623318386,NaN,NaN,0.343461030383091,0.258,NaN
NaN,NaN,0.143497757847534,0.481316725978648,0.34323320958488,NaN,NaN,NaN
0.659090909090909,0.722222222222222,NaN,NaN,0.30374620317246,0.316380449141347,NaN,0.461538461538462
NaN,0.611111111111111,NaN,NaN,0.231859601754978,0.209379128137384,NaN,NaN
0.515151515151515,NaN,NaN,NaN,0.222072224097199,0.166446499339498,NaN,NaN
0.378787878787879,NaN,NaN,NaN,0.088761390482619,0.0726552179656539,0.09,0.384615384615385
NaN,NaN,0.134529147982063,0.285053380782918,0.164360445494431,0.249009247027741,NaN,0.769230769230769
0.795454545454546,NaN,0.161434977578475,0.628825622775801,0.371245359433007,0.42338177014531,NaN,0.307692307692308
NaN,NaN,NaN,NaN,NaN,0.499339498018494,NaN,0.307692307692308
0.765151515151515,0.768518518518518,0.130044843049327,0.448932384341637,0.331420857239284,0.417437252311757,0.389,0.384615384615385
0.606060606060606,NaN,NaN,0.263167259786477,NaN,NaN,0.255,0.346153846153846
NaN,NaN,NaN,NaN,0.602092473844077,0.581902245706737,0.4485,0.307692307692308
0.674242424242424,NaN,NaN,NaN,NaN,NaN,0.352,NaN
0.916666666666667,0.861111111111111,NaN,0.645373665480427,NaN,0.505944517833554,NaN,0.423076923076923
NaN,NaN,0.116591928251121,0.314590747330961,0.308808639892001,0.230515191545575,0.229,0.230769230769231
NaN,NaN,NaN,NaN,NaN,NaN,NaN,0.153846153846154
NaN,0.62962962962963,NaN,0.367259786476868,NaN,NaN,0.38,0.576923076923077
NaN,0.638888888888889,0.121076233183857,0.366014234875445,NaN,0.287318361955086,NaN,NaN
0.568181818181818,NaN,NaN,0.294306049822064,0.181235234559568,NaN,NaN,0.653846153846154
NaN,NaN,NaN,NaN,NaN,NaN,NaN,NaN
NaN,NaN,0.161434977578475,NaN,0.396220047249409,NaN,NaN,NaN
0.704545454545455,NaN,NaN,0.466192170818505,0.446844414444819,NaN,0.33,0.346153846153846
0.0303030303030303,0.0277777777777778,NaN,NaN,0.0020249746878164,0.00396301188903567,NaN,NaN
NaN,0.574074074074074,0.125560538116592,0.362455516014235,NaN,NaN,NaN,NaN
0.712121212121212,0.694444444444444,NaN,0.412455516014235,NaN,NaN,0.415,0.538461538461539
NaN,NaN,0.170403587443946,NaN,0.496118798515019,NaN,0.575,NaN
0.628787878787879,0.611111111111111,NaN,NaN,0.317921025987175,NaN,0.265,NaN
0.53030303030303,0.472222222222222,0.0896860986547085,0.179893238434164,0.164360445494431,NaN,0.145,NaN
NaN,NaN,0.134529147982063,NaN,0.289233884576443,0.272126816380449,NaN,NaN
NaN,0.731481481481481,NaN,0.474555160142349,0.399595005062437,NaN,0.355,0.230769230769231
0.628787878787879,NaN,0.130044843049327,NaN,NaN,NaN,0.295,0.269230769230769
NaN,NaN,NaN,0.565302491103203,NaN,0.558124174372523,NaN,NaN
NaN,NaN,0.112107623318386,0.159074733096085,NaN,NaN,0.145,NaN
0.613636363636364,0.583333333333333,0.10762331838565,0.296619217081851,NaN,0.287978863936592,0.2595,NaN
NaN,NaN,NaN,0.147864768683274,NaN,0.137384412153236,0.17,0.230769230769231
NaN,NaN,0.161434977578475,0.648398576512455,NaN,0.473579920739762,0.548,NaN
0.643939393939394,0.648148148148148,0.121076233183857,0.348754448398577,0.28518393520081,NaN,NaN,NaN
NaN,NaN,NaN,NaN,0.403982450219372,0.354029062087186,0.323,NaN
0.613636363636364,0.62962962962963,0.116591928251121,NaN,NaN,0.272787318361955,NaN,NaN
0.71969696969697,0.722222222222222,NaN,NaN,NaN,0.392338177014531,NaN,NaN
NaN,NaN,NaN,NaN,0.0658116773540331,0.0587846763540291,NaN,0.307692307692308
0.416666666666667,NaN,0.103139013452915,NaN,NaN,NaN,NaN,0.230769230769231
NaN,NaN,NaN,NaN,0.221059736753291,0.204095112285337,0.165,0.307692307692308
NaN,NaN,0.143497757847534,0.416192170818505,0.315558555518056,NaN,0.375,NaN
NaN,0.398148148148148,0.0986547085201794,NaN,0.11609854876814,0.144649933949802,NaN,0.230769230769231
NaN,0.722222222222222,0.143497757847534,0.402313167259786,NaN,NaN,NaN,0.384615384615385
0.318181818181818,NaN,NaN,NaN,NaN,0.0640686922060766,NaN,NaN
NaN,NaN,NaN,0.191637010676157,NaN,NaN,0.145,NaN
NaN,NaN,0.0986547085201794,NaN,NaN,NaN,0.16,0.307692307692308
NaN,0.851851851851852,NaN,NaN,NaN,NaN,0.645,NaN
0.234848484848485,NaN,0.0717488789237668,NaN,NaN,NaN,NaN,0.153846153846154
NaN,NaN,0.0941704035874439,0.205871886120996,NaN,0.141347424042272,0.1325,0.153846153846154
0.704545454545455,0.685185185185185,NaN,NaN,0.375970300371245,0.319022457067371,0.276,NaN
NaN,NaN,NaN,0.0612099644128114,NaN,NaN,0.055,NaN
NaN,0.611111111111111,0.10762331838565,0.289857651245552,0.260884238947013,0.225231175693527,NaN,0.230769230769231
NaN,0.861111111111111,NaN,NaN,NaN,0.439894319682959,NaN,NaN
0.856060606060606,0.861111111111111,0.161434977578475,0.759786476868328,NaN,NaN,0.58,NaN
0.704545454545455,NaN,0.134529147982063,NaN,NaN,0.33223249669749,0.31,NaN
0.765151515151515,0.75,NaN,0.507473309608541,NaN,0.465653896961691,0.33,NaN
0.765151515151515,NaN,0.147982062780269,NaN,0.388120148498144,0.499339498018494,NaN,NaN
NaN,0.546296296296296,0.121076233183857,NaN,NaN,NaN,0.235,0.153846153846154
NaN,NaN,0.134529147982063,NaN,NaN,0.387054161162483,NaN,0.269230769230769
NaN,NaN,NaN,0.684163701067616,NaN,0.633421400264201,NaN,NaN
0.886363636363636,NaN,NaN,0.748576512455516,NaN,0.680977542932629,0.477,0.346153846153846
NaN,NaN,NaN,NaN,0.098886263921701,NaN,NaN,0.269230769230769
NaN,NaN,0.0717488789237668,NaN,NaN,NaN,0.085,0.230769230769231
NaN,NaN,NaN,NaN,0.391832602092474,NaN,NaN,NaN
NaN,NaN,0.152466367713004,NaN,0.227809652379345,NaN,NaN,0.461538461538462
0.378787878787879,NaN,NaN,0.107829181494662,NaN,0.11558784676354,0.09,NaN
0.522727272727273,0.5,0.125560538116592,0.227580071174377,NaN,NaN,0.2,NaN
NaN,0.537037037037037,0.134529147982063,0.299288256227758,0.180897738778265,0.261558784676354,0.205,NaN
0.636363636363636,NaN,0.10762331838565,0.317259786476868,NaN,0.256274768824306,0.255,0.230769230769231
0.833333333333333,NaN,NaN,0.780960854092527,0.74316571042862,NaN,0.507,NaN
NaN,NaN,NaN,NaN,0.415119811002363,NaN,0.4485,NaN
NaN,0.759259259259259,NaN,NaN,NaN,NaN,0.395,0.384615384615385
NaN,NaN,NaN,0.663523131672598,0.609517381032737,0.507265521796565,0.483,NaN
0.628787878787879,NaN,0.143497757847534,NaN,NaN,0.215984147952444,NaN,NaN
NaN,NaN,NaN,0.780960854092527,0.907526155923051,0.541611624834874,NaN,0.384615384615385
0.666666666666667,NaN,0.116591928251121,0.347153024911032,0.267971650354371,0.194848084544254,0.335,0.5
NaN,0.777777777777778,0.161434977578475,NaN,0.378332770840364,0.357331571994716,0.405,NaN
NaN,NaN,0.121076233183857,0.344306049822064,0.297671279109011,0.307133421400264,NaN,0.230769230769231
0.712121212121212,NaN,NaN,NaN,0.448531893351333,NaN,0.3335,0.269230769230769
0.651515151515151,0.657407407407407,0.15695067264574,NaN,0.2591967600405,NaN,NaN,0.538461538461539
0.742424242424243,NaN,0.15695067264574,0.479537366548043,NaN,0.474240422721268,0.355,NaN
NaN,NaN,NaN,NaN,0.27033412082349,NaN,NaN,0.230769230769231
NaN,NaN,NaN,0.305693950177936,0.248734390820115,0.250990752972259,NaN,0.346153846153846
NaN,NaN,NaN,0.577758007117438,NaN,NaN,0.455,NaN
NaN,NaN,0.0762331838565023,0.0756227758007118,NaN,0.0852047556142669,0.076,0.269230769230769
0.772727272727273,NaN,NaN,NaN,0.384070199122511,0.508586525759577,0.475,NaN
NaN,0.564814814814815,0.116591928251121,NaN,0.285858926763415,NaN,NaN,NaN
0.553030303030303,0.490740740740741,0.10762331838565,NaN,0.144785690178873,0.150594451783355,NaN,NaN
0.651515151515151,NaN,0.0941704035874439,0.330782918149466,0.272359095511306,NaN,NaN,0.423076923076923
NaN,NaN,0.143497757847534,0.577402135231317,NaN,0.491413474240423,0.433,NaN
NaN,0.5,NaN,NaN,0.112723590955113,NaN,NaN,0.153846153846154
NaN,NaN,0.10762331838565,NaN,0.193385082686466,NaN,NaN,0.307692307692308
NaN,NaN,0.103139013452915,0.234341637010676,0.209247384407695,NaN,0.1735,NaN
0.568181818181818,NaN,0.103139013452915,0.244306049822064,NaN,NaN,NaN,0.230769230769231
0.727272727272727,NaN,0.170403587443946,0.522597864768683,NaN,NaN,0.425,NaN
NaN,NaN,0.0538116591928251,0.0322064056939502,0.0236247046911914,NaN,0.03,NaN
NaN,0.824074074074074,0.139013452914798,0.517615658362989,0.358420519743503,NaN,NaN,NaN
NaN,0.675925925925926,NaN,NaN,0.392845089436382,NaN,0.3125,NaN
0.712121212121212,NaN,0.143497757847534,NaN,0.298346270671617,NaN,0.3545,NaN
NaN,NaN,NaN,0.0681494661921708,0.0479244009449882,0.0535006605019815,NaN,NaN
0.75,0.768518518518518,0.15695067264574,0.487366548042705,0.594667566655417,NaN,0.4,0.307692307692308
0.871212121212121,0.898148148148148,NaN,NaN,NaN,0.549537648612946,0.892,0.538461538461539
NaN,0.638888888888889,0.125560538116592,NaN,NaN,0.290620871862616,NaN,NaN
NaN,0.759259259259259,NaN,NaN,0.399595005062437,NaN,0.3775,0.269230769230769
0.681818181818182,NaN,NaN,0.387188612099644,0.279784002699966,NaN,0.32,NaN
0.613636363636364,NaN,0.103139013452915,NaN,0.15929800877489,NaN,NaN,0.269230769230769
NaN,0.490740740740741,NaN,NaN,0.145798177522781,NaN,NaN,0.5
NaN,NaN,NaN,NaN,NaN,0.188243064729194,0.275,NaN
NaN,0.657407407407407,NaN,NaN,NaN,0.305812417437252,0.31,0.307692307692308
0.628787878787879,NaN,NaN,NaN,0.286871414107324,0.249009247027741,NaN,NaN
NaN,NaN,0.130044843049327,NaN,NaN,0.285336856010568,0.29,0.384615384615385
NaN,0.601851851851852,0.134529147982063,NaN,NaN,0.312417437252312,0.23,NaN
0.825757575757576,NaN,0.152466367713004,NaN,0.501856226797165,0.529062087186262,NaN,0.307692307692308
NaN,0.75,0.147982062780269,0.650889679715303,0.658116773540331,NaN,NaN,0.384615384615385
0.212121212121212,NaN,0.062780269058296,0.0389679715302491,NaN,0.0336856010568032,NaN,NaN
0.477272727272727,0.444444444444444,NaN,0.17864768683274,0.121835977050287,0.159180977542933,NaN,NaN
0.5,0.518518518518518,0.10762331838565,NaN,0.164360445494431,0.173712021136063,0.1585,0.192307692307692
0.878787878787879,NaN,0.152466367713004,NaN,0.638204522443469,NaN,NaN,NaN
0.757575757575758,0.814814814814815,NaN,NaN,NaN,NaN,0.36,0.269230769230769
0.484848484848485,0.462962962962963,NaN,0.177224199288256,0.158285521430982,NaN,NaN,NaN
0.43939393939394,0.425925925925926,NaN,NaN,0.12588592642592,0.132760898282695,NaN,0.230769230769231
NaN,0.759259259259259,NaN,NaN,NaN,0.374504623513871,0.295,NaN
NaN,0.425925925925926,NaN,0.154982206405694,0.122510968612892,0.110964332892999,NaN,0.269230769230769
0.522727272727273,NaN,NaN,0.19982206405694,NaN,NaN,NaN,NaN
0.431818181818182,0.425925925925926,0.0807174887892377,NaN,NaN,NaN,0.16,NaN
0.651515151515151,0.62962962962963,NaN,NaN,0.268984137698279,NaN,NaN,0.192307692307692
NaN,0.444444444444444,0.0986547085201794,0.138078291814947,0.113736078299021,0.0792602377807133,0.124,0.230769230769231
NaN,0.527777777777778,0.134529147982063,0.272775800711744,NaN,0.181638044914135,NaN,NaN
NaN,NaN,0.125560538116592,0.344839857651246,0.293958825514681,NaN,NaN,NaN
NaN,0.388888888888889,NaN,0.102313167259786,0.0857239284508944,0.0752972258916777,NaN,NaN
0.477272727272727,NaN,NaN,0.204270462633452,0.182247721903476,0.154557463672391,NaN,0.192307692307692
0.659090909090909,0.666666666666667,0.139013452914798,0.314768683274021,NaN,0.247688243064729,NaN,NaN
NaN,NaN,0.165919282511211,NaN,NaN,0.553500660501982,NaN,0.307692307692308
0.295454545454545,0.277777777777778,0.0672645739910314,0.0638790035587189,NaN,NaN,0.0605,0.230769230769231
0.393939393939394,0.388888888888889,NaN,NaN,0.0776240296996288,NaN,0.099,NaN
NaN,NaN,NaN,0.306405693950178,NaN,NaN,NaN,NaN
NaN,NaN,NaN,0.180249110320285,NaN,NaN,0.14,0.269230769230769
NaN,NaN,0.134529147982063,0.370284697508897,0.287883901451232,0.285997357992074,0.352,NaN
NaN,NaN,NaN,NaN,0.267296658791765,NaN,0.26,0.230769230769231
0.583333333333333,NaN,0.125560538116592,0.324733096085409,0.261559230509619,NaN,NaN,0.307692307692308
NaN,NaN,0.0986547085201794,0.180071174377224,NaN,0.150594451783355,NaN,NaN
NaN,NaN,NaN,NaN,0.26662166722916,NaN,0.24,NaN
0.75,0.768518518518518,NaN,NaN,NaN,0.482826948480845,NaN,0.307692307692308
0.704545454545455,0.685185185185185,0.134529147982063,NaN,NaN,0.336195508586526,0.3,0.269230769230769
0.704545454545455,NaN,0.116591928251121,NaN,NaN,0.285997357992074,0.275,NaN
0.53030303030303,NaN,NaN,0.293950177935943,0.178872764090449,NaN,NaN,NaN
0.696969696969697,NaN,NaN,0.47135231316726,0.35437057036787,NaN,0.405,0.346153846153846
NaN,NaN,NaN,0.387010676156584,0.282483968950388,0.263540290620872,NaN,NaN
0.621212121212121,NaN,NaN,0.393772241992883,0.260884238947013,0.260237780713342,0.37,NaN
NaN,NaN,0.130044843049327,0.352491103202847,NaN,0.292602377807133,0.2785,0.230769230769231
NaN,0.601851851851852,NaN,NaN,0.282483968950388,NaN,0.2375,NaN
NaN,0.240740740740741,NaN,NaN,NaN,NaN,NaN,0.115384615384615
0.53030303030303,0.490740740740741,NaN,0.196619217081851,0.152548093148836,0.193527080581242,NaN,0.346153846153846
0.674242424242424,0.648148148148148,0.139013452914798,0.414590747330961,0.303408707391158,0.441215323645971,NaN,NaN
0.666666666666667,0.657407407407407,0.125560538116592,NaN,0.309146135673304,NaN,NaN,0.346153846153846
0.553030303030303,0.537037037037037,0.0941704035874439,0.200889679715302,NaN,NaN,0.18,0.192307692307692
0.636363636363636,0.601851851851852,0.10762331838565,NaN,NaN,NaN,0.234,NaN
0.651515151515151,0.638888888888889,0.134529147982063,NaN,NaN,NaN,NaN,NaN
0.484848484848485,NaN,0.10762331838565,0.205160142348754,NaN,NaN,0.195,NaN
0.590909090909091,0.611111111111111,0.10762331838565,0.32135231316726,NaN,0.26221928665786,NaN,NaN
0.689393939393939,NaN,NaN,0.304982206405694,0.258184272696591,NaN,NaN,NaN
NaN,0.537037037037037,NaN,0.304804270462633,NaN,0.209379128137384,0.1935,0.230769230769231
NaN,0.583333333333333,0.0941704035874439,NaN,0.194397570030375,NaN,0.19,0.269230769230769
0.553030303030303,NaN,NaN,NaN,0.158623017212285,0.225231175693527,0.205,0.346153846153846
NaN,NaN,NaN,0.44626334519573,0.340870739115761,0.349405548216645,NaN,0.346153846153846
NaN,NaN,NaN,NaN,0.252446844414445,0.227212681638045,0.405,0.615384615384615
0.568181818181818,NaN,NaN,0.257651245551601,NaN,0.180317040951123,0.2595,0.538461538461539
NaN,NaN,0.121076233183857,NaN,0.260884238947013,0.276089828269485,NaN,NaN
0.348484848484849,0.361111111111111,NaN,0.112455516014235,0.0877489031387108,NaN,NaN,NaN
0.727272727272727,0.694444444444444,NaN,NaN,NaN,0.256935270805812,0.345,0.307692307692308
0.446969696969697,0.416666666666667,0.0807174887892377,NaN,0.121498481268984,NaN,NaN,NaN
NaN,0.712962962962963,NaN,0.409252669039146,NaN,0.275429326287979,0.1575,NaN
0.696969696969697,NaN,NaN,NaN,NaN,0.369881109643329,0.2635,NaN
0.757575757575758,NaN,NaN,NaN,0.319271009112386,NaN,NaN,NaN
NaN,0.398148148148148,NaN,0.147686832740214,0.146473169085386,NaN,0.1105,0.192307692307692
0.636363636363636,0.537037037037037,0.125560538116592,0.326334519572954,NaN,NaN,NaN,0.538461538461539
0.613636363636364,0.62037037037037,NaN,0.315836298932384,NaN,NaN,0.29,NaN
NaN,0.675925925925926,NaN,0.397153024911032,NaN,0.355350066050198,0.304,0.269230769230769
NaN,NaN,NaN,NaN,NaN,NaN,NaN,0.230769230769231
0.704545454545455,NaN,0.143497757847534,NaN,NaN,0.330250990752972,NaN,NaN
NaN,0.287037037037037,NaN,NaN,NaN,0.0501981505944518,NaN,NaN
NaN,NaN,0.116591928251121,NaN,NaN,0.189564068692206,NaN,0.346153846153846
NaN,0.333333333333333,0.0582959641255605,NaN,NaN,NaN,NaN,NaN
0.757575757575758,NaN,0.134529147982063,0.44644128113879,0.402969962875464,0.342140026420079,NaN,NaN
NaN,NaN,0.143497757847534,0.447508896797153,0.376307796152548,NaN,NaN,0.230769230769231
0.53030303030303,NaN,0.130044843049327,0.237722419928826,0.178535268309146,0.187582562747688,NaN,0.269230769230769
NaN,0.712962962962963,0.121076233183857,NaN,0.321295983800202,0.315719947159841,NaN,0.307692307692308
NaN,NaN,0.10762331838565,NaN,NaN,0.272787318361955,0.26,NaN
0.825757575757576,NaN,0.143497757847534,NaN,0.438744515693554,0.390356671070013,0.37,0.346153846153846
0.568181818181818,NaN,0.121076233183857,0.290391459074733,NaN,0.243064729194188,NaN,NaN
NaN,0.25,0.0538116591928251,NaN,0.0350995612554843,NaN,NaN,NaN
NaN,NaN,0.143497757847534,NaN,NaN,0.322324966974901,0.36,0.307692307692308
NaN,NaN,0.152466367713004,NaN,NaN,0.277410832232497,0.28,NaN
NaN,0.685185185185185,0.143497757847534,NaN,NaN,NaN,NaN,0.576923076923077
NaN,NaN,0.125560538116592,NaN,0.272696591292609,NaN,0.405,NaN
0.666666666666667,NaN,NaN,NaN,NaN,0.293923381770145,0.222,NaN
0.78030303030303,0.722222222222222,NaN,NaN,0.411407357408032,0.508586525759577,0.41,0.269230769230769
NaN,NaN,0.143497757847534,0.377402135231317,NaN,NaN,NaN,0.230769230769231
NaN,NaN,0.174887892376682,NaN,0.411407357408032,NaN,NaN,NaN
0.583333333333333,NaN,NaN,NaN,NaN,0.188243064729194,0.2185,NaN
0.674242424242424,NaN,NaN,0.379003558718861,NaN,0.292602377807133,NaN,0.230769230769231
0.689393939393939,0.694444444444444,0.134529147982063,0.381316725978648,NaN,0.302509907529723,NaN,NaN
NaN,NaN,0.143497757847534,NaN,0.259534255821802,0.281373844121532,0.415,0.461538461538462
NaN,0.555555555555555,0.0986547085201794,NaN,NaN,0.169749009247028,NaN,NaN
0.787878787878788,NaN,NaN,NaN,0.37158285521431,0.445838837516513,NaN,0.307692307692308
NaN,0.777777777777778,NaN,0.473487544483986,NaN,0.35336856010568,NaN,0.307692307692308
NaN,NaN,NaN,0.423309608540925,0.344920688491394,0.406208718626156,0.3415,0.269230769230769
NaN,0.666666666666667,NaN,NaN,0.376982787715154,NaN,0.3035,0.307692307692308
0.674242424242424,NaN,NaN,NaN,0.280796490043874,NaN,0.27,NaN
NaN,0.259259259259259,0.0672645739910314,NaN,NaN,NaN,NaN,0.115384615384615
0.643939393939394,NaN,NaN,0.354982206405694,NaN,0.281373844121532,0.355,0.423076923076923
NaN,0.833333333333333,NaN,NaN,NaN,0.682298546895641,0.5605,0.307692307692308
NaN,NaN,NaN,0.430960854092527,0.326358420519744,NaN,0.2825,NaN
0.606060606060606,0.638888888888889,NaN,NaN,NaN,0.297225891677675,0.288,NaN
0.659090909090909,0.657407407407407,0.130044843049327,NaN,NaN,NaN,NaN,0.384615384615385
0.537878787878788,0.564814814814815,0.116591928251121,0.261743772241993,0.218022274721566,NaN,NaN,0.192307692307692
0.696969696969697,0.722222222222222,0.134529147982063,0.413167259786477,0.325008437394533,0.318361955085865,NaN,NaN
NaN,NaN,0.188340807174888,0.415658362989324,0.250759365507931,0.352708058124174,0.39,NaN
0.681818181818182,NaN,NaN,NaN,NaN,NaN,0.2535,NaN
NaN,0.398148148148148,NaN,NaN,NaN,NaN,NaN,NaN
NaN,0.768518518518518,0.179372197309417,0.555516014234876,NaN,NaN,0.66,NaN
0.553030303030303,0.509259259259259,0.134529147982063,0.275978647686833,0.248734390820115,NaN,NaN,NaN
0.636363636363636,0.648148148148148,0.134529147982063,NaN,NaN,0.252972258916777,0.231,0.269230769230769
0.666666666666667,NaN,0.116591928251121,0.33576512455516,NaN,NaN,0.2485,NaN
NaN,0.398148148148148,0.0852017937219731,0.120996441281139,0.09753628079649,0.0792602377807133,NaN,NaN
NaN,0.509259259259259,NaN,0.166192170818505,0.137360782990213,NaN,NaN,0.269230769230769
0.431818181818182,0.453703703703704,NaN,0.1644128113879,0.0847114411069862,NaN,NaN,NaN
NaN,0.824074074074074,0.161434977578475,NaN,NaN,NaN,0.49,NaN
NaN,0.62962962962963,NaN,0.3355871886121,0.297333783327708,NaN,NaN,NaN
0.712121212121212,0.722222222222222,NaN,0.481672597864769,0.392170097873777,0.284676354029062,NaN,0.538461538461539
0.371212121212121,NaN,NaN,NaN,0.0951738103273709,0.0878467635402906,NaN,0.269230769230769
NaN,NaN,0.134529147982063,0.493772241992883,0.384070199122511,0.328269484808454,NaN,NaN
0.303030303030303,NaN,NaN,0.0660142348754448,NaN,NaN,NaN,0.192307692307692
0.257575757575758,0.277777777777778,NaN,NaN,0.0529868376645292,NaN,0.057,0.153846153846154
0.613636363636364,0.583333333333333,0.10762331838565,NaN,NaN,0.26221928665786,NaN,NaN
NaN,NaN,0.147982062780269,0.279003558718861,0.222409719878502,0.24108322324967,0.232,0.192307692307692
0.583333333333333,0.574074074074074,0.125560538116592,0.25729537366548,NaN,0.196829590488771,0.21,NaN
0.674242424242424,NaN,0.116591928251121,0.270640569395018,0.234897063786703,NaN,0.234,NaN
0.674242424242424,0.62962962962963,0.121076233183857,0.337010676156584,NaN,NaN,0.2725,NaN
0.727272727272727,0.787037037037037,NaN,0.436476868327402,NaN,0.322985468956407,0.385,0.423076923076923
0.742424242424243,0.722222222222222,0.121076233183857,0.406939501779359,NaN,0.439233817701453,0.305,0.230769230769231
NaN,0.731481481481481,0.152466367713004,NaN,0.688153898076274,0.558124174372523,NaN,NaN
0.560606060606061,0.583333333333333,0.112107623318386,0.305338078291815,0.279446506918664,0.236459709379128,0.2175,NaN
NaN,NaN,0.15695067264574,0.537900355871886,NaN,NaN,NaN,0.346153846153846
0.636363636363636,NaN,NaN,0.277580071174377,NaN,0.250330250990753,NaN,NaN
0.757575757575758,NaN,0.143497757847534,0.549110320284698,0.487343908201148,NaN,0.38,0.307692307692308
0.75,NaN,NaN,NaN,NaN,0.300528401585205,NaN,NaN
0.492424242424242,NaN,NaN,NaN,0.194397570030375,0.145310435931308,0.17,0.192307692307692
0.659090909090909,NaN,0.125560538116592,0.340213523131673,0.246034424569693,NaN,0.275,0.307692307692308
0.5,0.481481481481481,0.112107623318386,0.198220640569395,0.13331083361458,0.182959048877147,0.17,0.269230769230769
NaN,0.675925925925926,0.143497757847534,0.500889679715303,0.276071549105636,NaN,NaN,NaN
0.621212121212121,0.62037037037037,NaN,NaN,0.269659129260884,0.208058124174373,NaN,0.230769230769231
0.712121212121212,0.722222222222222,0.143497757847534,NaN,0.307121160985488,NaN,0.3,NaN
NaN,0.787037037037037,0.165919282511211,0.631850533807829,NaN,NaN,NaN,0.461538461538462
0.712121212121212,0.703703703703704,0.125560538116592,0.424555160142349,NaN,0.21003963011889,NaN,NaN
0.560606060606061,NaN,0.0986547085201794,NaN,0.219372257846777,NaN,0.1725,0.346153846153846
0.689393939393939,NaN,0.201793721973094,0.578825622775801,NaN,NaN,0.685,NaN
0.689393939393939,NaN,0.15695067264574,NaN,NaN,0.400264200792602,NaN,0.461538461538462
NaN,NaN,NaN,0.538612099644128,NaN,NaN,NaN,NaN
0.621212121212121,NaN,0.125560538116592,0.323487544483986,0.268984137698279,NaN,0.25,0.307692307692308
NaN,NaN,NaN,0.224377224199288,NaN,0.176354029062087,0.167,NaN
NaN,0.462962962962963,0.130044843049327,0.19626334519573,0.113061086736416,NaN,0.22,NaN
NaN,0.731481481481481,NaN,NaN,0.321970975362808,0.429326287978864,NaN,0.346153846153846
0.825757575757576,NaN,0.183856502242152,NaN,0.432332095848802,NaN,0.45,NaN
NaN,NaN,NaN,NaN,NaN,NaN,0.2995,NaN
0.893939393939394,0.87962962962963,NaN,NaN,NaN,NaN,0.5805,NaN
NaN,0.546296296296296,NaN,0.250711743772242,NaN,0.249009247027741,0.195,NaN
0.590909090909091,0.611111111111111,NaN,NaN,0.242659466756666,0.311756935270806,NaN,0.192307692307692
NaN,NaN,0.0762331838565023,0.163701067615658,0.10867364157948,NaN,0.18,0.269230769230769
0.674242424242424,NaN,NaN,0.326334519572954,NaN,NaN,0.243,NaN
NaN,0.638888888888889,0.121076233183857,0.335943060498221,0.30374620317246,NaN,NaN,NaN
0.689393939393939,0.694444444444444,NaN,NaN,NaN,NaN,0.355,0.346153846153846
NaN,0.546296296296296,NaN,0.263345195729537,0.249071886601417,0.201453104359313,NaN,NaN
NaN,0.805555555555556,0.152466367713004,0.46423487544484,0.353695578805265,NaN,0.45,NaN
0.628787878787879,0.601851851851852,NaN,NaN,0.26054674316571,NaN,NaN,NaN
0.727272727272727,0.740740740740741,NaN,0.405871886120996,0.284508943638205,0.3778071334214,0.31,NaN
0.454545454545455,0.462962962962963,NaN,NaN,0.134660816739791,NaN,0.12,NaN
NaN,NaN,NaN,0.294661921708185,0.287546405669929,NaN,0.1765,0.230769230769231
0.348484848484849,0.305555555555556,NaN,NaN,0.0614242321970975,0.105019815059445,0.08,NaN
NaN,0.675925925925926,0.130044843049327,0.465836298932384,0.458994262571718,0.303830911492735,NaN,NaN
0.742424242424243,0.703703703703704,0.15695067264574,NaN,NaN,0.466974900924703,0.34,NaN
NaN,0.583333333333333,0.134529147982063,NaN,NaN,0.293262879788639,NaN,NaN
0.689393939393939,NaN,0.139013452914798,0.399110320284698,0.306446169422882,NaN,NaN,NaN
0.340909090909091,NaN,NaN,0.22491103202847,NaN,NaN,NaN,NaN
0.71969696969697,0.694444444444444,NaN,0.437010676156584,NaN,0.399603698811096,NaN,0.692307692307692
NaN,0.814814814814815,0.165919282511211,NaN,0.422882213972325,NaN,NaN,0.384615384615385
NaN,0.638888888888889,NaN,NaN,0.311846101923726,NaN,0.29,0.307692307692308
NaN,0.62962962962963,NaN,NaN,NaN,0.250990752972259,NaN,NaN
0.727272727272727,NaN,0.139013452914798,0.444128113879004,0.341208234897064,0.421400264200793,0.35,NaN
NaN,0.62962962962963,0.0986547085201794,NaN,0.234897063786703,0.270145310435931,NaN,NaN
0.71969696969697,NaN,0.139013452914798,0.427046263345196,NaN,NaN,NaN,NaN
NaN,NaN,0.125560538116592,0.477580071174377,NaN,0.398282694848085,0.4435,NaN
NaN,0.592592592592593,0.112107623318386,NaN,0.188322645966925,0.206737120211361,NaN,NaN
NaN,0.490740740740741,NaN,0.200355871886121,0.182922713466082,0.108322324966975,NaN,0.269230769230769
0.272727272727273,NaN,NaN,NaN,NaN,NaN,0.065,0.230769230769231
NaN,0.564814814814815,NaN,0.252135231316726,0.205197435032062,0.217305151915456,NaN,0.269230769230769
NaN,0.722222222222222,NaN,NaN,NaN,NaN,NaN,NaN
NaN,0.601851851851852,NaN,0.261209964412811,NaN,NaN,NaN,NaN
NaN,0.546296296296296,NaN,0.324377224199288,0.171110361120486,0.184280052840158,NaN,0.5
NaN,0.527777777777778,0.10762331838565,0.352846975088968,0.314208572392845,0.325627476882431,NaN,NaN
NaN,NaN,NaN,NaN,NaN,0.208718626155878,0.185,NaN
0.621212121212121,0.611111111111111,NaN,0.30338078291815,NaN,NaN,0.255,NaN
0.674242424242424,NaN,0.170403587443946,0.412989323843416,NaN,0.375825627476882,NaN,0.230769230769231
NaN,0.611111111111111,NaN,NaN,NaN,NaN,0.255,0.269230769230769
NaN,0.601851851851852,0.112107623318386,NaN,0.316233547080661,NaN,0.2045,NaN
NaN,0.62962962962963,0.130044843049327,NaN,NaN,0.278731836195509,0.296,0.230769230769231
NaN,0.425925925925926,NaN,0.170640569395018,NaN,0.150594451783355,0.18,0.269230769230769
0.659090909090909,NaN,0.130044843049327,NaN,0.295983800202497,0.341479524438573,0.2515,NaN
0.742424242424243,NaN,0.125560538116592,0.428825622775801,0.410394870064124,NaN,NaN,NaN
0.560606060606061,0.592592592592593,NaN,NaN,0.24940938238272,NaN,0.2465,0.5
0.454545454545455,NaN,NaN,0.205871886120996,NaN,0.149273447820343,NaN,0.192307692307692
NaN,0.62962962962963,NaN,0.258185053380783,NaN,0.18560105680317,0.2615,NaN
NaN,NaN,NaN,0.708540925266904,NaN,NaN,0.59,NaN
NaN,NaN,0.121076233183857,0.305693950177936,0.274384070199122,0.247688243064729,0.243,0.230769230769231
NaN,NaN,0.0941704035874439,0.203914590747331,NaN,0.169088507265522,NaN,NaN
NaN,NaN,0.139013452914798,NaN,0.247721903476207,0.285336856010568,0.245,NaN
0.416666666666667,NaN,NaN,0.13576512455516,NaN,NaN,0.0985,0.153846153846154
0.454545454545455,NaN,NaN,NaN,NaN,0.16116248348745,NaN,NaN
0.477272727272727,0.490740740740741,NaN,0.192526690391459,NaN,0.157199471598415,NaN,NaN
0.492424242424242,0.481481481481481,NaN,0.223309608540925,NaN,0.148612945838838,0.13,0.192307692307692
0.71969696969697,0.685185185185185,NaN,NaN,0.403307458656767,0.354029062087186,0.345,0.192307692307692
NaN,NaN,NaN,NaN,NaN,0.215323645970938,0.26,0.192307692307692
NaN,0.592592592592593,0.125560538116592,NaN,0.217347283158961,0.219286657859974,0.24,NaN
0.71969696969697,NaN,0.125560538116592,0.397508896797153,0.393182585217685,0.274768824306473,0.282,0.192307692307692
0.643939393939394,0.648148148148148,0.125560538116592,NaN,NaN,NaN,NaN,0.269230769230769
0.386363636363636,NaN,NaN,0.108718861209964,NaN,NaN,0.09,NaN
NaN,0.453703703703704,0.0941704035874439,0.154448398576512,0.115086061424232,NaN,NaN,0.230769230769231
0.689393939393939,NaN,0.130044843049327,NaN,NaN,NaN,0.379,NaN
NaN,0.490740740740741,NaN,NaN,0.182247721903476,0.188243064729194,0.13,0.192307692307692
0.560606060606061,0.574074074074074,NaN,0.263523131672598,0.180897738778265,NaN,NaN,NaN
NaN,NaN,NaN,NaN,NaN,NaN,NaN,0.153846153846154
0.666666666666667,NaN,NaN,0.413879003558719,NaN,NaN,NaN,0.269230769230769
NaN,0.574074074074074,0.0986547085201794,NaN,0.167735403307459,NaN,NaN,NaN
0.636363636363636,0.685185185185185,0.121076233183857,NaN,0.28147148160648,NaN,NaN,0.192307692307692
0.643939393939394,0.685185185185185,NaN,NaN,NaN,0.352708058124174,NaN,NaN
NaN,NaN,NaN,NaN,0.365507931150861,NaN,NaN,0.576923076923077
0.575757575757576,0.601851851851852,NaN,NaN,0.230172122848464,NaN,0.189,0.230769230769231
NaN,NaN,0.161434977578475,NaN,0.44076949038137,NaN,NaN,NaN
NaN,0.722222222222222,NaN,NaN,NaN,NaN,0.425,NaN
NaN,NaN,0.147982062780269,0.586832740213523,NaN,0.458388375165125,0.4475,NaN
NaN,NaN,NaN,0.235231316725979,0.19136010799865,0.204755614266843,0.215,0.230769230769231
NaN,NaN,NaN,0.511921708185053,NaN,NaN,0.385,NaN
NaN,0.851851851851852,NaN,NaN,NaN,0.634081902245707,0.72,0.423076923076923
NaN,NaN,NaN,NaN,NaN,NaN,NaN,0.192307692307692
0.856060606060606,0.861111111111111,NaN,NaN,NaN,NaN,NaN,NaN
0.674242424242424,NaN,NaN,NaN,NaN,0.349405548216645,NaN,0.576923076923077
0.681818181818182,NaN,NaN,NaN,NaN,NaN,NaN,NaN
NaN,0.722222222222222,0.152466367713004,0.507473309608541,NaN,NaN,0.336,NaN
NaN,0.722222222222222,NaN,0.470818505338078,NaN,0.391017173051519,NaN,NaN
NaN,NaN,NaN,NaN,NaN,NaN,0.215,0.192307692307692
0.484848484848485,NaN,0.0896860986547085,NaN,0.126560917988525,0.188243064729194,0.12,0.384615384615385
0.363636363636364,0.342592592592593,0.0717488789237668,NaN,NaN,0.0673712021136063,0.075,NaN
NaN,NaN,NaN,NaN,NaN,NaN,NaN,0.192307692307692
0.659090909090909,0.611111111111111,NaN,0.338256227758007,NaN,0.279392338177015,NaN,NaN
NaN,0.444444444444444,NaN,0.123131672597865,NaN,NaN,0.112,0.192307692307692
0.674242424242424,NaN,NaN,0.39661921708185,NaN,NaN,NaN,0.230769230769231
NaN,NaN,NaN,0.883807829181495,0.62099223759703,NaN,NaN,0.538461538461539
NaN,NaN,NaN,0.434163701067616,NaN,0.403566710700132,NaN,NaN
NaN,NaN,0.112107623318386,NaN,0.209247384407695,NaN,NaN,NaN
NaN,0.296296296296296,0.0672645739910314,0.0638790035587189,NaN,0.0561426684280053,0.054,0.230769230769231
NaN,NaN,0.152466367713004,NaN,NaN,0.453764861294584,0.3205,0.307692307692308
0.522727272727273,NaN,NaN,NaN,NaN,NaN,0.205,NaN
NaN,0.925925925925926,NaN,0.887188612099644,0.827202159973,NaN,NaN,NaN
NaN,0.638888888888889,0.152466367713004,0.405871886120996,0.368545393182585,NaN,0.29,NaN
0.409090909090909,NaN,0.0717488789237668,0.129181494661922,NaN,NaN,NaN,0.153846153846154
NaN,NaN,NaN,0.274733096085409,NaN,NaN,0.195,0.192307692307692
NaN,NaN,NaN,0.278113879003559,NaN,0.247027741083223,0.2375,NaN
0.825757575757576,0.814814814814815,0.161434977578475,0.572597864768683,NaN,0.45442536327609,NaN,NaN
0.333333333333333,0.333333333333333,0.0896860986547085,0.0907473309608541,0.0583867701653729,0.083223249669749,NaN,NaN
NaN,NaN,NaN,NaN,0.218359770502869,0.317040951122853,0.205,0.384615384615385
NaN,NaN,NaN,0.326690391459075,NaN,0.237120211360634,0.23,NaN
0.696969696969697,0.685185185185185,0.143497757847534,NaN,0.296658791765103,NaN,NaN,0.230769230769231
NaN,NaN,NaN,0.528113879003559,NaN,NaN,NaN,0.307692307692308
0.590909090909091,0.574074074074074,NaN,0.341281138790036,NaN,0.225891677675033,NaN,0.384615384615385
NaN,NaN,NaN,NaN,0.295308808639892,NaN,0.27,NaN
0.575757575757576,NaN,0.0986547085201794,0.25711743772242,0.235234559568005,0.246367239101717,NaN,0.192307692307692
0.553030303030303,0.583333333333333,NaN,0.283807829181495,NaN,0.26221928665786,NaN,0.269230769230769
0.734848484848485,0.722222222222222,0.139013452914798,0.393060498220641,0.330070874114074,0.345442536327609,NaN,0.346153846153846
0.515151515151515,NaN,NaN,NaN,0.173135335808302,NaN,NaN,NaN
0.71969696969697,0.675925925925926,NaN,0.350533807829182,NaN,NaN,NaN,0.269230769230769
NaN,NaN,0.0986547085201794,0.201423487544484,0.168747890651367,NaN,0.165,NaN
NaN,NaN,0.161434977578475,NaN,NaN,NaN,NaN,NaN
0.901515151515152,0.935185185185185,0.170403587443946,NaN,0.549780627742153,NaN,NaN,0.346153846153846
0.295454545454545,NaN,NaN,0.0674377224199288,0.0458994262571718,0.0574636723910172,NaN,NaN
0.492424242424242,NaN,NaN,0.208540925266904,NaN,NaN,NaN,0.153846153846154
NaN,NaN,0.0493273542600897,NaN,0.0182247721903476,NaN,NaN,0.0769230769230769
NaN,NaN,0.121076233183857,NaN,NaN,NaN,0.28,0.346153846153846
NaN,NaN,NaN,0.13220640569395,NaN,NaN,NaN,NaN
NaN,0.805555555555556,0.152466367713004,NaN,NaN,0.410171730515192,NaN,NaN
0.696969696969697,0.666666666666667,0.125560538116592,0.42153024911032,NaN,NaN,0.287,0.192307692307692
0.636363636363636,0.601851851851852,NaN,NaN,0.266284171447857,0.248348745046235,0.217,NaN
NaN,NaN,NaN,NaN,0.28889638879514,NaN,NaN,0.615384615384615
0.636363636363636,NaN,0.134529147982063,NaN,NaN,0.231836195508587,NaN,0.384615384615385
NaN,NaN,NaN,0.314056939501779,0.258521768477894,NaN,NaN,NaN
NaN,0.657407407407407,0.112107623318386,0.317615658362989,NaN,0.209379128137384,0.31,0.384615384615385
0.689393939393939,NaN,NaN,0.392526690391459,NaN,0.385072655217966,NaN,0.269230769230769
NaN,0.768518518518518,NaN,NaN,NaN,0.503963011889036,NaN,0.307692307692308
NaN,0.685185185185185,0.130044843049327,NaN,NaN,0.33883751651255,0.325,0.192307692307692
0.795454545454546,0.787037037037037,0.152466367713004,NaN,NaN,0.420739762219287,0.493,0.346153846153846
NaN,0.462962962962963,NaN,0.15355871886121,NaN,NaN,NaN,0.230769230769231
NaN,NaN,0.0896860986547085,0.200177935943061,0.124535943300709,0.186922060766182,NaN,NaN
NaN,0.740740740740741,NaN,0.523487544483986,0.430644616942288,0.387054161162483,0.42,0.346153846153846
0.696969696969697,NaN,0.134529147982063,NaN,NaN,0.285997357992074,NaN,NaN
NaN,0.814814814814815,NaN,0.646619217081851,0.555855551805602,NaN,NaN,0.307692307692308
NaN,NaN,NaN,NaN,0.121160985487681,NaN,0.205,NaN
NaN,0.333333333333333,NaN,0.0859430604982206,NaN,NaN,0.08,0.269230769230769
NaN,NaN,0.0941704035874439,0.151957295373665,0.125210934863314,NaN,NaN,0.192307692307692
0.598484848484849,NaN,NaN,NaN,0.208572392845089,NaN,NaN,NaN
0.590909090909091,NaN,0.116591928251121,0.32846975088968,0.244346945663179,NaN,NaN,NaN
0.446969696969697,0.435185185185185,NaN,0.140925266903915,0.117111036112049,0.144649933949802,NaN,0.153846153846154
0.583333333333333,NaN,0.112107623318386,NaN,0.244684441444482,NaN,NaN,0.307692307692308
NaN,NaN,NaN,NaN,0.193385082686466,0.210700132100396,0.265,NaN
0.636363636363636,NaN,0.0762331838565023,NaN,0.286533918326021,0.289299867899604,NaN,0.346153846153846
0.659090909090909,0.703703703703704,0.10762331838565,0.353202846975089,NaN,0.292602377807133,NaN,0.307692307692308
0.689393939393939,NaN,NaN,NaN,0.271684103948701,NaN,0.317,0.230769230769231
NaN,0.787037037037037,0.143497757847534,0.534519572953737,NaN,NaN,NaN,0.346153846153846
NaN,NaN,NaN,0.226334519572954,NaN,0.215984147952444,NaN,NaN
NaN,NaN,0.134529147982063,NaN,0.216672291596355,NaN,0.251,0.346153846153846
0.856060606060606,0.861111111111111,NaN,0.76779359430605,0.637867026662167,NaN,NaN,0.346153846153846
0.674242424242424,NaN,0.130044843049327,0.397686832740214,NaN,0.377146631439894,0.293,NaN
NaN,0.768518518518518,0.152466367713004,0.442526690391459,0.324333445831927,0.288639365918098,NaN,NaN
0.71969696969697,NaN,0.130044843049327,0.436832740213523,0.416132298346271,0.359313077939234,0.295,NaN
0.272727272727273,NaN,NaN,NaN,NaN,NaN,0.055,0.153846153846154
0.803030303030303,NaN,0.143497757847534,0.603024911032028,0.361120485993925,NaN,0.575,0.5
NaN,0.666666666666667,NaN,NaN,0.252784340195748,NaN,0.2625,0.269230769230769
NaN,0.675925925925926,0.139013452914798,0.381672597864769,NaN,0.322985468956407,NaN,NaN
NaN,NaN,NaN,0.161921708185053,NaN,0.113606340819022,0.1335,0.192307692307692
NaN,0.509259259259259,0.10762331838565,NaN,0.130610867364158,0.157859973579921,0.255,NaN
NaN,0.740740740740741,NaN,0.563167259786477,0.436719541005737,0.370541611624835,NaN,0.461538461538462
0.386363636363636,0.361111111111111,0.0762331838565023,NaN,NaN,NaN,0.105,0.307692307692308
0.446969696969697,0.453703703703704,NaN,0.164590747330961,0.117111036112049,NaN,0.15,NaN
NaN,NaN,NaN,0.0736654804270463,0.0583867701653729,NaN,NaN,NaN
NaN,NaN,NaN,0.440213523131673,NaN,0.399603698811096,0.338,NaN
NaN,NaN,NaN,NaN,0.34323320958488,NaN,0.17,NaN
NaN,NaN,0.165919282511211,NaN,0.466081673979075,NaN,0.59,NaN
0.598484848484849,0.592592592592593,NaN,0.282918149466192,NaN,NaN,NaN,0.230769230769231
NaN,0.851851851851852,NaN,NaN,0.610867364157948,0.560105680317041,0.441,NaN
NaN,0.537037037037037,0.10762331838565,0.248576512455516,NaN,NaN,NaN,0.269230769230769
NaN,NaN,NaN,NaN,NaN,0.241743725231176,NaN,0.346153846153846
NaN,NaN,0.116591928251121,0.21423487544484,NaN,0.138705416116248,NaN,NaN
NaN,NaN,NaN,NaN,0.0506243671954101,0.071994715984148,NaN,0.192307692307692
NaN,0.703703703703704,NaN,0.385943060498221,0.336483293958826,NaN,NaN,0.230769230769231
NaN,NaN,0.125560538116592,0.379003558718861,0.346608167397908,0.247027741083223,0.315,0.230769230769231
0.287878787878788,NaN,NaN,NaN,NaN,NaN,0.049,NaN
0.833333333333333,NaN,NaN,NaN,NaN,0.488110964332893,NaN,NaN
0.757575757575758,NaN,0.143497757847534,0.474199288256228,NaN,0.340158520475561,NaN,0.269230769230769
0.507575757575758,NaN,0.103139013452915,NaN,NaN,0.169749009247028,NaN,NaN
NaN,0.638888888888889,0.10762331838565,0.251601423487545,0.194735065811677,NaN,NaN,0.230769230769231
NaN,NaN,NaN,0.120996441281139,0.0941613229834627,NaN,NaN,0.230769230769231
NaN,NaN,0.0807174887892377,0.212277580071174,NaN,0.194187582562748,0.19,0.384615384615385
NaN,NaN,0.130044843049327,NaN,NaN,NaN,NaN,0.307692307692308
NaN,0.694444444444444,NaN,0.433274021352313,NaN,NaN,0.2985,NaN
NaN,0.166666666666667,0.0582959641255605,0.0297153024911032,0.0205872426594668,NaN,0.025,NaN
0.757575757575758,NaN,NaN,NaN,NaN,0.440554821664465,0.398,0.269230769230769
0.628787878787879,0.675925925925926,0.161434977578475,0.36085409252669,0.308471144110699,NaN,0.3,0.576923076923077
NaN,0.62962962962963,0.125560538116592,NaN,0.315221059736753,0.313077939233818,0.26,0.269230769230769
0.583333333333333,0.574074074074074,0.112107623318386,0.280427046263345,0.252109348633142,0.23447820343461,NaN,NaN
0.636363636363636,NaN,0.116591928251121,0.409074733096085,0.387782652716841,NaN,0.295,0.423076923076923
NaN,NaN,0.152466367713004,0.55373665480427,0.463719203509956,0.416116248348745,0.465,0.461538461538462
NaN,NaN,NaN,NaN,0.237597030037125,NaN,NaN,NaN
0.598484848484849,NaN,NaN,0.295729537366548,NaN,NaN,0.24,NaN
NaN,NaN,NaN,NaN,NaN,0.307133421400264,NaN,NaN
NaN,0.62962962962963,0.10762331838565,NaN,NaN,NaN,NaN,NaN
0.606060606060606,NaN,0.121076233183857,0.383096085409253,NaN,0.276089828269485,NaN,NaN
0.431818181818182,0.490740740740741,NaN,NaN,0.1481606479919,NaN,NaN,0.230769230769231
0.295454545454545,NaN,0.062780269058296,NaN,NaN,0.0574636723910172,0.055,0.384615384615385
0.0681818181818182,0.0555555555555556,0.0358744394618834,NaN,0.00539993250084374,NaN,0.005,0.0769230769230769
NaN,0.675925925925926,NaN,0.405338078291815,NaN,0.446499339498019,NaN,0.230769230769231
NaN,NaN,0.15695067264574,0.82135231316726,NaN,0.671730515191545,NaN,0.307692307692308
NaN,NaN,0.130044843049327,NaN,0.445494431319609,NaN,0.312,NaN
NaN,0.657407407407407,NaN,NaN,0.344920688491394,NaN,0.3,NaN
0.454545454545455,NaN,NaN,0.131494661921708,0.107661154235572,0.0568031704095112,NaN,0.384615384615385
0.507575757575758,0.518518518518518,NaN,0.198398576512456,NaN,NaN,NaN,0.692307692307692
NaN,0.648148148148148,NaN,NaN,0.296996287546406,NaN,NaN,0.346153846153846
NaN,NaN,NaN,0.297864768683274,0.229497131285859,NaN,0.29,NaN
0.545454545454546,NaN,0.125560538116592,NaN,NaN,NaN,NaN,NaN
0.712121212121212,0.685185185185185,NaN,NaN,NaN,NaN,NaN,0.230769230769231
0.681818181818182,0.666666666666667,0.130044843049327,0.412099644128114,0.331420857239284,NaN,NaN,0.346153846153846
0.71969696969697,0.685185185185185,NaN,0.443416370106762,NaN,NaN,NaN,NaN
0.613636363636364,0.601851851851852,0.152466367713004,0.388078291814947,NaN,0.317701453104359,NaN,0.461538461538462
NaN,NaN,0.125560538116592,NaN,0.260884238947013,NaN,0.3295,NaN
NaN,NaN,NaN,0.351601423487545,NaN,NaN,NaN,0.307692307692308
NaN,0.87037037037037,0.15695067264574,0.737722419928826,NaN,NaN,NaN,0.384615384615385
NaN,0.75,0.152466367713004,NaN,0.501856226797165,NaN,NaN,0.346153846153846
NaN,0.518518518518518,NaN,NaN,NaN,0.169088507265522,NaN,NaN
NaN,NaN,0.116591928251121,NaN,0.179885251434357,0.170409511228534,0.215,NaN
0.825757575757576,0.861111111111111,0.165919282511211,NaN,0.519068511643604,0.519815059445178,0.456,NaN
NaN,0.666666666666667,NaN,NaN,NaN,0.239101717305152,0.285,0.230769230769231
NaN,NaN,NaN,NaN,NaN,NaN,NaN,NaN
NaN,NaN,NaN,NaN,0.41478231522106,NaN,NaN,NaN
NaN,0.481481481481481,NaN,NaN,NaN,0.200792602377807,0.141,0.230769230769231
0.5,NaN,NaN,NaN,0.194397570030375,NaN,0.193,0.192307692307692
0.78030303030303,0.805555555555556,0.165919282511211,0.600355871886121,0.557880526493419,0.490092470277411,NaN,0.307692307692308
NaN,0.675925925925926,NaN,0.351779359430605,0.297671279109011,0.250990752972259,0.2845,0.269230769230769
NaN,NaN,NaN,NaN,0.363482956463044,0.433949801849406,NaN,0.230769230769231
0.28030303030303,NaN,0.062780269058296,NaN,0.0475869051636855,NaN,NaN,0.269230769230769
0.712121212121212,NaN,0.143497757847534,0.47153024911032,NaN,NaN,NaN,NaN
NaN,NaN,NaN,NaN,0.304421194735066,0.317701453104359,NaN,NaN
0.787878787878788,0.759259259259259,NaN,0.526156583629893,NaN,0.399603698811096,NaN,NaN
0.833333333333333,0.787037037037037,NaN,0.594128113879004,NaN,NaN,0.3995,0.346153846153846
NaN,NaN,NaN,0.629181494661922,NaN,0.536988110964333,NaN,NaN
0.553030303030303,NaN,NaN,NaN,0.173135335808302,0.203434610303831,NaN,NaN
0.484848484848485,0.490740740740741,0.0986547085201794,0.205516014234875,0.182585217684779,NaN,NaN,0.269230769230769
0.681818181818182,0.675925925925926,NaN,0.309074733096085,0.254471819102261,0.247688243064729,0.265,NaN
NaN,NaN,NaN,NaN,NaN,NaN,NaN,NaN
0.704545454545455,NaN,NaN,0.637188612099644,0.42963212959838,0.42998678996037,NaN,NaN
NaN,0.509259259259259,NaN,0.229181494661922,NaN,0.264861294583884,NaN,NaN
0.409090909090909,0.444444444444444,0.0762331838565023,0.151957295373665,NaN,0.0957727873183619,0.17,0.153846153846154
NaN,0.685185185185185,0.130044843049327,NaN,NaN,NaN,0.285,0.230769230769231
0.621212121212121,0.518518518518518,NaN,NaN,0.233209584880189,0.16776750330251,0.1635,0.307692307692308
NaN,0.462962962962963,NaN,NaN,0.112048599392508,NaN,NaN,NaN
0.772727272727273,NaN,0.152466367713004,0.491103202846975,0.303408707391158,NaN,0.485,NaN
NaN,NaN,NaN,NaN,0.194060074249072,0.193527080581242,0.255,NaN
0.78030303030303,NaN,0.15695067264574,0.588434163701068,0.499493756328046,0.383751651254954,NaN,0.307692307692308
NaN,NaN,0.165919282511211,0.48932384341637,NaN,NaN,NaN,0.346153846153846
NaN,0.62962962962963,0.121076233183857,NaN,0.310833614579818,0.264200792602378,NaN,0.153846153846154
NaN,NaN,0.161434977578475,0.546263345195729,0.434694566317921,NaN,0.49,0.269230769230769
NaN,NaN,NaN,0.127758007117438,NaN,0.103038309114927,0.12,NaN
NaN,0.601851851851852,0.125560538116592,NaN,NaN,NaN,0.225,0.230769230769231
0.409090909090909,0.398148148148148,NaN,0.111743772241993,0.0877489031387108,0.0918097754293263,NaN,0.153846153846154
NaN,NaN,0.147982062780269,0.44982206405694,NaN,NaN,0.35,0.153846153846154
0.446969696969697,0.444444444444444,0.103139013452915,0.158185053380783,NaN,0.142668428005284,0.13,0.192307692307692
NaN,NaN,0.134529147982063,0.431316725978648,0.314883563955451,0.255614266842801,0.43,NaN
0,0.00925925925925927,NaN,0.00302491103202847,NaN,NaN,0.0025,NaN
0.477272727272727,0.444444444444444,NaN,NaN,0.122848464394195,0.112945838837517,NaN,NaN
0.71969696969697,0.694444444444444,NaN,0.449288256227758,NaN,0.359313077939234,0.305,0.192307692307692
0.537878787878788,NaN,0.103139013452915,0.198576512455516,0.143435707053662,NaN,0.19,NaN
0.704545454545455,NaN,NaN,NaN,NaN,0.31439894319683,NaN,0.384615384615385
0.643939393939394,NaN,NaN,NaN,0.268309146135673,0.272787318361955,NaN,NaN
NaN,NaN,NaN,NaN,0.167735403307459,0.203434610303831,NaN,NaN
0.598484848484849,0.592592592592593,NaN,0.325266903914591,NaN,0.225231175693527,0.35,0.384615384615385
NaN,NaN,0.0852017937219731,NaN,NaN,0.0574636723910172,0.07,NaN
NaN,NaN,NaN,NaN,0.422544718191023,NaN,0.365,NaN
NaN,NaN,NaN,NaN,0.456969287883902,NaN,NaN,0.269230769230769
0.590909090909091,0.555555555555555,NaN,0.256761565836299,0.231184610192373,0.194187582562748,0.207,0.230769230769231
0.568181818181818,NaN,0.121076233183857,NaN,NaN,NaN,NaN,NaN
NaN,0.87962962962963,0.130044843049327,NaN,NaN,NaN,NaN,NaN
0.295454545454545,NaN,NaN,0.0576512455516014,0.0344245696928788,NaN,0.063,NaN
NaN,NaN,NaN,NaN,NaN,0.0224570673712021,0.025,0.115384615384615
NaN,NaN,0.15695067264574,NaN,NaN,NaN,0.36,0.346153846153846
NaN,NaN,0.112107623318386,0.333807829181495,0.251096861289234,NaN,0.3,0.538461538461539
NaN,0.555555555555555,NaN,NaN,0.188322645966925,0.232496697490092,0.23,0.346153846153846
0.674242424242424,0.675925925925926,NaN,NaN,0.347958150523119,0.291281373844122,NaN,0.307692307692308
NaN,0.666666666666667,NaN,NaN,0.260209247384408,0.264861294583884,NaN,0.461538461538462
0.75,NaN,NaN,NaN,0.463381707728653,NaN,NaN,NaN
NaN,0.675925925925926,0.130044843049327,NaN,0.317921025987175,0.333553500660502,NaN,NaN
NaN,0.537037037037037,NaN,NaN,0.250084373945326,0.192866578599736,NaN,0.153846153846154
0.818181818181818,0.814814814814815,0.179372197309417,NaN,0.47654404319946,NaN,0.585,NaN
0.795454545454546,0.731481481481481,0.139013452914798,0.472597864768683,0.439082011474857,0.388375165125495,0.35,0.346153846153846
NaN,0.37962962962963,0.0807174887892377,NaN,0.072224097198785,0.0449141347424042,NaN,0.269230769230769
NaN,0.546296296296296,NaN,0.305871886120996,0.175497806277422,0.225891677675033,0.28,NaN
NaN,NaN,0.161434977578475,NaN,0.431994600067499,0.385072655217966,NaN,0.269230769230769
NaN,NaN,0.130044843049327,NaN,0.257171785352683,NaN,NaN,0.230769230769231
0.598484848484849,NaN,0.10762331838565,NaN,0.210259871751603,0.273447820343461,0.195,NaN
0.515151515151515,0.490740740740741,0.121076233183857,NaN,0.172122848464394,0.174372523117569,NaN,NaN
0.613636363636364,0.657407407407407,0.130044843049327,0.361565836298932,NaN,0.263540290620872,NaN,0.230769230769231
NaN,NaN,0.143497757847534,0.477935943060498,0.427269659129261,NaN,NaN,0.269230769230769
NaN,0.472222222222222,0.125560538116592,NaN,0.28147148160648,NaN,0.308,0.192307692307692
NaN,NaN,0.0986547085201794,NaN,NaN,0.194848084544254,NaN,0.307692307692308
0.636363636363636,0.657407407407407,0.112107623318386,0.335409252669039,NaN,0.235799207397622,NaN,0.230769230769231
0.810606060606061,NaN,0.165919282511211,0.552846975088968,NaN,NaN,0.455,0.346153846153846
0.696969696969697,NaN,0.139013452914798,NaN,0.312521093486331,0.307133421400264,NaN,NaN
NaN,NaN,NaN,NaN,NaN,NaN,0.248,0.230769230769231
0.71969696969697,NaN,0.152466367713004,NaN,0.365507931150861,0.324306472919419,NaN,0.269230769230769
0.545454545454546,NaN,0.112107623318386,0.256227758007118,0.20249746878164,0.177014531043593,0.195,0.153846153846154
NaN,0.675925925925926,NaN,NaN,NaN,0.21994715984148,0.3155,NaN
NaN,NaN,NaN,NaN,0.168410394870064,NaN,NaN,NaN
NaN,0.314814814814815,0.0717488789237668,NaN,NaN,0.0634081902245707,NaN,NaN
NaN,0.814814814814815,NaN,0.531850533807829,NaN,0.559445178335535,NaN,NaN
NaN,NaN,0.112107623318386,NaN,NaN,0.16446499339498,NaN,0.307692307692308
0.545454545454546,NaN,NaN,NaN,0.214984812689841,NaN,0.305,NaN
0.507575757575758,0.574074074074074,NaN,0.211209964412811,NaN,NaN,NaN,0.423076923076923
0.575757575757576,0.574074074074074,0.134529147982063,NaN,0.222072224097199,0.258256274768824,0.255,NaN
0.666666666666667,NaN,NaN,0.32153024911032,NaN,NaN,NaN,0.230769230769231
0.712121212121212,NaN,0.125560538116592,0.46779359430605,0.446169422882214,NaN,0.325,NaN
0.424242424242424,NaN,0.0941704035874439,NaN,NaN,NaN,NaN,NaN
NaN,0.62037037037037,0.125560538116592,NaN,NaN,NaN,0.2425,NaN
0.598484848484849,0.583333333333333,NaN,NaN,NaN,0.317040951122853,0.33,0.384615384615385
0.818181818181818,0.768518518518518,0.170403587443946,NaN,NaN,0.52774108322325,0.4475,NaN
NaN,NaN,NaN,0.258540925266904,NaN,NaN,NaN,NaN
0.757575757575758,0.777777777777778,NaN,NaN,0.389132635842052,0.161822985468956,NaN,0.192307692307692
NaN,NaN,NaN,0.494839857651246,0.283496456294296,0.297886393659181,0.505,NaN
0.727272727272727,NaN,NaN,0.504982206405694,0.408032399595005,0.404227212681638,NaN,NaN
0.742424242424243,0.814814814814815,NaN,0.454092526690392,NaN,0.398282694848085,NaN,0.423076923076923
NaN,0.601851851851852,NaN,0.373487544483986,0.323658454269322,NaN,0.28,NaN
0.734848484848485,NaN,NaN,0.401423487544484,NaN,0.305812417437252,NaN,NaN
0.568181818181818,NaN,NaN,0.220640569395018,NaN,0.202774108322325,0.18,NaN
NaN,NaN,0.112107623318386,NaN,0.209247384407695,NaN,0.235,NaN
NaN,NaN,0.116591928251121,NaN,0.266959163010462,NaN,0.305,NaN
0.651515151515151,NaN,NaN,NaN,NaN,NaN,NaN,NaN
0.727272727272727,NaN,0.161434977578475,NaN,0.295983800202497,NaN,0.3425,NaN
NaN,NaN,0.116591928251121,NaN,NaN,NaN,0.264,0.269230769230769
NaN,NaN,0.0762331838565023,0.0862989323843416,0.0668241646979413,0.0673712021136063,NaN,0.153846153846154
NaN,NaN,0.130044843049327,NaN,0.37529530880864,NaN,NaN,0.269230769230769
NaN,0.666666666666667,NaN,NaN,0.402294971312859,0.342140026420079,NaN,0.307692307692308
NaN,NaN,0.147982062780269,0.327758007117438,NaN,NaN,NaN,0.461538461538462
NaN,0.546296296296296,0.112107623318386,0.285409252669039,0.184272696591293,0.23778071334214,NaN,0.538461538461539
NaN,NaN,0.139013452914798,0.385231316725979,NaN,NaN,0.4,0.653846153846154
NaN,0.685185185185185,0.130044843049327,NaN,NaN,0.438573315719947,NaN,0.307692307692308
0.371212121212121,0.351851851851852,NaN,0.102135231316726,0.0857239284508944,0.0574636723910172,NaN,NaN
NaN,0.759259259259259,NaN,NaN,0.467431657104286,0.482826948480845,NaN,0.269230769230769
NaN,0.638888888888889,NaN,0.46797153024911,NaN,0.42338177014531,NaN,NaN
0.522727272727273,NaN,0.103139013452915,0.251067615658363,0.201822477219035,0.223910171730515,0.215,0.423076923076923
NaN,NaN,0.103139013452915,0.350711743772242,NaN,NaN,NaN,0.538461538461539
NaN,NaN,NaN,0.543238434163701,0.478569017887276,NaN,NaN,0.230769230769231
0.757575757575758,NaN,NaN,0.498042704626335,NaN,0.488110964332893,NaN,NaN
NaN,0.638888888888889,NaN,0.326690391459075,0.253459331758353,0.322324966974901,NaN,NaN
NaN,NaN,NaN,NaN,NaN,NaN,NaN,0.423076923076923
0.363636363636364,0.351851851851852,0.0807174887892377,NaN,0.092473844076949,NaN,NaN,0.346153846153846
NaN,NaN,0.125560538116592,0.269217081850534,NaN,0.198811096433289,NaN,0.346153846153846
NaN,0.601851851851852,NaN,0.354092526690391,NaN,NaN,0.315,NaN
0.522727272727273,NaN,0.10762331838565,0.154626334519573,0.111373607829902,NaN,NaN,0.230769230769231
0.590909090909091,NaN,NaN,NaN,NaN,NaN,0.213,0.230769230769231
0.659090909090909,0.666666666666667,NaN,NaN,0.302396220047249,NaN,NaN,0.230769230769231
NaN,NaN,0.0941704035874439,NaN,0.288558893013837,NaN,0.185,0.230769230769231
NaN,0.648148148148148,0.139013452914798,0.395551601423488,NaN,0.344121532364597,NaN,NaN
NaN,NaN,NaN,NaN,NaN,NaN,NaN,0.384615384615385
0.696969696969697,0.666666666666667,NaN,NaN,NaN,0.375165125495376,0.312,0.307692307692308
NaN,0.694444444444444,NaN,0.450355871886121,0.398582517718529,0.396961690885073,0.325,0.230769230769231
0.606060606060606,NaN,NaN,0.315658362989324,0.252446844414445,NaN,NaN,0.384615384615385
NaN,0.842592592592592,NaN,0.631494661921708,NaN,NaN,0.5335,NaN
NaN,NaN,0.116591928251121,NaN,NaN,NaN,0.245,0.384615384615385
0.681818181818182,0.731481481481481,0.147982062780269,NaN,0.487343908201148,NaN,NaN,NaN
0.734848484848485,0.675925925925926,NaN,NaN,NaN,NaN,NaN,NaN
0.553030303030303,NaN,0.10762331838565,0.201779359430605,NaN,0.202774108322325,0.17,0.192307692307692
NaN,0.5,NaN,NaN,NaN,NaN,NaN,0.269230769230769
0.53030303030303,0.509259259259259,NaN,NaN,0.210597367532906,0.194187582562748,NaN,NaN
NaN,NaN,NaN,0.506405693950178,NaN,0.348084544253633,NaN,NaN
0.765151515151515,NaN,NaN,0.50373665480427,NaN,NaN,0.393,NaN
0.53030303030303,0.583333333333333,0.112107623318386,NaN,NaN,NaN,0.28,NaN
0.545454545454546,NaN,NaN,NaN,0.16537293283834,0.202113606340819,NaN,NaN
0.704545454545455,NaN,NaN,0.441281138790036,NaN,NaN,NaN,0.346153846153846
NaN,NaN,NaN,NaN,NaN,0.285336856010568,0.515,0.384615384615385
NaN,0.444444444444444,NaN,NaN,0.111373607829902,0.117569352708058,0.15,NaN
NaN,NaN,0.139013452914798,0.429893238434164,0.354708066149173,NaN,NaN,NaN
0.507575757575758,NaN,NaN,0.187188612099644,0.142423219709754,0.121532364597094,0.185,0.307692307692308
0.46969696969697,0.425925925925926,0.0807174887892377,0.167437722419929,NaN,0.132760898282695,NaN,0.230769230769231
NaN,0.712962962962963,NaN,0.424199288256228,0.354033074586568,NaN,0.3475,NaN
NaN,0.537037037037037,NaN,NaN,NaN,NaN,NaN,0.230769230769231
0.651515151515151,0.62037037037037,0.112107623318386,0.319395017793594,NaN,0.287318361955086,0.248,NaN
NaN,0.675925925925926,NaN,0.369928825622776,NaN,0.321003963011889,0.2295,NaN
NaN,NaN,NaN,0.424199288256228,0.359095511306109,NaN,NaN,0.307692307692308
NaN,0.574074074074074,0.112107623318386,0.305693950177936,0.276409044886939,0.214002642007926,NaN,NaN
NaN,NaN,NaN,0.901245551601424,0.801889976375295,0.754953764861295,NaN,NaN
0.507575757575758,0.518518518518518,0.10762331838565,NaN,NaN,0.122853368560106,NaN,NaN
NaN,NaN,NaN,0.347330960854093,NaN,NaN,NaN,0.346153846153846
NaN,NaN,0.165919282511211,0.743772241992883,0.682078974012825,NaN,0.489,0.346153846153846
NaN,0.518518518518518,0.0941704035874439,0.223487544483986,0.190347620654742,0.203434610303831,NaN,NaN
NaN,0.472222222222222,NaN,NaN,NaN,NaN,NaN,NaN
NaN,NaN,0.134529147982063,NaN,0.471481606479919,0.345442536327609,0.385,NaN
0.598484848484849,NaN,0.121076233183857,0.379537366548043,NaN,0.252311756935271,NaN,NaN
NaN,0.712962962962963,NaN,NaN,NaN,0.291941875825627,0.48,0.384615384615385
NaN,NaN,0.0852017937219731,0.101423487544484,NaN,NaN,NaN,NaN
NaN,0.657407407407407,0.0986547085201794,NaN,0.154235572055349,0.16776750330251,0.136,0.153846153846154
NaN,NaN,NaN,0.382918149466192,NaN,0.354689564068692,0.33,0.384615384615385
0.651515151515151,NaN,0.130044843049327,0.427935943060498,0.426932163347958,0.31439894319683,0.295,0.307692307692308
NaN,0.5,NaN,0.166014234875445,NaN,NaN,0.14,0.269230769230769
0.340909090909091,0.361111111111111,NaN,NaN,NaN,0.0653896961690885,NaN,0.192307692307692
NaN,NaN,0.0941704035874439,NaN,NaN,NaN,0.112,0.153846153846154
NaN,NaN,NaN,0.325800711743772,0.295646304421195,0.221928665785997,0.22,NaN
0.787878787878788,NaN,0.174887892376682,0.561387900355872,NaN,0.416116248348745,0.445,0.307692307692308
0.477272727272727,NaN,0.0941704035874439,0.187722419928826,0.150523118461019,0.193527080581242,0.145,NaN
NaN,NaN,NaN,0.311921708185053,NaN,NaN,NaN,NaN
NaN,NaN,NaN,0.235943060498221,0.194397570030375,NaN,NaN,0.346153846153846
0.590909090909091,NaN,0.0941704035874439,NaN,0.230172122848464,0.222589167767503,NaN,0.346153846153846
NaN,0.675925925925926,0.134529147982063,NaN,0.295308808639892,NaN,0.365,NaN
0.575757575757576,NaN,NaN,0.305871886120996,NaN,0.233817701453104,NaN,0.269230769230769
NaN,0.546296296296296,0.121076233183857,NaN,NaN,0.162483487450462,NaN,0.346153846153846
NaN,0.537037037037037,NaN,0.24626334519573,0.21970975362808,0.205416116248349,NaN,NaN
0.522727272727273,NaN,0.134529147982063,NaN,0.177860276746541,0.188243064729194,0.22,0.653846153846154
0.333333333333333,NaN,0.10762331838565,0.206939501779359,NaN,0.169088507265522,NaN,NaN
NaN,NaN,NaN,NaN,0.448869389132636,0.382430647291942,0.36,0.192307692307692
0.765151515151515,NaN,0.161434977578475,NaN,0.462706716166048,NaN,0.495,0.5
NaN,0.657407407407407,NaN,NaN,NaN,0.285997357992074,NaN,NaN
0.734848484848485,NaN,NaN,0.438612099644128,0.282146473169085,0.33883751651255,NaN,NaN
NaN,0.75,0.130044843049327,NaN,0.412757340533243,0.342800528401585,NaN,NaN
0.765151515151515,NaN,0.147982062780269,0.536476868327402,0.360107998650017,0.440554821664465,NaN,0.5
NaN,NaN,NaN,NaN,NaN,NaN,NaN,0.461538461538462
NaN,0.75,NaN,0.46067615658363,0.368882888963888,0.483487450462351,0.34,NaN
0.363636363636364,NaN,NaN,0.119572953736655,0.0755990550118123,0.116248348745046,NaN,0.5
0.71969696969697,0.694444444444444,NaN,NaN,0.337495781302734,0.231836195508587,NaN,NaN
0.742424242424243,0.75,NaN,NaN,NaN,0.412813738441215,NaN,0.615384615384615
0.462121212121212,0.472222222222222,0.0986547085201794,0.164768683274021,0.134660816739791,0.134081902245707,0.136,0.192307692307692
NaN,0.907407407407407,0.183856502242152,NaN,NaN,0.668428005284016,0.6155,NaN
0.659090909090909,NaN,NaN,0.341814946619217,0.309483631454607,0.267503302509908,NaN,NaN
0.462121212121212,0.462962962962963,0.0986547085201794,0.18914590747331,NaN,0.142007926023778,NaN,NaN
NaN,NaN,NaN,0.0834519572953737,0.0705366182922713,NaN,NaN,0.230769230769231
0.787878787878788,NaN,NaN,0.461387900355872,0.370907863651704,NaN,NaN,NaN
NaN,NaN,0.0896860986547085,NaN,NaN,0.231836195508587,0.285,0.307692307692308
0.409090909090909,0.37962962962963,0.0986547085201794,NaN,0.072224097198785,0.0706737120211361,NaN,NaN
0.727272727272727,NaN,NaN,0.452135231316726,0.35065811677354,NaN,NaN,NaN
0.681818181818182,0.638888888888889,0.116591928251121,NaN,NaN,NaN,0.27,0.230769230769231
NaN,NaN,0.134529147982063,0.44288256227758,0.301046236922038,NaN,NaN,0.423076923076923
NaN,0.638888888888889,NaN,NaN,0.248059399257509,NaN,NaN,0.384615384615385
0.651515151515151,NaN,0.139013452914798,0.30355871886121,NaN,NaN,NaN,0.730769230769231
NaN,0.648148148148148,NaN,NaN,0.371920350995613,0.293923381770145,0.285,NaN
NaN,0.638888888888889,0.116591928251121,0.333629893238434,NaN,NaN,0.253,NaN
NaN,0.62962962962963,0.139013452914798,NaN,NaN,NaN,NaN,0.307692307692308
NaN,0.648148148148148,NaN,0.348042704626335,0.307796152548093,NaN,0.275,0.307692307692308
0.446969696969697,0.407407407407407,NaN,NaN,0.169422882213972,0.104359313077939,NaN,NaN
NaN,NaN,NaN,NaN,NaN,NaN,0.3815,0.346153846153846
NaN,0.814814814814815,0.152466367713004,0.591992882562278,NaN,0.526420079260238,0.3915,NaN
NaN,NaN,NaN,NaN,0.397232534593318,0.268824306472919,NaN,NaN
NaN,0.583333333333333,NaN,NaN,NaN,NaN,NaN,0.192307692307692
0.651515151515151,0.675925925925926,0.134529147982063,NaN,0.304758690516369,0.282694848084544,NaN,NaN
NaN,NaN,0.112107623318386,0.361209964412811,NaN,0.282694848084544,NaN,NaN
NaN,0.712962962962963,NaN,0.505871886120996,0.312183597705029,NaN,0.405,NaN
0.712121212121212,0.694444444444444,NaN,0.458007117437722,NaN,NaN,NaN,0.423076923076923
0.833333333333333,NaN,0.139013452914798,NaN,NaN,0.599075297225892,NaN,NaN
0.765151515151515,NaN,0.165919282511211,NaN,NaN,NaN,0.417,0.307692307692308
0.507575757575758,0.5,0.112107623318386,NaN,NaN,0.21664464993395,0.18,0.269230769230769
NaN,0.611111111111111,0.0986547085201794,NaN,0.243671954100574,0.223910171730515,0.265,0.346153846153846
0.560606060606061,NaN,0.10762331838565,0.277224199288256,0.261559230509619,NaN,NaN,NaN
NaN,0.462962962962963,NaN,0.172597864768683,0.104286196422545,NaN,NaN,0.538461538461539
0.621212121212121,0.62962962962963,NaN,0.353736654804271,0.297333783327708,NaN,0.2595,NaN
NaN,0.666666666666667,0.112107623318386,0.304448398576513,0.255484306446169,NaN,NaN,NaN
0.674242424242424,0.62962962962963,NaN,NaN,0.245359433007087,NaN,0.2375,NaN
0.833333333333333,0.787037037037037,0.183856502242152,0.658540925266904,NaN,0.502642007926024,NaN,NaN
0.674242424242424,0.722222222222222,0.130044843049327,NaN,NaN,0.334214002642008,0.304,NaN
0.545454545454546,NaN,0.139013452914798,NaN,NaN,NaN,0.211,0.346153846153846
0.681818181818182,0.675925925925926,NaN,NaN,NaN,0.302509907529723,NaN,NaN
NaN,0.527777777777778,NaN,0.201067615658363,0.160310496118799,NaN,0.183,NaN
0.75,0.768518518518518,0.152466367713004,NaN,0.4444819439757,NaN,0.373,0.307692307692308
0.553030303030303,0.555555555555555,0.125560538116592,NaN,NaN,0.238441215323646,NaN,0.346153846153846
0.659090909090909,NaN,0.121076233183857,0.300889679715303,0.274384070199122,0.212681638044914,NaN,0.192307692307692
NaN,NaN,NaN,0.667437722419929,NaN,0.620211360634082,0.575,0.5
0.295454545454545,NaN,NaN,NaN,0.0448869389132636,NaN,0.072,0.153846153846154
NaN,NaN,NaN,0.549466192170819,NaN,0.460369881109643,0.39,0.307692307692308
NaN,0.685185185185185,0.121076233183857,0.36067615658363,NaN,NaN,0.29,0.5
0.681818181818182,0.675925925925926,NaN,NaN,0.406682416469794,NaN,NaN,0.269230769230769
0.787878787878788,NaN,NaN,NaN,0.420519743503206,NaN,NaN,NaN
NaN,0.555555555555555,0.116591928251121,NaN,NaN,NaN,0.263,NaN
NaN,0.722222222222222,0.147982062780269,NaN,0.359433007087411,0.381770145310436,0.345,0.269230769230769
NaN,0.537037037037037,NaN,NaN,0.188997637529531,NaN,NaN,0.192307692307692
NaN,0.694444444444444,0.130044843049327,0.440747330960854,NaN,NaN,0.3435,NaN
NaN,NaN,0.0538116591928251,0.0405693950177936,NaN,0.0402906208718626,NaN,NaN
0.598484848484849,0.583333333333333,0.116591928251121,0.278113879003559,0.196085048936888,0.194187582562748,NaN,0.230769230769231
0.886363636363636,NaN,NaN,NaN,NaN,0.535667107001321,0.705,0.5
0.659090909090909,NaN,NaN,NaN,0.417144785690179,NaN,0.2545,NaN
NaN,0.787037037037037,NaN,0.49626334519573,0.395207559905501,NaN,0.415,0.5
NaN,0.768518518518518,NaN,0.470640569395018,0.36787040161998,0.468295904887715,NaN,NaN
NaN,NaN,NaN,0.544661921708185,0.470469119136011,NaN,NaN,0.269230769230769
NaN,NaN,NaN,0.377758007117438,0.332770840364495,NaN,NaN,NaN
0.416666666666667,0.398148148148148,NaN,0.13202846975089,0.0951738103273709,0.136723910171731,0.105,NaN
NaN,NaN,NaN,0.400889679715302,0.322983462706716,0.346103038309115,0.34,NaN
0.765151515151515,0.722222222222222,NaN,NaN,0.305096186297671,0.389696169088507,NaN,0.346153846153846
NaN,NaN,NaN,NaN,0.259534255821802,NaN,NaN,NaN
NaN,NaN,0.121076233183857,0.37846975088968,NaN,NaN,NaN,0.269230769230769
NaN,NaN,0.0582959641255605,0.0585409252669039,0.0496118798515019,NaN,NaN,0.115384615384615
NaN,0.583333333333333,0.0986547085201794,NaN,NaN,0.221268163804491,NaN,0.192307692307692
NaN,0.509259259259259,NaN,NaN,0.206547418157273,0.232496697490092,NaN,0.269230769230769
0.636363636363636,0.62037037037037,0.116591928251121,0.306227758007117,0.251771852851839,NaN,NaN,0.269230769230769
0.803030303030303,0.759259259259259,NaN,NaN,0.480593992575093,0.383091149273448,0.315,0.307692307692308
0.712121212121212,0.694444444444444,0.139013452914798,0.505871886120996,NaN,NaN,NaN,NaN
0.674242424242424,0.675925925925926,NaN,0.359786476868327,0.322983462706716,NaN,0.2515,NaN
NaN,0.666666666666667,0.143497757847534,0.387722419928826,NaN,NaN,NaN,0.461538461538462
NaN,NaN,0.10762331838565,NaN,0.2345595680054,0.272126816380449,0.2315,NaN
NaN,NaN,0.10762331838565,NaN,0.36415794802565,0.26552179656539,0.245,0.230769230769231
0.75,NaN,NaN,NaN,0.321633479581505,NaN,0.3595,0.384615384615385
NaN,0.731481481481481,NaN,0.480960854092527,NaN,0.460369881109643,0.391,0.269230769230769
0.560606060606061,0.592592592592593,NaN,0.249644128113879,0.190685116436045,0.226552179656539,NaN,0.269230769230769
0.818181818181818,NaN,NaN,0.608718861209964,0.510293621329733,0.571994715984148,NaN,0.307692307692308
0.446969696969697,NaN,0.0986547085201794,0.174733096085409,0.145460681741478,0.134742404227213,NaN,NaN
NaN,NaN,NaN,NaN,0.242996962537968,0.212021136063408,0.24,NaN
0.674242424242424,0.685185185185185,0.147982062780269,NaN,0.299021262234222,NaN,NaN,NaN
NaN,NaN,NaN,0.480071174377224,0.405669929125886,NaN,NaN,NaN
0.545454545454546,NaN,NaN,NaN,NaN,0.268163804491413,NaN,NaN
0.348484848484849,NaN,0.0896860986547085,0.116725978647687,0.106648666891664,0.108322324966975,0.0975,NaN
NaN,NaN,0.130044843049327,NaN,NaN,0.293262879788639,NaN,NaN
NaN,NaN,NaN,0.348754448398577,NaN,0.348084544253633,0.32,NaN
NaN,0.712962962962963,0.130044843049327,0.382918149466192,0.300708741140736,0.359313077939234,NaN,NaN
0.75,NaN,0.170403587443946,0.502491103202847,0.461356733040837,0.400264200792602,0.4305,NaN
NaN,0.564814814814815,0.121076233183857,NaN,0.154573067836652,0.221928665785997,0.265,0.384615384615385
NaN,0.62037037037037,NaN,0.290035587188612,NaN,0.231836195508587,0.225,0.307692307692308
NaN,0.62962962962963,NaN,0.317615658362989,0.26662166722916,NaN,NaN,NaN
NaN,NaN,0.143497757847534,0.425444839857651,NaN,NaN,0.318,0.230769230769231
0.575757575757576,0.583333333333333,NaN,NaN,0.249746878164023,NaN,0.1745,NaN
0.704545454545455,NaN,NaN,0.365658362989324,NaN,NaN,0.305,0.269230769230769
NaN,0.722222222222222,0.139013452914798,0.416014234875445,0.319946000674992,0.357992073976222,NaN,0.384615384615385
0.712121212121212,0.712962962962963,NaN,NaN,NaN,NaN,NaN,0.269230769230769
NaN,NaN,0.143497757847534,NaN,0.423894701316234,NaN,NaN,0.346153846153846
NaN,NaN,NaN,0.113879003558719,0.0998987512656092,NaN,0.09,NaN
NaN,NaN,NaN,0.377758007117438,0.302396220047249,NaN,NaN,NaN
NaN,NaN,0.0807174887892377,0.147508896797153,NaN,0.122853368560106,0.125,NaN
0.742424242424243,0.722222222222222,NaN,0.493060498220641,0.411744853189335,NaN,0.3675,NaN
NaN,0.694444444444444,NaN,0.429181494661922,NaN,0.357331571994716,NaN,0.230769230769231
0.560606060606061,NaN,NaN,0.252135231316726,NaN,NaN,0.17,0.192307692307692
0.5,NaN,NaN,0.181672597864769,0.163347958150523,0.134742404227213,0.1505,0.115384615384615
0.856060606060606,0.907407407407407,NaN,NaN,0.659804252446844,0.538969616908851,NaN,0.346153846153846
0.704545454545455,0.675925925925926,0.143497757847534,0.356227758007117,0.289571380357746,0.278731836195509,0.32,NaN
0.325757575757576,0.305555555555556,0.062780269058296,0.0800711743772242,0.0658116773540331,0.0667107001321004,0.065,0.0769230769230769
0.696969696969697,NaN,0.139013452914798,NaN,0.319271009112386,NaN,NaN,0.269230769230769
0.477272727272727,0.453703703703704,0.103139013452915,NaN,NaN,0.162483487450462,NaN,0.423076923076923
NaN,0.712962962962963,0.143497757847534,NaN,0.413769827877152,NaN,NaN,0.307692307692308
NaN,NaN,NaN,NaN,NaN,0.16776750330251,NaN,NaN
0.492424242424242,NaN,NaN,NaN,0.152210597367533,NaN,0.225,0.346153846153846
0.818181818181818,0.75,NaN,NaN,NaN,NaN,0.385,0.461538461538462
0.462121212121212,0.5,NaN,0.221886120996441,0.198110023624705,0.197490092470277,NaN,NaN
0.401515151515152,NaN,0.0896860986547085,0.144483985765125,NaN,NaN,0.13,0.192307692307692
0.446969696969697,NaN,NaN,NaN,NaN,NaN,0.13,0.192307692307692
NaN,NaN,0.15695067264574,NaN,0.442119473506581,NaN,NaN,0.615384615384615
0.560606060606061,NaN,0.10762331838565,0.275800711743772,0.269996625042187,0.257595772787318,NaN,NaN
0.757575757575758,0.805555555555556,0.134529147982063,NaN,NaN,NaN,NaN,0.346153846153846
0.583333333333333,0.675925925925926,0.125560538116592,0.427580071174377,0.353695578805265,NaN,NaN,0.5
0.28030303030303,0.305555555555556,0.0672645739910314,NaN,NaN,0.0528401585204756,0.065,0.269230769230769
0.742424242424243,0.722222222222222,NaN,0.449466192170819,NaN,0.391677675033025,NaN,NaN
NaN,NaN,NaN,0.453380782918149,0.391832602092474,NaN,NaN,0.307692307692308
0.712121212121212,0.703703703703704,NaN,0.321886120996441,0.290583867701654,NaN,NaN,NaN
NaN,NaN,NaN,0.248398576512456,NaN,0.241743725231176,0.22,0.230769230769231
0.696969696969697,0.712962962962963,0.165919282511211,0.428291814946619,0.376307796152548,0.295904887714663,0.3835,NaN
0.431818181818182,NaN,0.10762331838565,NaN,0.0971987850151873,NaN,0.13,0.192307692307692
NaN,NaN,NaN,0.383985765124555,NaN,0.340819022457067,NaN,0.269230769230769
NaN,NaN,0.152466367713004,NaN,NaN,NaN,0.55,0.807692307692308
0.636363636363636,0.666666666666667,NaN,0.345017793594306,NaN,NaN,NaN,0.269230769230769
NaN,NaN,NaN,NaN,0.302058724265947,0.255614266842801,NaN,NaN
0.666666666666667,NaN,NaN,0.400355871886121,0.364832939588255,0.301188903566711,0.266,NaN
0.75,0.712962962962963,NaN,0.458540925266904,0.380357745528181,NaN,NaN,0.230769230769231
NaN,NaN,0.062780269058296,0.0871886120996441,0.0728990887613905,0.0746367239101717,0.08,0.192307692307692
0.537878787878788,NaN,NaN,NaN,0.216334795815052,0.200792602377807,NaN,NaN
0.348484848484849,NaN,0.0762331838565023,NaN,0.0674991562605467,0.095112285336856,0.095,0.307692307692308
0.643939393939394,NaN,NaN,NaN,NaN,NaN,0.3,0.269230769230769
0.71969696969697,NaN,0.143497757847534,NaN,NaN,NaN,NaN,0.384615384615385
NaN,0.814814814814815,NaN,NaN,0.768815389807627,0.580581241743725,NaN,0.384615384615385
NaN,0.601851851851852,0.139013452914798,0.305160142348754,0.253459331758353,0.23778071334214,0.2655,NaN
0.151515151515152,0.157407407407407,0.0448430493273543,0.0229537366548043,NaN,0.0198150594451783,0.022,NaN
0.621212121212121,NaN,0.152466367713004,NaN,NaN,NaN,0.26,NaN
0.242424242424242,0.259259259259259,NaN,NaN,NaN,NaN,NaN,0.307692307692308
0.446969696969697,NaN,NaN,NaN,NaN,NaN,0.13,0.230769230769231
0.53030303030303,0.518518518518518,0.0896860986547085,0.193238434163701,0.169422882213972,NaN,0.1485,NaN
NaN,0.537037037037037,0.139013452914798,NaN,0.18393520080999,0.267503302509908,0.19,NaN
0.310606060606061,0.342592592592593,NaN,0.0802491103202847,0.0539993250084374,0.0660501981505944,0.09,0.192307692307692
0.651515151515151,NaN,NaN,0.369928825622776,0.25312183597705,0.287978863936592,NaN,NaN
0.454545454545455,NaN,0.0986547085201794,0.157473309608541,0.12959838002025,0.142668428005284,NaN,0.269230769230769
NaN,0.666666666666667,0.130044843049327,0.380071174377224,0.36044549443132,NaN,NaN,NaN
0.590909090909091,0.555555555555555,NaN,0.305160142348754,0.200472494093824,0.254953764861295,0.305,NaN
0.666666666666667,NaN,0.125560538116592,NaN,NaN,0.269484808454425,0.3255,NaN
NaN,NaN,0.112107623318386,NaN,NaN,NaN,0.208,NaN
0.575757575757576,0.564814814814815,NaN,0.30729537366548,0.194735065811677,0.255614266842801,0.28,0.269230769230769
NaN,0.712962962962963,NaN,NaN,0.336820789740128,0.36327608982827,0.34,NaN
NaN,0.731481481481481,0.143497757847534,NaN,0.290921363482956,NaN,NaN,NaN
NaN,NaN,0.121076233183857,0.183985765124555,NaN,NaN,0.12,0.269230769230769
0.757575757575758,NaN,0.179372197309417,NaN,0.464731690853864,0.387054161162483,0.439,0.307692307692308
0.545454545454546,NaN,0.103139013452915,NaN,0.188322645966925,NaN,0.17,0.269230769230769
0.227272727272727,0.222222222222222,0.0582959641255605,NaN,NaN,0.0416116248348745,0.043,0.153846153846154
0.560606060606061,NaN,0.103139013452915,0.243416370106762,0.205872426594668,0.169088507265522,NaN,0.230769230769231
NaN,0.657407407407407,NaN,NaN,0.38643266959163,0.400924702774108,NaN,NaN
0.553030303030303,NaN,NaN,NaN,NaN,NaN,0.23,0.423076923076923
0.704545454545455,0.685185185185185,0.121076233183857,0.445017793594306,NaN,0.336195508586526,NaN,NaN
0.590909090909091,NaN,0.130044843049327,0.269039145907473,0.179210259871752,0.188243064729194,0.2715,NaN
0.378787878787879,0.37037037037037,NaN,NaN,NaN,NaN,NaN,0.153846153846154
0.636363636363636,NaN,NaN,0.329359430604982,NaN,NaN,NaN,0.230769230769231
0.53030303030303,NaN,0.0896860986547085,0.204270462633452,0.173472831589605,0.154557463672391,NaN,0.269230769230769
0.704545454545455,NaN,NaN,0.409430604982206,0.321633479581505,NaN,NaN,0.384615384615385
0.810606060606061,0.814814814814815,NaN,0.584875444839858,NaN,NaN,0.4345,NaN
0.689393939393939,0.685185185185185,NaN,NaN,NaN,0.293262879788639,NaN,NaN
0.522727272727273,NaN,0.103139013452915,0.230960854092527,NaN,NaN,NaN,NaN
0.431818181818182,0.435185185185185,NaN,NaN,0.106986162672967,NaN,0.127,0.307692307692308
0.492424242424242,NaN,NaN,0.181316725978648,0.143098211272359,0.153896961690885,NaN,NaN
0.651515151515151,NaN,0.121076233183857,0.343238434163701,0.286871414107324,NaN,0.242,NaN
NaN,0.796296296296296,NaN,NaN,0.339858251771853,NaN,NaN,0.461538461538462
NaN,NaN,0.130044843049327,0.438078291814947,NaN,NaN,NaN,NaN
NaN,0.648148148148148,0.121076233183857,0.324377224199288,NaN,0.269484808454425,0.2935,NaN
0.734848484848485,0.731481481481481,0.143497757847534,NaN,NaN,0.394980184940555,0.3265,NaN
0.537878787878788,NaN,0.0986547085201794,0.228113879003559,0.172460344245697,0.238441215323646,0.17,0.269230769230769
NaN,NaN,0.130044843049327,NaN,0.353358083023962,0.336195508586526,0.275,0.384615384615385
0.696969696969697,0.666666666666667,0.125560538116592,0.380249110320285,NaN,0.272126816380449,0.241,0.230769230769231
NaN,0.351851851851852,NaN,NaN,0.067161660479244,NaN,0.0725,0.192307692307692
0.462121212121212,0.453703703703704,0.103139013452915,0.17846975088968,0.14444819439757,NaN,0.16,0.230769230769231
NaN,0.833333333333333,NaN,NaN,0.392507593655079,0.448480845442536,0.48,NaN
0.522727272727273,NaN,0.125560538116592,NaN,0.139723253459332,NaN,NaN,NaN
NaN,NaN,0.116591928251121,0.46797153024911,NaN,NaN,0.2815,NaN
NaN,0.740740740740741,NaN,NaN,NaN,NaN,NaN,0.538461538461539
0.787878787878788,0.814814814814815,NaN,NaN,0.464056699291259,0.486129458388375,0.469,0.384615384615385
NaN,NaN,NaN,0.489679715302491,0.485656429294634,NaN,0.327,0.307692307692308
0.560606060606061,NaN,0.125560538116592,0.294128113879004,NaN,0.182959048877147,NaN,NaN
NaN,0.564814814814815,NaN,0.290747330960854,NaN,0.218626155878468,NaN,NaN
NaN,NaN,0.121076233183857,NaN,NaN,0.280713342140026,NaN,NaN
NaN,0.611111111111111,NaN,NaN,0.309146135673304,0.261558784676354,0.265,NaN
0.659090909090909,NaN,NaN,NaN,0.330408369895376,NaN,0.255,NaN
NaN,NaN,NaN,0.486654804270463,0.360107998650017,0.433949801849406,NaN,0.269230769230769
NaN,NaN,NaN,NaN,NaN,0.38110964332893,NaN,NaN
NaN,0.62962962962963,0.143497757847534,NaN,NaN,0.264200792602378,0.315,NaN
NaN,NaN,NaN,0.580427046263345,0.572392845089436,NaN,NaN,NaN
NaN,NaN,0.139013452914798,NaN,0.197097536280796,NaN,0.27,NaN
0.416666666666667,0.416666666666667,NaN,NaN,NaN,NaN,0.13,NaN
NaN,0.648148148148148,NaN,0.326334519572954,0.24198447519406,0.354029062087186,0.285,NaN
NaN,0.527777777777778,0.116591928251121,0.214590747330961,0.141410732365845,NaN,0.235,NaN
NaN,0.611111111111111,NaN,0.266725978647687,0.218359770502869,0.276750330250991,0.24,NaN
NaN,0.212962962962963,0.0582959641255605,NaN,0.031724603442457,0.0303830911492734,NaN,0.269230769230769
0.515151515151515,0.564814814814815,0.134529147982063,NaN,NaN,NaN,NaN,NaN
NaN,0.712962962962963,0.147982062780269,NaN,NaN,0.385733157199472,NaN,0.269230769230769
0.75,NaN,NaN,NaN,0.484643941950726,NaN,NaN,NaN
0.477272727272727,NaN,NaN,0.201601423487545,0.19136010799865,0.117569352708058,0.141,0.192307692307692
NaN,0.490740740740741,0.0896860986547085,NaN,NaN,NaN,0.165,0.115384615384615
0.659090909090909,NaN,NaN,NaN,NaN,0.305151915455746,NaN,0.346153846153846
0.810606060606061,0.796296296296296,0.152466367713004,NaN,NaN,NaN,NaN,0.192307692307692
NaN,0.657407407407407,0.116591928251121,NaN,0.221397232534593,0.28665785997358,NaN,NaN
NaN,0.611111111111111,0.10762331838565,0.337544483985765,0.333445831927101,NaN,0.2525,NaN
NaN,NaN,NaN,0.394306049822064,NaN,0.366578599735799,0.355,0.384615384615385
NaN,0.722222222222222,NaN,0.392526690391459,NaN,0.337516512549538,NaN,0.230769230769231
0.765151515151515,NaN,NaN,0.480782918149466,NaN,0.380449141347424,0.405,NaN
NaN,0.509259259259259,0.10762331838565,0.219395017793594,0.185960175497806,0.187582562747688,0.165,NaN
0.643939393939394,0.611111111111111,NaN,NaN,0.36044549443132,0.35336856010568,0.3215,NaN
NaN,0.759259259259259,NaN,NaN,0.419169760377995,NaN,0.369,NaN
NaN,NaN,0.143497757847534,0.421886120996441,NaN,NaN,0.304,NaN
NaN,0.611111111111111,NaN,0.270106761565836,NaN,NaN,0.26,NaN
0.522727272727273,NaN,0.134529147982063,NaN,NaN,NaN,0.28,0.384615384615385
NaN,NaN,NaN,NaN,NaN,0.363936591809775,0.3025,0.269230769230769
0.878787878787879,NaN,0.174887892376682,0.790035587188612,NaN,NaN,0.5265,0.269230769230769
0.659090909090909,NaN,NaN,NaN,NaN,0.320343461030383,NaN,NaN
0.666666666666667,NaN,NaN,0.330427046263345,NaN,0.245706737120211,0.31,0.230769230769231
NaN,0.777777777777778,NaN,NaN,NaN,NaN,NaN,NaN
0.742424242424243,NaN,0.121076233183857,0.42491103202847,NaN,0.28996036988111,0.334,NaN
0.659090909090909,0.638888888888889,0.125560538116592,0.309608540925267,0.257509281133986,0.244385733157199,NaN,0.269230769230769
0.590909090909091,NaN,NaN,NaN,0.251771852851839,0.210700132100396,NaN,NaN
0.666666666666667,NaN,NaN,NaN,NaN,NaN,0.305,0.230769230769231
NaN,NaN,0.147982062780269,NaN,NaN,0.255614266842801,NaN,NaN
0.727272727272727,NaN,NaN,0.481850533807829,0.423557205534931,NaN,NaN,NaN
NaN,0.861111111111111,0.143497757847534,0.547864768683274,NaN,0.485468956406869,0.515,NaN
0.257575757575758,0.222222222222222,NaN,NaN,NaN,NaN,0.04,0.0384615384615385
0.78030303030303,NaN,0.161434977578475,NaN,NaN,0.357331571994716,0.3265,0.307692307692308
NaN,0.768518518518518,0.143497757847534,0.500711743772242,0.4073574080324,NaN,0.44,0.653846153846154
NaN,NaN,NaN,NaN,NaN,NaN,0.1985,0.192307692307692
0.424242424242424,0.444444444444444,0.0807174887892377,0.143772241992883,NaN,NaN,NaN,0.153846153846154
0.681818181818182,0.703703703703704,NaN,0.398220640569395,NaN,NaN,NaN,NaN
NaN,NaN,0.152466367713004,NaN,0.3209584880189,NaN,NaN,0.269230769230769
0.689393939393939,NaN,0.125560538116592,0.410142348754448,0.369557880526493,0.311756935270806,0.3245,0.269230769230769
0.742424242424243,0.722222222222222,0.15695067264574,NaN,0.495781302733716,NaN,0.3795,0.423076923076923
NaN,NaN,NaN,NaN,0.284171447856902,NaN,0.265,0.346153846153846
0.590909090909091,NaN,NaN,0.241281138790036,0.196422544718191,0.1889035667107,NaN,NaN
0.522727272727273,NaN,NaN,NaN,0.16672291596355,NaN,NaN,NaN
NaN,NaN,0.183856502242152,0.903736654804271,0.760715491056362,0.577278731836195,NaN,NaN
0.757575757575758,NaN,0.130044843049327,NaN,0.26290921363483,NaN,NaN,0.423076923076923
NaN,NaN,NaN,0.436654804270463,0.400269996625042,NaN,0.33,NaN
NaN,0.833333333333333,NaN,NaN,0.617617279784003,0.595772787318362,NaN,NaN
1,NaN,0.210762331838565,0.796975088967972,NaN,NaN,0.7925,0.423076923076923
NaN,0.444444444444444,0.0672645739910314,NaN,NaN,0.113606340819022,NaN,NaN
0.613636363636364,NaN,0.125560538116592,NaN,0.286871414107324,0.343461030383091,NaN,NaN
NaN,0.768518518518518,0.134529147982063,0.435053380782918,NaN,0.324306472919419,0.2955,NaN
NaN,0.685185185185185,NaN,0.377580071174377,0.273709078636517,0.330250990752972,NaN,0.384615384615385
NaN,0.75,0.143497757847534,0.56797153024911,0.450894363820452,0.50330250990753,0.38,NaN
NaN,NaN,0.0852017937219731,0.120106761565836,0.0904488693891326,NaN,NaN,0.192307692307692
NaN,0.574074074074074,0.130044843049327,NaN,NaN,0.196169088507266,0.2135,0.269230769230769
NaN,NaN,NaN,0.28220640569395,NaN,NaN,NaN,0.115384615384615
NaN,NaN,NaN,0.247686832740214,NaN,0.206076618229855,NaN,NaN
NaN,0.601851851851852,0.152466367713004,NaN,0.217684778940263,0.175693527080581,0.385,0.384615384615385
0.621212121212121,0.638888888888889,0.121076233183857,NaN,NaN,NaN,NaN,0.576923076923077
NaN,NaN,0.0807174887892377,NaN,NaN,NaN,0.13,0.230769230769231
NaN,0.768518518518518,0.15695067264574,NaN,0.376307796152548,NaN,0.3935,0.269230769230769
0.71969696969697,NaN,0.125560538116592,NaN,NaN,0.321003963011889,0.284,0.230769230769231
NaN,0.62962962962963,NaN,0.355516014234875,NaN,0.26221928665786,0.2825,0.269230769230769
0.666666666666667,NaN,0.121076233183857,NaN,NaN,0.287318361955086,NaN,0.307692307692308
0.856060606060606,0.833333333333333,NaN,0.608896797153025,0.425582180222747,NaN,NaN,NaN
0.78030303030303,NaN,NaN,0.577580071174377,NaN,0.483487450462351,0.386,0.230769230769231
0.696969696969697,NaN,NaN,NaN,0.314883563955451,0.312417437252312,0.275,0.269230769230769
NaN,0.768518518518518,NaN,0.599644128113879,NaN,NaN,NaN,NaN
0.946969696969697,0.962962962962963,NaN,NaN,1,NaN,NaN,0.307692307692308
0.537878787878788,0.527777777777778,NaN,NaN,0.172460344245697,NaN,0.188,NaN
NaN,0.694444444444444,NaN,NaN,NaN,NaN,0.401,0.307692307692308
0.757575757575758,NaN,0.147982062780269,NaN,NaN,NaN,NaN,0.307692307692308
NaN,NaN,NaN,0.618149466192171,0.475194060074249,0.552840158520476,0.511,NaN
NaN,0.398148148148148,NaN,0.107829181494662,NaN,NaN,0.09,0.192307692307692
0.712121212121212,NaN,NaN,0.486476868327402,0.393520080998988,0.372523117569353,0.376,0.307692307692308
NaN,0.462962962962963,0.0582959641255605,NaN,NaN,0.16116248348745,0.15,0.307692307692308
NaN,NaN,NaN,NaN,NaN,NaN,NaN,NaN
0.696969696969697,NaN,0.143497757847534,0.484519572953737,0.372595342558218,0.431968295904888,0.287,0.346153846153846
0.689393939393939,NaN,NaN,0.391637010676157,NaN,0.287318361955086,0.31,0.461538461538462
0.492424242424242,0.509259259259259,NaN,0.222241992882562,NaN,NaN,0.1525,NaN
NaN,NaN,NaN,0.622241992882562,NaN,NaN,NaN,NaN
0.628787878787879,0.657407407407407,NaN,NaN,0.214647316908539,0.311756935270806,0.28,NaN
0.462121212121212,0.453703703703704,0.112107623318386,NaN,0.135335808302396,0.147952443857332,NaN,NaN
0.689393939393939,0.675925925925926,NaN,0.359786476868327,NaN,NaN,0.2985,0.269230769230769
NaN,NaN,NaN,NaN,NaN,NaN,NaN,0.307692307692308
NaN,NaN,NaN,0.498042704626335,NaN,0.388375165125495,0.36,0.461538461538462
NaN,NaN,NaN,NaN,NaN,0.488110964332893,0.429,NaN
0.628787878787879,0.611111111111111,NaN,NaN,NaN,0.288639365918098,NaN,0.192307692307692
NaN,0.453703703703704,0.0986547085201794,NaN,0.132298346270672,0.174372523117569,0.14,0.384615384615385
0.704545454545455,NaN,0.134529147982063,0.376156583629893,0.320620992237597,NaN,0.307,NaN
0.765151515151515,0.787037037037037,NaN,NaN,0.395545055686804,0.362615587846764,0.485,NaN
NaN,0.416666666666667,0.112107623318386,NaN,NaN,NaN,0.155,NaN
0.727272727272727,0.740740740740741,NaN,NaN,NaN,0.293923381770145,0.305,0.269230769230769
NaN,NaN,0.0852017937219731,0.158007117437722,NaN,0.112945838837517,0.111,NaN
NaN,0.444444444444444,0.0896860986547085,NaN,NaN,0.116248348745046,0.1295,0.230769230769231
NaN,0.833333333333333,NaN,0.647153024911032,0.566317921025987,0.553500660501982,0.45,0.307692307692308
NaN,0.592592592592593,0.121076233183857,0.227580071174377,0.173472831589605,NaN,NaN,NaN
0.787878787878788,0.740740740740741,NaN,0.486298932384342,NaN,0.415455746367239,NaN,0.269230769230769
NaN,0.722222222222222,NaN,0.444483985765125,NaN,0.441875825627477,0.31,0.230769230769231
0.727272727272727,0.703703703703704,NaN,0.401957295373665,0.317921025987175,0.396961690885073,0.3105,0.230769230769231
NaN,NaN,0.116591928251121,NaN,0.233547080661492,NaN,NaN,0.192307692307692
NaN,NaN,0.130044843049327,0.454092526690392,0.421532230847114,0.382430647291942,0.315,0.307692307692308
0.545454545454546,NaN,NaN,0.212455516014235,0.199460006749916,NaN,0.1365,NaN
0.757575757575758,NaN,0.125560538116592,0.453380782918149,NaN,0.373183619550859,NaN,NaN
0.621212121212121,0.62962962962963,0.143497757847534,0.434519572953737,0.353695578805265,0.320343461030383,NaN,NaN
NaN,NaN,0.134529147982063,NaN,0.317583530205872,0.308454425363276,0.3135,NaN
NaN,NaN,0.10762331838565,0.286832740213523,0.261221734728316,0.254953764861295,0.2,0.192307692307692
0.295454545454545,0.268518518518519,NaN,NaN,NaN,NaN,NaN,NaN
0.931818181818182,0.944444444444444,0.161434977578475,0.889679715302491,NaN,NaN,NaN,NaN
0.772727272727273,0.787037037037037,NaN,NaN,0.504218697266284,0.512549537648613,NaN,NaN
0.606060606060606,NaN,0.116591928251121,NaN,0.33209584880189,0.217965653896962,0.2335,0.230769230769231
NaN,0.953703703703704,NaN,0.885943060498221,0.803239959500506,0.673712021136063,NaN,0.307692307692308
NaN,0.759259259259259,0.147982062780269,0.476334519572954,0.322645966925413,0.459709379128137,0.37,NaN
0.765151515151515,0.731481481481481,0.134529147982063,NaN,0.393182585217685,NaN,0.34,NaN
0.53030303030303,0.5,0.103139013452915,NaN,NaN,0.231836195508587,0.215,NaN
0.568181818181818,0.592592592592593,NaN,0.270284697508897,NaN,NaN,NaN,0.538461538461539
0.310606060606061,NaN,0.0672645739910314,NaN,0.0526493418832265,0.0468956406869221,0.05,NaN
NaN,NaN,0.147982062780269,NaN,NaN,NaN,NaN,0.269230769230769
NaN,0.546296296296296,NaN,NaN,0.213297333783328,0.252311756935271,NaN,NaN
NaN,NaN,0.15695067264574,0.502669039145907,NaN,0.416116248348745,0.56,0.576923076923077
0.643939393939394,NaN,NaN,NaN,NaN,NaN,NaN,0.269230769230769
0.734848484848485,NaN,NaN,0.419928825622776,0.371245359433007,NaN,NaN,0.307692307692308
NaN,NaN,NaN,NaN,NaN,NaN,0.29,NaN
NaN,0.62962962962963,NaN,0.385409252669039,NaN,0.28005284015852,NaN,0.423076923076923
0.833333333333333,0.824074074074074,NaN,NaN,NaN,0.42338177014531,NaN,0.615384615384615
NaN,NaN,NaN,0.289679715302491,0.222747215659804,0.260898282694848,0.2435,NaN
NaN,0.666666666666667,NaN,0.354092526690391,NaN,0.285336856010568,NaN,NaN
0.409090909090909,NaN,0.0852017937219731,NaN,0.11238609517381,0.111624834874505,NaN,NaN
0.553030303030303,0.537037037037037,NaN,NaN,0.171785352683091,NaN,NaN,0.461538461538462
NaN,NaN,0.0986547085201794,0.238790035587189,0.194735065811677,0.222589167767503,NaN,NaN
0.71969696969697,NaN,0.143497757847534,0.429003558718861,NaN,0.32892998678996,0.335,NaN
NaN,0.648148148148148,0.103139013452915,0.386654804270463,NaN,NaN,NaN,NaN
NaN,0.509259259259259,NaN,0.211209964412811,0.20249746878164,NaN,NaN,NaN
0.674242424242424,NaN,NaN,0.438256227758007,0.355720553493081,NaN,0.285,0.230769230769231
0.75,0.712962962962963,NaN,NaN,NaN,0.352047556142668,0.315,NaN
NaN,0.453703703703704,NaN,NaN,0.14073574080324,0.209379128137384,0.135,0.269230769230769
NaN,NaN,NaN,NaN,0.364495443806952,NaN,0.46,NaN
0.553030303030303,NaN,0.0986547085201794,NaN,NaN,NaN,0.21,NaN
0.583333333333333,0.574074074074074,NaN,0.281850533807829,NaN,NaN,0.23,NaN
NaN,0.0833333333333333,NaN,NaN,NaN,0.00330250990752972,0.0105,NaN
NaN,0.398148148148148,0.0941704035874439,NaN,0.106986162672967,0.127476882430647,0.15,NaN
0.689393939393939,NaN,0.134529147982063,0.446975088967972,0.327370907863652,NaN,NaN,0.346153846153846
NaN,NaN,0.10762331838565,0.230427046263345,0.206884913938576,0.177014531043593,0.195,0.269230769230769
0.628787878787879,0.657407407407407,NaN,0.312455516014235,NaN,NaN,0.258,NaN
0.803030303030303,0.740740740740741,0.134529147982063,0.544306049822064,0.458656766790415,0.494715984147952,NaN,0.269230769230769
0.575757575757576,NaN,0.121076233183857,NaN,NaN,0.359313077939234,NaN,NaN
0.598484848484849,NaN,0.116591928251121,NaN,NaN,0.249009247027741,0.25,NaN
0.75,0.731481481481481,NaN,0.424199288256228,NaN,0.342140026420079,0.385,0.269230769230769
0.712121212121212,NaN,NaN,0.333629893238434,NaN,NaN,NaN,0.461538461538462
NaN,NaN,NaN,0.354448398576513,NaN,NaN,NaN,NaN
NaN,NaN,0.112107623318386,0.166014234875445,NaN,0.139365918097754,0.155,NaN
NaN,NaN,NaN,0.270640569395018,0.211609854876814,0.239762219286658,0.215,NaN
NaN,0.703703703703704,0.139013452914798,NaN,NaN,0.35667107001321,NaN,NaN
0.704545454545455,NaN,NaN,NaN,NaN,0.260237780713342,0.223,0.230769230769231
0.71969696969697,NaN,NaN,0.419928825622776,0.327708403644954,NaN,0.365,0.307692307692308
0.810606060606061,0.787037037037037,NaN,0.644306049822064,0.533580830239622,0.536327608982827,0.494,NaN
0.734848484848485,0.768518518518518,NaN,NaN,NaN,0.40224570673712,NaN,0.5
0.621212121212121,NaN,NaN,NaN,NaN,0.276089828269485,0.2425,NaN
0.568181818181818,NaN,0.0986547085201794,NaN,0.190685116436045,0.19550858652576,0.175,NaN
0.522727272727273,0.5,0.0941704035874439,0.199644128113879,0.179885251434357,0.174372523117569,0.14,0.230769230769231
0.613636363636364,NaN,NaN,NaN,NaN,NaN,0.2165,0.192307692307692
NaN,NaN,NaN,NaN,NaN,NaN,0.466,NaN
0.651515151515151,NaN,NaN,NaN,NaN,NaN,NaN,0.307692307692308
0.636363636363636,0.648148148148148,0.152466367713004,NaN,0.298346270671617,0.282694848084544,NaN,0.461538461538462
0.803030303030303,NaN,NaN,NaN,NaN,NaN,0.4685,NaN
NaN,NaN,NaN,NaN,0.41478231522106,0.317701453104359,NaN,NaN
0.53030303030303,NaN,0.0896860986547085,NaN,NaN,0.138044914134742,0.205,0.307692307692308
NaN,NaN,NaN,NaN,NaN,0.317701453104359,NaN,0.192307692307692
NaN,0.805555555555556,0.152466367713004,NaN,0.458994262571718,0.409511228533686,0.542,0.307692307692308
0.462121212121212,NaN,0.0986547085201794,0.16067615658363,NaN,NaN,NaN,0.269230769230769
NaN,NaN,0.15695067264574,NaN,NaN,0.537648612945839,0.4845,0.269230769230769
NaN,0.592592592592593,NaN,0.303202846975089,0.265609179885251,0.223249669749009,0.224,NaN
0.742424242424243,NaN,NaN,0.48202846975089,NaN,NaN,0.335,0.269230769230769
NaN,NaN,0.0852017937219731,NaN,NaN,NaN,NaN,0.230769230769231
NaN,0.768518518518518,0.161434977578475,0.499822064056939,NaN,NaN,0.3855,NaN
0.568181818181818,NaN,0.121076233183857,0.31085409252669,NaN,NaN,0.21,0.192307692307692
NaN,NaN,NaN,0.509074733096085,0.43334458319271,NaN,0.445,NaN
NaN,NaN,0.121076233183857,0.244839857651246,0.229834627067162,0.173051519154557,0.1835,NaN
NaN,0.537037037037037,NaN,NaN,0.245359433007087,0.207397622192867,NaN,0.192307692307692
NaN,0.537037037037037,0.112107623318386,NaN,NaN,0.28005284015852,0.175,NaN
0.424242424242424,NaN,0.0807174887892377,NaN,0.087411407357408,0.125495376486129,0.125,0.230769230769231
NaN,0.814814814814815,0.161434977578475,NaN,0.486331420857239,0.471598414795244,NaN,NaN
NaN,NaN,NaN,0.0138790035587189,0.0134998312521093,NaN,0.01,NaN
NaN,NaN,0.139013452914798,NaN,0.400607492406345,NaN,0.3265,NaN
NaN,0.435185185185185,NaN,NaN,NaN,NaN,0.143,0.384615384615385
0.681818181818182,NaN,NaN,NaN,0.280121498481269,0.322985468956407,0.335,0.384615384615385
0.628787878787879,NaN,NaN,0.343060498220641,NaN,NaN,NaN,0.230769230769231
NaN,0.731481481481481,NaN,NaN,0.327708403644954,NaN,0.32,NaN
NaN,NaN,0.0986547085201794,NaN,NaN,NaN,0.154,0.230769230769231
NaN,NaN,NaN,0.33576512455516,NaN,NaN,NaN,NaN
