0.65365204249213,NaN,NaN,0.376334200406399,0.234392491118665
NaN,NaN,0.0297416238887395,NaN,0.0950513711759143
NaN,NaN,0.0293589169075074,NaN,NaN
NaN,0.065420344873186,NaN,NaN,NaN
0.71504411259214,NaN,NaN,0.450934916569038,0.0832883942034912
0.685291983347974,NaN,NaN,NaN,0.177804968436118
NaN,0.0503098384312838,NaN,0.143850069167279,NaN
NaN,0.0790871907462513,NaN,0.261114751494212,NaN
NaN,NaN,0.0484877245229942,0.298768888624134,NaN
0.738128884063269,0.0537532576200735,NaN,NaN,NaN
0.605785651540531,NaN,NaN,NaN,0.210992409333708
0.722240712348798,NaN,0.0382856592524448,0.329391129379215,0.157014337925218
NaN,NaN,NaN,0.375946996022054,NaN
NaN,0.0516368512261587,0.0269964833574277,NaN,0.19837069031615
0.681800077476661,NaN,NaN,0.272366844714495,0.0834270452628619
NaN,0.0632635159833436,NaN,0.442257567032691,0.128072047435275
0.739760258837523,0.0548515945808447,0.0272280246432467,0.366764626066467,0.202711682469906
NaN,0.0563120016122801,NaN,NaN,0.250598691440693
0.630414500139131,NaN,NaN,NaN,0.0964992204871317
NaN,NaN,0.034901594305859,NaN,0.142238735400107
NaN,NaN,NaN,0.19811957665654,0.194469292304547
NaN,0.060039533201017,0.0274747861254762,0.299083285346465,NaN
NaN,NaN,NaN,NaN,0.217530094308278
0.672748402725869,NaN,NaN,0.231388044981897,NaN
NaN,NaN,0.0401923936453154,0.270682340170635,0.106444399008357
NaN,0.0524366391812943,NaN,NaN,0.114864415876505
0.691631974945575,NaN,NaN,0.307175526035358,0.313664477215222
0.676540394257997,0.0603219132082815,0.0684352491717785,0.269331427096364,NaN
NaN,NaN,NaN,NaN,NaN
NaN,0.0749485046275096,NaN,0.515279680705308,0.0904356326833133
NaN,NaN,0.0280280240732989,0.249848758629363,0.152578781915301
0.643536427671172,0.0534668353632163,0.0242549697665371,0.201885056558316,0.102163467682163
NaN,NaN,NaN,NaN,0.187346972678713
NaN,0.0623407281477431,NaN,NaN,0.162784011040969
NaN,NaN,NaN,NaN,NaN
NaN,NaN,NaN,0.334662404109,NaN
0.617379870253872,0.0581298590005596,NaN,0.241920004236082,0.0834986070999565
0.709844446505639,NaN,0.0850880870486427,NaN,NaN
0.690349790758453,NaN,0.0223653985738741,NaN,0.0707982978505891
NaN,0.0644559796132029,0.0358789252157916,0.387892085807139,NaN
0.73512802745511,0.054907031146688,0.0299130615904354,NaN,NaN
0.709096960405061,NaN,NaN,NaN,0.116117386970634
NaN,NaN,NaN,0.291044657572328,0.181329388913027
0.752091051445594,0.0538641307517603,NaN,0.349582017831258,NaN
NaN,0.202095733174569,0.132897638479662,0.176874300880973,0.266601068315997
0.696105979343194,0.0572573105527545,NaN,0.325588583758596,NaN
NaN,NaN,NaN,0.407014025403255,NaN
NaN,0.0642532896693382,NaN,NaN,NaN
0.687627195399414,0.0369080486386569,NaN,NaN,NaN
NaN,NaN,0.0438821578559756,NaN,NaN
0.691162750094118,NaN,0.0250886479290721,NaN,NaN
NaN,NaN,NaN,0.226720411958989,NaN
0.614919167835182,0.121578741000942,NaN,NaN,NaN
0.726960241377993,0.0443636892803583,NaN,NaN,0.126584583535666
0.607296992050458,NaN,NaN,NaN,NaN
NaN,NaN,NaN,0.303437183534878,NaN
0.68759445878187,NaN,NaN,NaN,NaN
NaN,0.0603675328822568,NaN,0.195036503114182,NaN
0.597787004654056,NaN,NaN,0.371120509918389,0.104187006415008
NaN,0.180955922732977,0.179938408074968,NaN,NaN
0.716555453102067,NaN,NaN,0.359612266105386,NaN
NaN,NaN,NaN,NaN,0.153561479285404
NaN,NaN,0.0237777032671803,NaN,0.17814999872211
0.729268172914814,0.0423489165904895,NaN,0.160525671319738,0.117793978582564
0.702964300718569,NaN,0.0136578918240408,NaN,0.15049582129987
NaN,NaN,0.0369877327159935,NaN,0.190581312137399
NaN,NaN,NaN,0.0748522335405042,NaN
NaN,0.073550463732648,0.0403258132393818,0.412199254714296,NaN
NaN,0.0643456839457438,0.0405376006532638,NaN,NaN
NaN,0.107080924104454,0.106171621250788,0.361676694267389,NaN
NaN,NaN,0.0211276403883391,NaN,NaN
0.722546254112538,NaN,0.0233188953038959,0.222725256977953,NaN
0.722464412568679,NaN,0.0516800797616012,NaN,NaN
NaN,0.0591005763670455,NaN,NaN,NaN
NaN,NaN,NaN,NaN,NaN
0.820494213802849,NaN,NaN,0.167247142299266,NaN
NaN,0.0454314206370701,NaN,0.214069749740209,NaN
NaN,0.0687979331400368,NaN,0.285820376878934,NaN
NaN,NaN,0.0204681848996092,NaN,NaN
0.654628684915512,0.0565585788374375,NaN,NaN,NaN
NaN,0.0736902100757113,0.0506412203980943,NaN,0.108237917550541
0.744452507352099,NaN,NaN,0.0597631765321049,0.0517597822475528
NaN,NaN,NaN,NaN,0.152051652311703
0.726720172849341,NaN,NaN,0.282824672530993,0.156379865565977
NaN,0.0766808973101138,0.043342650468319,NaN,NaN
0.740878759936927,NaN,NaN,NaN,0.204147391826616
NaN,0.0472943202350972,0.0245242700928128,0.262585466266886,NaN
0.622590448546221,0.0948629359782734,NaN,NaN,0.126194188156516
0.636896350412754,0.0502001202280522,0.0286467412490833,NaN,0.213564801799269
NaN,NaN,0.0282519876443093,NaN,NaN
0.671253430524713,NaN,0.0400395440132782,NaN,NaN
NaN,0.0575997468396827,NaN,NaN,NaN
0.719774553827183,0.0524701321064913,NaN,NaN,NaN
NaN,NaN,0.033814159847425,NaN,NaN
0.649429018829011,NaN,0.165068600015894,0.236313152373199,0.097784777774938
0.675694698304789,0.0616471936104738,NaN,NaN,NaN
NaN,0.0456231387606116,NaN,0.170954376071431,NaN
NaN,0.0343094596147505,0.0152905331479362,NaN,NaN
NaN,NaN,0.0395181713277277,0.241651939662305,0.189586474812789
NaN,NaN,0.0331826836133731,0.461997709868086,NaN
1,NaN,0.0297416238887395,NaN,NaN
NaN,0.0479433900268463,NaN,NaN,NaN
NaN,NaN,NaN,NaN,NaN
NaN,NaN,0.0647098632248384,NaN,NaN
NaN,0.0743184911552691,0.053499378983603,0.373334524731439,0.142152477828609
0.690704437448508,NaN,0.0264474552511653,NaN,0.155820149768702
NaN,NaN,NaN,NaN,0.0842627852889309
0.546428707831145,0.0731006190993984,NaN,0.448958519489287,0.192558846832111
NaN,0.0716488740313759,NaN,NaN,NaN
NaN,NaN,NaN,NaN,NaN
NaN,NaN,NaN,NaN,NaN
0.76927777565596,NaN,NaN,NaN,NaN
0.747529749401193,NaN,NaN,0.290947360060364,NaN
0.672366475521194,NaN,NaN,NaN,0.127375597413551
0.719970973532445,0.156739960351306,NaN,NaN,NaN
NaN,0.0681950604864905,NaN,0.373893819953271,NaN
0.713025354510287,NaN,NaN,NaN,NaN
NaN,0.053967496848489,0.0254321710003963,NaN,0.231554297543896
NaN,NaN,0.0263233620753249,NaN,NaN
NaN,0.0554504249847982,0.0360848836182824,0.274586154630236,0.10608275615304
0.677898963886055,NaN,0.158528449234913,0.239951549810369,0.356361975106704
0.614007998646886,0.0527034276544154,NaN,0.254006738018175,NaN
0.659850175413709,0.0772855023563428,0.0455492551138726,0.511585684689872,NaN
NaN,NaN,0.0425648012815535,NaN,0.134648708053262
NaN,0.068718243076637,NaN,NaN,NaN
NaN,NaN,NaN,0.0977727474302205,NaN
NaN,NaN,NaN,NaN,NaN
NaN,NaN,0.0276195399083589,0.221658293785535,0.118427811996831
NaN,0.0622517986567027,NaN,NaN,NaN
0.651485969631331,NaN,0.0357241325799574,NaN,NaN
NaN,NaN,NaN,NaN,NaN
0.616043125037511,0.160146421829534,0.116952701652868,0.200221070537387,0.122899787870269
NaN,NaN,NaN,0.335176029070114,NaN
0.653712059624293,NaN,NaN,NaN,NaN
0.685662998346801,0.0607804198049441,NaN,NaN,0.18672783499885
NaN,0.0598431953636552,0.0274747861254762,NaN,0.225379533314591
0.742084558683115,0.0554198193807389,NaN,0.335567204781478,NaN
NaN,NaN,NaN,0.417320280905198,NaN
NaN,NaN,NaN,NaN,0.152077849055639
0.789356234416006,NaN,0.0472610414591026,NaN,NaN
0.791751463599609,0.0505298523019745,0.0227560718706742,0.270428175241424,NaN
0.739591119646881,NaN,NaN,0.339004388316356,0.0945958034094104
NaN,NaN,NaN,0.218092042122542,NaN
NaN,0.0641325996457834,NaN,0.361560863896004,0.198712525877271
NaN,0.0656178376390029,NaN,NaN,0.122935568788816
NaN,NaN,NaN,NaN,NaN
0.655845395867548,0.0710419591282369,NaN,NaN,0.172088327753214
0.547579945548093,NaN,0.0357649356596961,0.486553748601762,NaN
NaN,0.04829622066987,0.0264285433475404,NaN,0.123053773609017
NaN,0.0414463400028527,NaN,0.139073224651351,NaN
0.659675580120143,NaN,0.0276690865051845,NaN,0.234346487080533
NaN,0.0856714378686027,NaN,NaN,NaN
NaN,0.0559066217245507,NaN,0.341898161937478,NaN
NaN,NaN,0.0202496617392306,0.186027547771755,NaN
0.767509998308608,NaN,NaN,0.182099243462203,NaN
0.691948428915163,NaN,NaN,NaN,NaN
NaN,NaN,0.043414541608811,NaN,0.0950290081018222
NaN,0.0549266649304242,NaN,0.355513856621857,0.152288061952105
NaN,NaN,NaN,0.201788420934188,NaN
0.695052951478877,NaN,0.0484216623938934,0.405233547123105,0.158439185217369
0.733583950327639,0.0494153463428324,NaN,NaN,NaN
NaN,NaN,0.0454300842143183,0.21796231210659,NaN
NaN,NaN,0.0180836011062427,0.21880092399542,0.183981010555371
NaN,0.0626773897923958,NaN,NaN,0.173141948015437
NaN,0.0698904954585326,NaN,NaN,NaN
NaN,0.0672797796858479,0.0359203759634628,NaN,0.142674495872415
NaN,0.0648792608919859,NaN,NaN,0.128741022823115
NaN,0.0713150997078609,0.0384313845372261,NaN,NaN
NaN,0.0834597498771444,0.047270756478088,0.46273174347875,NaN
0.672246441256868,NaN,NaN,NaN,0.18136772561147
NaN,0.0642786980953498,0.0357176559006337,0.455288814757451,NaN
0.670669627511853,0.0428524653968999,0.0222516680849515,NaN,NaN
0.715682476634239,NaN,0.0407960201582758,0.322044174394207,NaN
NaN,NaN,0.0341211544473641,NaN,0.22721969483988
0.788897921770396,NaN,0.0278248506429173,NaN,NaN
0.592385462759369,0.0587795062565362,NaN,NaN,NaN
0.810062145012303,NaN,0.0354411016935157,NaN,NaN
0.66857994009199,0.0601532936538414,0.0557856467848371,0.244858124342249,NaN
NaN,0.0332001508336562,NaN,0.1013151711311,NaN
NaN,NaN,0.0254870932410605,0.279521852226922,NaN
NaN,NaN,0.0398264612635315,0.324523606229688,NaN
NaN,NaN,NaN,0.265206542099376,NaN
NaN,0.0900347575718553,NaN,0.35266244382227,0.12795639839497
NaN,0.0583354362655619,0.029849590133064,0.147711522805345,0.124946967567153
NaN,0.0676539765052904,NaN,NaN,NaN
NaN,0.197173428099063,0.221314673933846,0.343241132357711,NaN
NaN,0.0560804384570387,0.0320453787241473,0.336929369948968,NaN
NaN,0.0515144288099213,NaN,NaN,0.162748869067396
NaN,0.0610893631666752,NaN,0.419159005314959,NaN
NaN,0.0569137193373713,NaN,0.377963106371994,0.111487591688604
NaN,0.147372335652237,NaN,0.205571109919713,NaN
NaN,NaN,NaN,0.38971955812368,NaN
0.677784385724652,NaN,NaN,0.202531720974564,NaN
0.692035726561946,0.0518349214562031,0.0285485547905374,0.313908910995943,0.247051268944719
0.756401372755496,NaN,0.0305723227787856,0.231617720061158,0.129220231553659
NaN,NaN,NaN,NaN,0.0653161499731643
0.676022064480224,NaN,NaN,NaN,NaN
0.722628095656396,NaN,NaN,NaN,NaN
NaN,NaN,NaN,NaN,0.165716129526925
NaN,NaN,NaN,NaN,0.112766120581695
NaN,0.0571857049885403,NaN,NaN,NaN
0.725590759544088,NaN,0.0582584429505912,0.171689733457768,0.067973522120275
0.664204145547002,NaN,0.1078730449091,NaN,0.166944181767066
NaN,0.0936750920622345,NaN,0.546860996935459,0.121251948782171
NaN,NaN,0.0276437626890292,0.309979282910718,0.216623431390089
NaN,NaN,0.0259029608204295,NaN,NaN
0.629699750656096,NaN,NaN,NaN,0.0584765634983515
NaN,NaN,NaN,NaN,0.172626319421371
NaN,NaN,NaN,NaN,NaN
0.721662365438862,NaN,NaN,NaN,NaN
0.632755168293495,0.0637058535816353,NaN,NaN,0.157035423109362
0.692925071338546,0.0629268543386908,NaN,0.339217516199705,NaN
0.701774870281153,NaN,NaN,NaN,NaN
0.684200762763189,NaN,NaN,NaN,0.29435492115419
NaN,NaN,NaN,NaN,0.199877961509955
0.712005063263513,0.0817406388717735,NaN,NaN,NaN
0.707132763352448,0.047025221905066,0.0242364464636716,0.188795562703944,NaN
NaN,0.0561809172326297,0.0349728377784187,0.421316759661908,0.10440935926598
0.649085284344804,0.0680928493182169,NaN,0.322768941575161,NaN
NaN,0.0696647069455665,0.087286919679008,0.12489823474514,NaN
NaN,0.0436210702837486,NaN,NaN,0.315307204743527
NaN,0.0450941815281898,NaN,NaN,NaN
0.741959068315865,0.0472302217058409,NaN,NaN,0.145847496613592
NaN,NaN,0.184507057669842,NaN,NaN
0.733638511356878,0.054666228563806,0.033062217377954,NaN,0.216701382676924
0.503939306311074,0.0472302217058409,NaN,0.109542436938636,NaN
0.729628275707793,0.0341321780968973,NaN,NaN,NaN
NaN,NaN,NaN,NaN,NaN
NaN,NaN,0.0385330684026067,NaN,0.147833337592966
0.624772889715792,0.0518354989204306,NaN,0.238544376269997,NaN
0.63808578085017,NaN,NaN,NaN,0.147407800240243
NaN,0.0537821308314503,0.0458834517669709,0.282702223281243,0.0764165410074884
0.658966286740033,NaN,0.0368465411067389,NaN,NaN
NaN,0.0726865772482559,0.0421820295335282,NaN,0.133536304853426
NaN,0.0495978250387334,NaN,NaN,0.250633194469292
NaN,NaN,0.0457662238712136,NaN,0.179799115700156
0.674314304265036,0.0688920598091249,NaN,NaN,NaN
NaN,NaN,NaN,0.353456047338218,0.138673422444859
NaN,NaN,NaN,NaN,NaN
NaN,0.0564939028439536,0.0326833316375228,NaN,NaN
0.709195170257692,NaN,0.0391574202894027,0.463754360186123,0.132827075932221
NaN,NaN,NaN,0.283110608076355,0.165633705625272
0.736502965391939,NaN,NaN,NaN,0.128498223732972
0.608240897856297,NaN,NaN,NaN,0.153127635648018
NaN,0.0730717458880216,0.0535252857008975,0.112079453015892,0.0490176221023845
NaN,NaN,0.026634177916065,NaN,0.344354282209216
0.665038929294362,NaN,NaN,0.394425580641105,NaN
0.682422073209989,0.0794602326372387,NaN,NaN,NaN
NaN,NaN,NaN,NaN,0.11598129169116
NaN,0.0697628758642474,NaN,NaN,0.181445676898305
0.761213655534398,NaN,0.0307001724286337,NaN,NaN
NaN,0.0504438101320718,NaN,0.117369922492934,NaN
0.558563080733955,0.0544225386597864,0.0267682451780636,0.286868145324093,NaN
0.733354794004834,NaN,0.0471204975177802,NaN,NaN
0.715829791413185,0.0410392277224407,NaN,NaN,NaN
NaN,0.0697686505065228,0.0507714016524988,0.250419967832251,NaN
NaN,NaN,NaN,NaN,0.339517468755591
NaN,NaN,NaN,0.427513353587101,NaN
NaN,NaN,0.0211420186164375,NaN,NaN
NaN,NaN,0.017111192472596,NaN,NaN
0.592920160845914,0.0527571318275761,0.0297416238887395,0.232937524407114,NaN
NaN,NaN,0.101524603836098,0.136238359047676,NaN
NaN,0.0539305391379268,NaN,NaN,0.224152120019424
0.685990364522236,0.0456901246110056,NaN,NaN,0.398679939683594
0.663996813635892,0.0742642095178809,NaN,NaN,0.0925454289876556
NaN,0.0647510638334732,NaN,0.395058345412786,0.174371278145526
NaN,NaN,0.0195850249070418,0.154129849155762,NaN
NaN,NaN,0.0328180465674539,NaN,0.078377463132875
NaN,NaN,NaN,0.204854285392797,NaN
0.727576781008397,NaN,0.0166882005459711,0.130253569230158,0.126203772331127
NaN,0.0577862677851764,NaN,0.373635683697041,0.186511232652644
0.688647486646188,NaN,NaN,NaN,0.178173000741176
NaN,0.0672070191931785,NaN,0.384784522414832,0.175851074705446
NaN,NaN,0.0194146234740377,0.157599465194628,NaN
0.767848276689891,NaN,0.0300801599169845,0.372552835196548,NaN
NaN,NaN,0.025207948362213,NaN,NaN
0.740742357363829,NaN,0.0321451195857309,0.423834580991905,0.169271858307563
NaN,0.0500597964207612,NaN,NaN,NaN
0.742706554416443,0.0417552833645838,0.0284582698807663,NaN,0.144631584327958
0.701583906678816,0.0740465055041003,0.0400907097799347,NaN,NaN
0.732416344301919,0.0914616716780937,NaN,0.250940873559567,0.174316967822731
NaN,0.0407828336054152,NaN,NaN,0.105352442047691
0.705086724755976,NaN,0.0269196699406496,NaN,NaN
NaN,NaN,NaN,0.0913008081650484,NaN
0.697808283455459,NaN,NaN,NaN,NaN
0.618547476279593,0.0428992399993302,NaN,NaN,NaN
0.516079135316809,NaN,NaN,NaN,NaN
0.691031803623944,NaN,NaN,0.485307413805657,NaN
NaN,NaN,NaN,0.226145231429082,0.0981560048048662
NaN,NaN,NaN,NaN,NaN
NaN,NaN,0.0606528712965295,0.137867926901107,NaN
0.851604912675073,NaN,NaN,NaN,NaN
NaN,NaN,NaN,NaN,0.139645257750402
0.731346948128829,0.0655167813991843,0.0397804768403339,NaN,0.178320597030184
0.714427572961736,0.0582661405582577,NaN,0.299026362992527,0.188936028829197
NaN,NaN,NaN,NaN,0.0945894139596698
NaN,NaN,NaN,NaN,NaN
NaN,NaN,0.0302017919546819,NaN,0.110954711580239
0.782236020100283,NaN,NaN,0.345770205780928,NaN
0.624014491409366,NaN,NaN,NaN,0.087348250568661
0.653935759844174,NaN,0.0303775690315247,NaN,NaN
NaN,0.0692379608814183,0.0606787780138239,NaN,NaN
NaN,NaN,0.0308981645155564,0.293831205363939,NaN
NaN,NaN,NaN,NaN,0.0781212461982774
NaN,NaN,0.0331859219530349,NaN,NaN
NaN,NaN,0.0226422118481651,NaN,NaN
0.771225604399801,NaN,0.0366140283190213,NaN,0.192091778056074
0.624347313687725,NaN,NaN,0.293197116816584,NaN
0.738330759871454,0.0557587908823018,NaN,NaN,NaN
NaN,NaN,0.0241069128771993,0.265284644864081,0.180857847522171
NaN,NaN,NaN,NaN,NaN
NaN,0.0614745318064409,0.0353005577521933,0.333811878239114,0.17011207094845
0.843939088066957,NaN,NaN,NaN,0.0997169473764919
0.704792095198084,NaN,NaN,NaN,0.0491237508625757
NaN,NaN,NaN,0.23993434072662,NaN
NaN,0.0922724314535525,NaN,NaN,NaN
0.728618896666867,NaN,0.0256613159148656,NaN,NaN
NaN,NaN,NaN,NaN,NaN
NaN,NaN,NaN,NaN,NaN
NaN,0.0689319048408249,NaN,0.344427235360696,NaN
NaN,NaN,NaN,NaN,0.177233112684336
NaN,NaN,0.0237982991074294,0.185075753062886,NaN
NaN,NaN,NaN,NaN,0.0811837094589414
NaN,NaN,NaN,NaN,NaN
NaN,0.0497964727330054,0.0261794502607544,0.252436740070028,NaN
NaN,0.0994000724140142,NaN,0.181747781021028,0.0769283359317096
NaN,NaN,0.0299359242684477,NaN,0.150477930840596
0.645222363474665,NaN,NaN,NaN,0.135999437728423
NaN,0.0465372646327992,NaN,NaN,NaN
NaN,0.0856962688303866,0.0644708737577972,NaN,NaN
0.746269389625766,NaN,NaN,0.250699946387085,NaN
NaN,0.0486051640316011,NaN,NaN,0.0943804789531525
NaN,NaN,NaN,0.244799878212638,0.107415595368927
0.650782132354145,NaN,NaN,0.309699304355884,NaN
NaN,0.0668160759111375,NaN,0.175676283896931,NaN
NaN,NaN,NaN,NaN,NaN
NaN,NaN,NaN,NaN,NaN
0.637403767984679,0.0503652749971271,NaN,0.203956103598684,NaN
NaN,NaN,0.042036304248747,0.354634869575002,0.132511437115036
NaN,NaN,0.0413549575839033,0.508386118888293,NaN
NaN,0.0662865412144881,NaN,0.391506655282196,0.121492831037391
NaN,NaN,NaN,NaN,0.0750479208730544
0.576890130455421,NaN,NaN,NaN,NaN
NaN,0.065687133346307,0.0403037925296815,NaN,0.0988888746901117
0.637545626660701,NaN,NaN,NaN,0.195177243335804
NaN,0.062099925564861,NaN,0.248538882600954,0.232020727374958
NaN,NaN,NaN,0.193348027243303,0.116555064277864
0.649352633388076,NaN,NaN,0.341910737806371,0.251693204181256
NaN,NaN,0.115090008679398,NaN,0.0735087024305467
0.687174338856728,0.165512796896014,NaN,NaN,NaN
0.744283368161457,0.0574911835649061,NaN,0.358463228821244,0.237536739336008
NaN,NaN,0.0450835818705052,0.495436945255257,NaN
0.714563975534835,NaN,NaN,NaN,0.11796329900069
0.623392495676038,NaN,NaN,0.442530264821323,NaN
NaN,0.0513689078245825,0.0287701219901981,0.328406902166359,NaN
NaN,NaN,0.0462571561639432,NaN,NaN
0.675236385659179,0.0886066885371618,NaN,NaN,NaN
NaN,0.0618400666624704,0.0348582005543908,0.290965892919786,0.136315715490582
0.662278141214856,0.0584081967582313,0.0397921348631163,NaN,NaN
0.648834303610303,0.0483331783804323,0.0231154628063412,NaN,NaN
0.698010159263644,NaN,NaN,0.197721120178974,NaN
0.679121130941014,NaN,NaN,NaN,NaN
NaN,0.0639229801311884,NaN,0.377110594838599,0.181175403174279
NaN,0.0604795609423985,NaN,0.374040097165134,NaN
NaN,0.0682083421637238,0.0383471877060191,NaN,0.197686380248933
0.656685635717832,0.0487177695559704,0.0271411076067238,NaN,0.152078488000613
NaN,0.0597098011270947,NaN,NaN,NaN
NaN,NaN,NaN,0.303954117935175,0.156738313696424
NaN,NaN,0.128373677972121,NaN,0.101182048202009
0.609075681603658,0.0666260901802785,NaN,NaN,NaN
0.744719856395371,NaN,NaN,NaN,NaN
0.693705294056667,0.0561301003806067,0.0505622049103462,NaN,0.106531934469803
0.738996404428173,0.0569766629381726,NaN,0.259790975821237,0.200016612569326
0.522455682804,NaN,0.0213219407680474,0.219084873877273,NaN
NaN,0.0845286361623113,NaN,0.330471992216199,0.169559383545889
NaN,0.0300235201179875,0.0122003151422626,NaN,0.0473617962021111
NaN,NaN,0.0219966164531878,NaN,NaN
NaN,NaN,NaN,NaN,NaN
NaN,0.0769118830011278,NaN,NaN,NaN
0.666304745172713,NaN,0.0385460217612539,NaN,NaN
0.758289184367174,NaN,0.022339038489027,0.296073681353958,0.162821708794439
NaN,0.0576395918713826,NaN,0.355515842285366,NaN
0.711874116793339,NaN,NaN,NaN,0.103762746952232
0.707503778351275,NaN,NaN,NaN,0.0709024458813607
0.732738254374431,0.0378995547173341,0.0168280320525678,NaN,NaN
0.740529569349796,0.0702808612763461,NaN,NaN,0.133163160988576
0.635581429608088,NaN,NaN,NaN,0.175479208730544
NaN,NaN,NaN,0.157065983598419,NaN
NaN,NaN,NaN,NaN,NaN
0.731423333569765,NaN,NaN,NaN,NaN
0.637676573130875,NaN,NaN,NaN,NaN
NaN,0.134138587949823,NaN,0.222031598525314,NaN
NaN,0.0739431394073716,NaN,0.471111243488678,NaN
NaN,0.0823694974155588,0.0471943316620694,0.478326482794226,NaN
0.70580147423901,NaN,0.0475175179603175,NaN,NaN
0.603106705004883,NaN,0.0304253021581397,NaN,0.199658164438879
0.722267992863417,NaN,NaN,NaN,NaN
NaN,0.0757846728289799,NaN,0.223798839048735,NaN
0.735171676278501,NaN,NaN,NaN,0.27643251463184
NaN,NaN,NaN,0.23329626761449,0.183460909346487
0.747240575946225,0.0470281092262037,NaN,NaN,NaN
0.727151204980331,NaN,0.024834308732034,NaN,NaN
NaN,0.0594072098718664,0.0298471937617143,NaN,0.172596289007591
0.755806657536788,NaN,0.0260175332776641,NaN,NaN
0.800901348203032,0.0697513265796967,NaN,NaN,0.188110511922713
NaN,NaN,NaN,NaN,NaN
NaN,NaN,0.0406379891827797,0.41025396636286,NaN
0.854676698621243,0.0766808973101138,0.0423711485697776,0.417320280905198,0.126378843254019
0.832252115603909,NaN,NaN,0.397049965912776,NaN
NaN,0.0739379422293237,NaN,0.278820251120245,0.119225215324456
NaN,NaN,NaN,NaN,NaN
0.683955238131612,NaN,NaN,0.233712595063641,0.0746255782452016
0.662201755773921,NaN,0.0224256316915836,NaN,0.196414240805582
NaN,0.0558921851188623,0.0306205740397465,NaN,NaN
0.700432668961867,NaN,NaN,NaN,0.275996115214558
0.681259923287193,0.0656975277024027,NaN,0.262827717215041,NaN
NaN,NaN,NaN,NaN,0.19363866383827
0.69833752543908,0.047663319876492,NaN,0.317871633472992,0.235510644823268
0.758851162968338,NaN,NaN,NaN,0.0926610780279602
0.691948428915163,NaN,NaN,0.230937961253086,NaN
NaN,NaN,NaN,0.366740798104353,0.215601758376569
0.68734347804737,NaN,NaN,NaN,NaN
0.817449708371299,0.0613301657495572,0.0334119580614288,0.34677428962888,NaN
NaN,0.0632548540199306,NaN,NaN,NaN
NaN,NaN,NaN,NaN,0.142273238428707
NaN,NaN,NaN,NaN,0.0617248958519692
NaN,NaN,0.0437960180209716,NaN,0.127494441178726
NaN,0.0671117375956353,NaN,0.291963357889372,0.134258951619087
NaN,0.0653418097382412,NaN,0.44596215325351,NaN
NaN,0.0471337851798426,NaN,0.346056803214127,NaN
NaN,NaN,NaN,NaN,NaN
0.764694649199862,NaN,0.076005191965213,NaN,NaN
NaN,0.0607220959179631,0.0323115702443476,NaN,0.172244230326884
0.71946355596052,0.046044687646712,0.0208958400353471,0.144030102658803,NaN
0.698648523305744,NaN,NaN,NaN,0.152297007181741
NaN,NaN,NaN,NaN,0.124048610933626
NaN,0.0537399759428403,NaN,NaN,NaN
NaN,0.0632646709117987,0.0334547041449647,NaN,0.15340813249163
0.86926631783982,NaN,0.0407519787388753,0.288583096708432,NaN
0.667117704508378,0.0745379275617324,0.0436580647513787,NaN,0.154443223349605
NaN,NaN,NaN,0.259034438024132,NaN
0.684642707100027,NaN,0.0231186363792099,NaN,0.161315715490582
NaN,0.0815402587848189,0.0460991251884471,0.484913590542947,0.213761596851279
0.637736590263039,0.0525492447056636,NaN,0.334340726620467,NaN
NaN,NaN,NaN,NaN,0.0422320264778797
NaN,NaN,NaN,NaN,0.115064405653385
0.728569791740551,NaN,NaN,NaN,0.134600148235234
NaN,0.0559528188627535,0.0289405881899955,NaN,NaN
NaN,NaN,NaN,0.484832840226895,NaN
NaN,NaN,NaN,NaN,NaN
NaN,NaN,NaN,NaN,NaN
0.762905047440815,NaN,NaN,NaN,0.289385207145961
0.583492014993371,0.078111853665945,NaN,NaN,NaN
0.721935170585058,NaN,0.0194173436793536,0.16677918759887,NaN
NaN,NaN,0.0358944692461683,0.433175804028249,NaN
0.799155395267376,NaN,NaN,NaN,NaN
NaN,0.0682637787295671,0.0367383805620346,0.455990415864128,0.223363022976461
NaN,0.0696854956577577,NaN,NaN,NaN
NaN,0.0513134712587392,0.0197027709371451,0.295532918991548,0.104648324686278
0.724095787342932,0.0759567571687853,NaN,NaN,NaN
NaN,0.039740510674715,NaN,NaN,NaN
NaN,NaN,NaN,NaN,NaN
NaN,NaN,NaN,NaN,0.20681626498326
NaN,NaN,0.0456509389792533,NaN,NaN
NaN,0.0854808746735162,NaN,NaN,NaN
0.693585259792341,NaN,0.0299844993633748,NaN,NaN
NaN,NaN,0.0687817515155915,0.277515008306692,0.105080890433716
0.781755883042978,0.0356116414478414,0.018277901485951,0.182151532601285,0.0858422572648043
NaN,NaN,0.0216457747342279,0.245957520038654,0.0793940245866026
NaN,0.0498865571525008,0.0454022344932267,0.193152108443703,0.153365323178368
NaN,0.0607382649163341,NaN,NaN,NaN
NaN,NaN,0.0966975347362123,NaN,0.219514657397705
0.726627419099634,0.0470517852595326,0.0268510819066126,NaN,NaN
0.669256496854557,NaN,NaN,NaN,0.138674061389833
0.590688614750029,NaN,NaN,0.276844515928331,0.147966877092545
NaN,0.125543032922968,0.111173560692411,NaN,0.168427811996831
0.682356599974902,0.0626098264777742,NaN,0.371561989105326,NaN
NaN,0.0547372566637928,NaN,NaN,0.103076520050093
NaN,0.123391401211173,NaN,NaN,0.165176859968819
NaN,0.0564760014529,0.0289409120239617,0.390517132966647,NaN
NaN,NaN,NaN,NaN,NaN
0.728886245710139,0.0700290868731409,NaN,0.364712773773356,0.188127124492039
0.716271735750023,NaN,NaN,0.26018810852313,0.0837969944028421
NaN,NaN,0.0481755485795962,0.373394094636723,NaN
NaN,0.0774027275945323,NaN,0.222890728937074,0.15647634625706
NaN,NaN,NaN,NaN,NaN
NaN,0.0572682823730777,0.0314710268017296,NaN,NaN
NaN,0.0406084394086997,0.0206527054935388,NaN,NaN
NaN,0.0606273917846474,0.0303245250278643,NaN,NaN
NaN,NaN,NaN,NaN,NaN
NaN,NaN,NaN,NaN,NaN
0.659113601518979,NaN,NaN,0.121059285293514,NaN
NaN,0.0638981491694043,NaN,0.382510937696498,NaN
0.617298028710013,NaN,0.0217105415274639,0.196613781828531,NaN
NaN,NaN,NaN,0.115055300728738,0.226101541135277
0.692330356119838,NaN,NaN,NaN,NaN
NaN,NaN,NaN,NaN,0.2198916349324
0.686503238197085,NaN,0.0451295662937028,NaN,NaN
NaN,0.106908839764649,0.110749985864647,NaN,NaN
0.629934363081825,NaN,NaN,NaN,NaN
NaN,0.0604939975480869,0.0368297017404975,0.289637484031956,0.173518286605158
NaN,NaN,NaN,NaN,0.181410534924732
NaN,NaN,0.0346425271329146,0.249597903139334,NaN
NaN,0.0693107213740877,0.0420913560229976,0.286384305315621,NaN
NaN,NaN,NaN,NaN,0.174953357016894
NaN,NaN,NaN,NaN,NaN
0.713036266716135,NaN,NaN,0.198589517020446,0.274455618882102
0.684260779895352,NaN,NaN,NaN,NaN
NaN,NaN,0.0526256749428481,NaN,0.121020650701562
0.69508568809642,NaN,0.0314687599639664,NaN,0.166275845324201
0.72628914071835,NaN,0.0316326847176469,NaN,NaN
0.729426399899608,0.0561549313423907,NaN,NaN,NaN
0.610979861524108,NaN,0.0269223901459656,NaN,NaN
NaN,NaN,NaN,NaN,NaN
NaN,NaN,0.0259815229406248,NaN,NaN
NaN,0.0530504836551638,NaN,NaN,0.213902803690546
0.771089201826703,NaN,0.0184793909797085,0.268395517695571,NaN
NaN,NaN,NaN,0.388859103936247,NaN
NaN,NaN,NaN,0.272975119636226,NaN
NaN,NaN,NaN,0.109261134608129,NaN
0.554203654497738,0.0528893711356816,NaN,NaN,NaN
NaN,0.0642942896294932,0.0362506866089668,0.368506052964265,0.172673601349452
NaN,NaN,0.0379812553242352,NaN,NaN
0.748299059913466,0.06166682739421,NaN,NaN,NaN
NaN,NaN,NaN,NaN,NaN
0.593285719741817,0.0681840886661673,0.0457947212602374,NaN,NaN
NaN,0.0635020087093155,0.0374061262002987,NaN,NaN
NaN,0.04576173017522,0.0207517339203968,NaN,0.136807703120607
NaN,NaN,NaN,NaN,0.160684437856212
NaN,0.0654890631162626,NaN,NaN,NaN
NaN,NaN,NaN,NaN,NaN
0.684609970482483,0.0818561317172805,NaN,0.466399925868562,NaN
NaN,0.0619555595079774,NaN,NaN,NaN
NaN,0.0583521827281605,NaN,NaN,NaN
NaN,0.0508526548051664,NaN,NaN,NaN
NaN,0.0805897526662967,0.041873091929792,NaN,NaN
NaN,NaN,NaN,NaN,0.209768190763411
NaN,NaN,0.0309622188740669,NaN,0.223551511743809
NaN,0.0688325809936889,0.0369838467083994,NaN,NaN
NaN,NaN,NaN,NaN,NaN
0.774892105564679,0.093585007642739,0.0761677566162355,0.2124659955124,NaN
NaN,NaN,0.0308750427703711,NaN,NaN
NaN,0.0648070778635441,0.0333646783023665,NaN,0.229278375546298
0.760171539875928,0.0557426218839309,NaN,0.317326237895726,NaN
NaN,0.060023364202646,0.0430188165021385,0.387637258990092,NaN
0.681991041078999,0.0491456705485737,0.0299950563506723,NaN,NaN
0.689640497378343,0.170647031343026,NaN,NaN,0.0701676591611931
NaN,NaN,NaN,NaN,NaN
NaN,NaN,0.0319688243745422,0.24203715838314,0.185423109361822
NaN,NaN,NaN,NaN,NaN
NaN,0.0581494927842957,NaN,NaN,NaN
0.954588855364168,NaN,NaN,NaN,NaN
0.702735144395764,NaN,NaN,NaN,NaN
0.610041411821193,NaN,NaN,NaN,0.149125923275488
0.756996087974203,NaN,0.0216727824870073,0.254247665190657,NaN
NaN,0.0513550486831217,NaN,0.260736813539578,NaN
0.75140358247718,NaN,0.027317273284326,NaN,NaN
NaN,0.0893187019297122,NaN,0.21110383034491,NaN
0.608126319694895,NaN,0.0734592093231022,NaN,NaN
NaN,0.0558217344831031,NaN,NaN,0.146639788381425
NaN,NaN,NaN,NaN,NaN
0.751294460418701,NaN,0.0489229573735407,0.235054903596037,NaN
NaN,0.0542360177142927,NaN,NaN,NaN
0.792237056759839,0.0684630038880666,0.0508407021212615,NaN,NaN
NaN,NaN,0.0231030275820399,NaN,NaN
0.649598158019653,0.0638201914986871,NaN,NaN,0.122420579139724
0.77062543307817,0.0753423352306883,0.0420764596605533,NaN,0.312244102537889
0.753913389822186,0.0428484231473071,0.0215949975683307,0.173200161500632,0.0871399545071179
0.720925791544132,NaN,0.0204767988831096,NaN,NaN
0.624505540672519,NaN,NaN,NaN,NaN
0.737152241639886,0.0733471963245557,NaN,NaN,NaN
NaN,NaN,0.0209981068018669,NaN,0.326206328111023
0.629748855582412,NaN,0.0247977802606488,NaN,0.146627009481943
0.754060704601132,NaN,0.0401289221879441,0.312894898830444,NaN
0.752472978650269,NaN,NaN,NaN,NaN
0.691413730828618,NaN,NaN,0.198428016388343,NaN
0.701169242856597,NaN,NaN,0.456731068353157,NaN
0.65570899329445,NaN,NaN,NaN,0.131810514478493
NaN,NaN,NaN,0.199218972352945,0.0484870421959261
NaN,0.111784370237725,0.101411261947935,NaN,0.134893423978327
NaN,0.0736492101155564,0.0388627313801784,NaN,NaN
0.673932377060361,NaN,NaN,NaN,NaN
NaN,0.0834066231682113,NaN,0.519056412700304,0.118931300636389
0.695538544639106,0.059356970484071,NaN,NaN,NaN
NaN,NaN,0.0209495317069399,0.146624702977833,NaN
NaN,NaN,NaN,0.0873691944163142,NaN
0.711399435838958,0.0569778178666277,NaN,NaN,0.213397398216066
0.752522083576585,NaN,NaN,NaN,0.258714570501188
NaN,0.057414380822644,0.0287701219901981,NaN,0.153632402177524
NaN,NaN,NaN,0.354630236360146,0.127770465407519
NaN,0.0544623836914863,0.0303555483218244,NaN,NaN
NaN,NaN,0.03469887424303,0.426688641342838,NaN
0.666413867231191,0.0664811466591673,0.0447506805532716,0.277926040653151,0.182669256523628
0.74817902564914,NaN,0.0274124804703831,NaN,NaN
NaN,NaN,NaN,NaN,NaN
0.624461891849128,NaN,NaN,NaN,0.759430827817108
NaN,NaN,0.0557221753274658,NaN,0.18425000638945
0.683698801294188,NaN,0.0263996573577571,NaN,0.130777979400414
NaN,NaN,NaN,0.345588848513731,NaN
NaN,0.0443810132071843,NaN,NaN,0.15271871086462
NaN,0.0993942977717388,NaN,0.228314237869251,0.125315638817185
0.673921464854513,NaN,NaN,NaN,0.196277506581133
NaN,0.0414555794304932,0.0193789369709646,NaN,NaN
NaN,0.0454978290232366,NaN,0.212796939430644,NaN
0.731685226510113,NaN,NaN,NaN,NaN
NaN,NaN,NaN,0.446443345710636,NaN
0.678515503516458,0.0487443329104371,NaN,NaN,0.133041761443504
0.636356196223286,0.0727870560238469,NaN,0.40949080968739,NaN
NaN,0.0698235096081385,0.0401043108065143,0.403448435628099,NaN
NaN,NaN,NaN,NaN,NaN
NaN,0.0720467468841474,NaN,NaN,0.155479592097529
NaN,NaN,NaN,NaN,NaN
0.702795161527927,NaN,NaN,0.138071126466909,NaN
NaN,NaN,NaN,NaN,NaN
NaN,NaN,NaN,NaN,0.186623686968078
0.645958937369394,NaN,NaN,0.406450096966568,NaN
NaN,0.0540263981996975,0.025955227622571,0.238686682154842,0.173221816137194
0.762392173765966,NaN,NaN,0.506013250994486,0.123544483349094
NaN,0.050969880043356,NaN,NaN,NaN
NaN,NaN,0.0261794502607544,NaN,0.258089682316559
NaN,0.0339127416904341,0.0147238237071204,0.131632943481398,NaN
0.661454269673343,NaN,NaN,NaN,0.412524599381501
0.731979856068005,NaN,NaN,NaN,0.137398727221612
NaN,NaN,NaN,0.117554589199314,0.135530452117464
NaN,NaN,0.0411872115894218,NaN,0.213141181281468
0.749150211969599,0.0597421391238366,NaN,0.269939702018096,0.18138817185064
0.735248061719436,0.07433235029673,NaN,NaN,0.0937619802182636
0.826774188268288,0.047855615464261,0.0249920806403571,NaN,0.205134561811537
0.633426268953137,0.0391769055886411,0.0197374859383196,NaN,NaN
NaN,0.0939482326418584,0.0766820049545301,NaN,0.224389807549774
0.665906449659266,NaN,NaN,NaN,NaN
0.624963853318129,0.052373695580493,0.054435906813797,NaN,0.181269328085465
0.905200211696793,NaN,NaN,0.458357326767406,0.111036496536918
0.746896841462017,NaN,0.0420641539698385,NaN,0.149992332660311
0.691571957813412,NaN,0.055367253300532,0.278698463758332,NaN
NaN,NaN,0.0218346994700975,NaN,0.168864211414113
0.696209645298749,NaN,NaN,0.221649689243661,NaN
0.530968294585909,0.0814813574336103,NaN,0.509653634095166,NaN
NaN,0.0540581587322119,0.0267509524442696,0.206022517424197,NaN
NaN,0.0422640293490419,NaN,NaN,NaN
0.680414227333984,0.0582020420290014,NaN,NaN,0.0602496996958622
NaN,0.0748763215990678,NaN,NaN,NaN
NaN,NaN,NaN,NaN,NaN
NaN,0.0498120642671488,0.0265135821470593,0.283534878179544,NaN
0.620189763259694,NaN,NaN,0.397667507264219,NaN
NaN,NaN,0.0249380651347981,NaN,NaN
0.761322777592876,NaN,0.0273668198811516,NaN,0.187272216116748
NaN,NaN,NaN,NaN,NaN
NaN,0.0670609207436123,NaN,NaN,0.0939453574258185
0.646821001631375,NaN,NaN,NaN,0.231073171978429
0.783981973035939,0.0512435980872075,NaN,0.302052514180947,NaN
NaN,NaN,0.040378274341903,0.527549757418108,0.0956903161499731
0.776256131295661,NaN,0.0266504991479605,0.245349907004759,0.0999853042655967
0.794708671384377,NaN,0.0299631910884001,NaN,NaN
NaN,NaN,NaN,NaN,NaN
NaN,0.0572734795511255,0.0323640313468689,NaN,0.143517264293199
NaN,NaN,NaN,0.166743445655699,NaN
NaN,NaN,NaN,0.160370127678164,0.108995706289774
NaN,NaN,NaN,0.333459092022266,NaN
NaN,0.0640407828336054,NaN,0.361206753903484,NaN
0.704060977406278,0.0702750866340707,NaN,0.368607321803247,NaN
NaN,NaN,NaN,NaN,NaN
NaN,NaN,NaN,0.0810170568495463,0.106705088557773
0.721225877204948,NaN,0.0415000352007521,0.268075825870548,NaN
NaN,NaN,NaN,NaN,NaN
0.844801152328938,NaN,0.0422092315866873,NaN,NaN
0.55041166296561,NaN,0.0335531496706835,NaN,NaN
0.761742897518019,0.0543907781272719,0.0263737506404627,NaN,NaN
0.620118833921683,NaN,0.0512998986853053,0.261020101533594,NaN
NaN,NaN,NaN,0.0836990263629925,NaN
0.76798467926299,0.0444150835966089,NaN,NaN,0.114948117668106
NaN,NaN,NaN,NaN,NaN
NaN,0.052166385922808,0.0270830765599843,NaN,NaN
0.711432172456501,NaN,NaN,0.346578370829279,NaN
NaN,NaN,NaN,NaN,NaN
NaN,NaN,NaN,NaN,NaN
NaN,NaN,NaN,NaN,NaN
NaN,NaN,NaN,0.295424369386364,0.183755462979528
0.665710029954005,0.0564067057455958,0.0273762110661709,NaN,0.199429422138165
0.662938329668651,0.0471620809269918,NaN,NaN,NaN
NaN,NaN,NaN,NaN,NaN
NaN,0.061118236378052,0.0341781492254118,NaN,NaN
NaN,NaN,0.029712154997817,0.303656268408755,NaN
0.712523393041286,0.0436383942105746,0.0225525098395332,0.300497077765202,0.153854116083523
NaN,NaN,NaN,NaN,NaN
0.751523616741506,NaN,NaN,NaN,0.150920719707619
NaN,NaN,NaN,0.391305441379904,NaN
NaN,0.0682666660507048,NaN,NaN,0.12969113399954
NaN,0.0498663459045371,NaN,NaN,NaN
0.705506844681118,0.0832351162926335,NaN,0.167755472157688,NaN
NaN,0.0538387223257487,NaN,0.245082504318818,NaN
0.49691457379652,0.0472302217058409,0.0274747861254762,NaN,NaN
NaN,NaN,NaN,NaN,0.149620466685409
NaN,0.214951241807948,0.280514761291297,0.500460673934195,0.290065683543333
NaN,NaN,0.0326561295843636,NaN,NaN
0.667270475390248,0.0556334811449268,NaN,NaN,0.146488997367547
NaN,NaN,0.0439462769812793,NaN,NaN
NaN,0.0752770817729769,NaN,0.451290350337232,NaN
NaN,NaN,NaN,NaN,NaN
NaN,NaN,0.0506800804740359,NaN,0.106507015615815
NaN,0.0398675528047726,NaN,NaN,0.104666215145552
NaN,NaN,0.0305212217789223,NaN,NaN
NaN,NaN,NaN,NaN,NaN
0.692188497443816,NaN,0.0322863111949855,0.259371338932904,0.13959925371227
0.672028197139911,NaN,0.0903244822817807,NaN,NaN
0.632084067633852,NaN,NaN,NaN,0.134197612901577
0.651922457865245,NaN,NaN,0.359631460852644,NaN
0.644387579727304,0.0635915156645834,NaN,NaN,NaN
NaN,NaN,NaN,0.205810051428685,0.11498645436655
NaN,0.0612908981820849,NaN,NaN,0.218781787512459
NaN,0.0628217558492795,NaN,0.402587319552829,NaN
NaN,0.0560313539976982,0.0333705073137577,0.365099316269865,0.158627035039742
NaN,NaN,NaN,NaN,0.102986428808751
NaN,NaN,0.047990315550941,0.317803459025834,NaN
NaN,NaN,0.0265302919797143,0.280860851320135,NaN
NaN,0.055005200065369,NaN,NaN,NaN
NaN,NaN,NaN,0.295501148375396,0.112481151123265
NaN,0.0802940909817989,0.0403543106284057,NaN,0.114428655404197
NaN,NaN,NaN,0.536941283930025,0.0741182559357988
0.716004386706751,NaN,NaN,NaN,NaN
NaN,NaN,0.0186084064318348,0.216700092002409,0.142265571089018
0.753034957251434,NaN,NaN,0.420388792915153,NaN
0.759855085906341,0.054066820695625,0.0279135163828575,NaN,NaN
0.665873713041723,0.0396267502218906,NaN,NaN,NaN
NaN,NaN,0.122589355668205,NaN,0.176221662790401
NaN,NaN,0.0282304203021617,0.34182800182681,NaN
NaN,NaN,NaN,NaN,0.124082475017252
NaN,NaN,0.0311449259977859,NaN,NaN
NaN,0.0441540697657632,0.0216418239598404,NaN,0.163185907429652
0.808932731707051,NaN,NaN,0.356294222381075,0.155482786822399
0.663680359666305,NaN,NaN,NaN,NaN
NaN,NaN,NaN,0.448734801400555,NaN
NaN,0.0539605672777586,NaN,0.355308009504709,NaN
NaN,0.059449942224704,0.0295640333416861,NaN,NaN
NaN,NaN,NaN,0.474126142583878,0.154704551843995
NaN,NaN,NaN,NaN,0.0940725074756562
0.772207702926108,0.0667560196314739,NaN,0.395519681234818,0.171947759858921
NaN,NaN,NaN,NaN,0.168404809977765
0.742226417359137,NaN,NaN,0.3031618381949,NaN
NaN,0.0400119188616563,0.0232649445651302,NaN,NaN
NaN,NaN,NaN,NaN,0.0984435300431927
NaN,NaN,0.0331600152357405,0.317117743227233,0.100435121527334
NaN,NaN,NaN,NaN,0.212126536662663
NaN,NaN,0.0265279603751578,NaN,NaN
0.647803100157681,0.0913652351520954,0.0706833045650032,0.242959830027204,NaN
NaN,NaN,0.0303040587212017,NaN,NaN
0.62475652140702,0.059125984793057,0.0298711574752116,NaN,0.134039793492984
0.803105613784298,0.0777717272359271,0.0514022302186183,NaN,0.161938047895315
NaN,NaN,NaN,NaN,NaN
NaN,NaN,0.0331418805336343,NaN,NaN
NaN,0.0554198193807389,NaN,NaN,0.0866473279321185
0.772453227557685,NaN,0.0260355384461837,NaN,NaN
NaN,NaN,NaN,0.2586637808357,NaN
NaN,NaN,NaN,NaN,NaN
NaN,NaN,0.0469637618781489,0.460644149242469,NaN
0.58606183947054,0.0592518719946596,NaN,NaN,0.0657167684718992
NaN,0.058177788531445,NaN,NaN,NaN
0.624920204494738,NaN,NaN,NaN,0.0987412784011041
NaN,0.038279526179052,NaN,0.017209083748668,0.080331995808521
0.601971835596707,0.0646066977765895,NaN,NaN,NaN
NaN,NaN,NaN,NaN,NaN
NaN,NaN,NaN,0.238610565053646,NaN
NaN,NaN,NaN,NaN,0.161195593835459
NaN,0.0503312046077026,0.0271389703025471,0.294993480404811,NaN
0.486070569235218,0.0651316127594186,0.0318789280655305,NaN,NaN
NaN,NaN,NaN,0.245280408781928,NaN
0.775988782252388,0.0449763788257727,NaN,NaN,0.143959414215248
NaN,0.0839777352892432,0.046816741257503,NaN,0.0736186009660848
NaN,0.0721639721223369,0.0461081925395002,0.295866510461137,0.168921077516804
NaN,0.0595307872165589,NaN,0.401950583454128,NaN
0.844195524904382,NaN,NaN,NaN,0.131062948858844
NaN,0.0712325223233234,NaN,NaN,0.149543793288522
0.713701911272854,NaN,0.0331418805336343,NaN,0.127874613438291
NaN,0.0548123270133724,0.0298683725031025,0.244265072840756,0.304063690035014
0.680015931820538,NaN,0.0721638734583803,0.281349324543463,0.169904413831881
0.682291126739815,NaN,NaN,NaN,0.12819089120045
0.641228496134351,NaN,0.0403918753684826,NaN,NaN
0.743524969855031,NaN,NaN,0.215558335484469,0.113408260280625
0.728466125784997,NaN,0.0258271836723433,NaN,0.0999246044930611
0.720538408236533,NaN,0.036592007609321,NaN,0.10725713701536
NaN,NaN,0.0300654578549199,NaN,NaN
0.711137542898609,NaN,NaN,0.266371464691593,0.136222429524369
0.728280618285583,NaN,0.0224832741375637,NaN,NaN
NaN,NaN,NaN,NaN,0.178770414291921
0.619289506277246,NaN,NaN,0.363817901418426,NaN
NaN,NaN,0.0475000309261438,0.333122191113494,0.1563817824009
NaN,NaN,NaN,0.390611121039429,NaN
NaN,NaN,0.0185953883063943,NaN,0.105664247195032
0.871159585554422,NaN,0.0311449259977859,0.33767333187718,NaN
NaN,NaN,0.0330952484425043,0.413427718538816,NaN
NaN,0.0595192379320082,NaN,NaN,NaN
0.639755348344891,0.0524273997536537,0.0281001095141707,0.271317090605826,NaN
0.730768601218893,0.0537116801956911,NaN,NaN,0.208432156822654
0.607433394623556,0.0678832298036217,0.0354754280939308,0.529140273889187,NaN
NaN,0.0571862824527677,NaN,NaN,0.188436373859483
NaN,NaN,NaN,NaN,0.1839950673448
NaN,0.0661312033372813,NaN,NaN,NaN
0.730539444896089,NaN,NaN,0.202572758020426,NaN
0.726883855937058,NaN,NaN,NaN,0.112821069849465
0.640901129958916,0.047456010218807,0.0207165007848764,0.171011960313205,NaN
NaN,0.0613538417828862,NaN,NaN,NaN
NaN,NaN,0.135419657408275,NaN,0.0839592864262529
NaN,NaN,0.0276186979400468,NaN,NaN
NaN,0.0535823282087233,NaN,NaN,NaN
0.743306725738074,0.0534246804746063,NaN,NaN,0.118693613106039
NaN,NaN,NaN,0.386285022140148,NaN
0.628908615732127,NaN,NaN,NaN,NaN
NaN,NaN,NaN,NaN,NaN
0.822474779164234,NaN,0.0312312601331696,0.288450719141134,0.140776829299461
0.745549184039808,0.0617407428153344,NaN,NaN,0.161704832979784
0.700443581167715,0.136186276100661,NaN,NaN,NaN
NaN,NaN,NaN,NaN,0.118867406138983
NaN,NaN,NaN,NaN,NaN
0.574587655021524,0.0652938802073558,NaN,0.427910486288993,NaN
0.696313311254303,NaN,0.0109238911811656,0.0582388488446748,NaN
0.737010382963864,NaN,NaN,0.300166133846958,0.141517366524395
NaN,NaN,NaN,0.401104028911261,NaN
NaN,0.0613567291040238,0.0303497840772264,NaN,0.159225726480436
0.67855915233985,NaN,0.0269410429824176,NaN,NaN
0.606009351760412,NaN,0.0339514654490855,NaN,0.235918291716717
NaN,0.0433877747358246,0.0188807507973926,NaN,NaN
0.767144439412705,NaN,0.0320084616520027,0.390685252477115,NaN
0.70285517866009,0.0412465373801256,NaN,NaN,NaN
NaN,0.0759047853883071,0.0452046957738567,NaN,0.175744370894779
NaN,0.0929295857444871,NaN,NaN,NaN
0.745276378893611,0.0381005122685162,NaN,0.237192139420054,NaN
NaN,NaN,NaN,NaN,NaN
0.726922048657526,0.0684566517815638,0.0439870800610181,0.237737534997319,0.143471899200041
NaN,0.0737358297496866,0.0401043108065143,NaN,NaN
NaN,NaN,NaN,0.441479186936982,NaN
NaN,NaN,NaN,0.295665296558845,NaN
NaN,NaN,0.0272157189525318,NaN,NaN
0.677893507783131,NaN,NaN,NaN,0.321165691210673
0.802319934963253,NaN,NaN,0.36900246884163,NaN
NaN,NaN,0.0263953179826102,NaN,0.100874715669487
NaN,NaN,0.0197179263667623,0.100202537677965,0.127177524471592
NaN,NaN,NaN,NaN,NaN
NaN,0.285722947677699,NaN,NaN,NaN
NaN,NaN,0.067517503711623,NaN,NaN
NaN,0.0643687825148452,NaN,0.389497163810621,NaN
NaN,0.0526514558739373,NaN,NaN,0.139514912975695
NaN,NaN,0.151128843107689,NaN,NaN
NaN,0.0367353868346241,NaN,0.103326648266185,NaN
NaN,0.240139653948787,NaN,NaN,NaN
NaN,NaN,0.0452066387776537,NaN,0.109287704142919
0.6437710400969,NaN,0.184210425756821,NaN,NaN
NaN,NaN,NaN,NaN,0.114634395685844
0.716446331043589,NaN,0.0389514618869119,NaN,0.262368696807831
NaN,0.0547372566637928,NaN,NaN,NaN
0.601164332363966,0.0670805545273484,0.0367312562147786,NaN,NaN
NaN,NaN,NaN,0.321062594732697,0.164940450328418
NaN,NaN,0.0288420778974834,NaN,NaN
0.736961278037549,0.0752586029176958,NaN,NaN,NaN
0.792902701316558,0.0643618529441147,NaN,NaN,0.0994204769085286
0.679039289397155,NaN,0.0296839166759661,NaN,NaN
NaN,0.0579329436989702,NaN,NaN,0.282643059779692
0.635515956373001,0.106382769853364,NaN,NaN,NaN
0.621166405683077,NaN,0.0424909671372644,NaN,0.162785288930917
0.82523556724374,0.0668640054420229,NaN,NaN,NaN
NaN,NaN,NaN,NaN,0.165486109336264
0.614760940850388,NaN,NaN,NaN,NaN
NaN,0.0763771511264306,0.0495978273590608,0.36335921314774,0.0908880057249469
NaN,0.14344095919118,0.140873021398754,NaN,0.108298617323076
NaN,0.0758880389257086,NaN,NaN,NaN
NaN,NaN,NaN,NaN,NaN
0.601153420158118,NaN,NaN,NaN,NaN
NaN,NaN,NaN,0.272461494675112,0.173926572443581
NaN,NaN,NaN,NaN,NaN
NaN,0.0448926465127801,NaN,NaN,NaN
NaN,0.0503704721751749,NaN,NaN,NaN
NaN,NaN,0.0242688298602896,NaN,0.197546451299614
NaN,0.0449463506859409,0.022803740230496,0.192097721120179,0.253484805888517
NaN,NaN,NaN,NaN,NaN
0.739400156044544,0.103821716004248,0.0991664448943722,0.152310319493259,NaN
NaN,NaN,NaN,NaN,NaN
NaN,NaN,0.0298774398541555,0.293205721358459,0.137835765583868
0.600902439423617,NaN,NaN,NaN,NaN
NaN,NaN,NaN,NaN,0.15080123699747
0.716800977733644,NaN,0.0338219318626133,0.354275464479789,NaN
NaN,NaN,0.0100247337906689,NaN,0.112663250440872
NaN,NaN,NaN,0.347534136865167,NaN
0.727254870935885,NaN,NaN,0.30467094246209,NaN
0.640682885841959,NaN,0.077835501542065,NaN,0.154060495310144
0.663593062019522,NaN,0.0344864391612156,NaN,0.169112761009022
NaN,NaN,NaN,NaN,NaN
NaN,0.0476228973805645,NaN,NaN,NaN
0.635199502403413,0.0365881334566027,0.016001802071255,NaN,NaN
NaN,NaN,0.0253159146065375,NaN,NaN
NaN,0.048651361169804,NaN,0.272201372755373,0.165198584097937
NaN,NaN,0.0315578790714592,0.339390268925028,NaN
0.73218173187619,0.0930346842338984,NaN,0.165485196878537,NaN
NaN,0.0500349654589772,NaN,NaN,NaN
0.832890479646008,NaN,NaN,NaN,NaN
NaN,NaN,NaN,NaN,NaN
NaN,NaN,0.0639838274726618,NaN,NaN
0.622710482810548,NaN,NaN,NaN,0.107836021161858
NaN,0.051135034812431,NaN,0.265637431080929,0.135162419812406
NaN,NaN,NaN,NaN,0.338497073632019
0.747813466753237,NaN,0.0309721929602252,NaN,NaN
0.884434283968333,NaN,NaN,0.347822058074039,0.0751245942699414
NaN,NaN,NaN,0.271058292461759,NaN
0.492938165985563,NaN,NaN,NaN,NaN
NaN,NaN,NaN,NaN,NaN
0.580223809341939,NaN,NaN,0.423542026568178,NaN
NaN,NaN,NaN,NaN,NaN
NaN,0.0501175428435147,0.0239714855125427,NaN,NaN
NaN,NaN,NaN,0.1901643467498,NaN
0.734757012456283,NaN,NaN,NaN,0.190227975566744
0.758321920984717,NaN,NaN,NaN,0.24526797352212
0.669780282735253,NaN,0.023433338227544,0.212585135322968,0.11388299639635
NaN,0.0412673260923169,NaN,0.219076931223235,0.149230071306259
NaN,NaN,0.131612665301858,NaN,0.193832903110384
0.70539772262264,NaN,0.0247184409389345,0.271366070305726,0.221057070565083
0.653433798375173,0.0434322394813447,NaN,0.243421827737072,0.189228026682342
0.698452103600482,NaN,NaN,NaN,0.196287090755744
NaN,0.0628217558492795,0.0619397874781307,0.33694790280839,0.145733764408209
NaN,NaN,NaN,NaN,NaN
0.69963062183205,NaN,NaN,NaN,NaN
NaN,NaN,0.0465311196993318,NaN,NaN
0.814667095880097,NaN,0.0286621557458735,0.34495409807854,NaN
NaN,0.0634569664995678,0.0322351454283291,NaN,0.195604697523449
0.667636034286151,0.0711753533647974,0.0418685582542655,NaN,NaN
NaN,NaN,0.0310199260868402,NaN,NaN
NaN,NaN,0.0520019707239846,NaN,NaN
NaN,NaN,NaN,0.227192999874241,NaN
NaN,0.0499292895053384,NaN,NaN,NaN
NaN,NaN,NaN,0.39877153617548,NaN
0.632689695058408,0.0677411736036482,NaN,NaN,NaN
0.697535478309263,NaN,0.0178784199052708,NaN,NaN
NaN,NaN,NaN,0.248042466723589,NaN
0.73058309371948,NaN,0.0251637774092259,NaN,0.0594699951440182
NaN,NaN,0.038547964765051,0.262075812632791,NaN
0.630016204625684,NaN,0.0444423906174678,NaN,NaN
0.693405208395851,NaN,NaN,NaN,0.208736294630306
NaN,0.0574594230323917,0.0308981645155564,NaN,NaN
NaN,0.0502393877955246,NaN,NaN,0.0667001047869757
NaN,NaN,0.0707571387092923,0.119402580038787,NaN
NaN,NaN,0.0271260169438998,0.24039236710947,NaN
NaN,NaN,0.0890408044398414,0.25626509931627,NaN
NaN,NaN,NaN,NaN,NaN
NaN,NaN,0.0295797069056492,0.354399899393049,NaN
0.731052318570937,0.0512164572685134,NaN,0.167105498302258,NaN
0.582919124186359,NaN,0.0211900108102255,NaN,NaN
0.577233864939628,NaN,0.0429702414072115,NaN,0.0804259207197076
NaN,NaN,NaN,NaN,0.0822341349962941
NaN,0.0489886002786842,0.0440142821141772,NaN,0.128331459094743
NaN,NaN,NaN,NaN,0.119195184910675
0.740414991188394,0.0613474896763833,0.0439048262336083,NaN,NaN
0.722753586023647,NaN,NaN,NaN,NaN
0.62939966499528,0.0739021394472166,NaN,NaN,NaN
NaN,NaN,NaN,NaN,0.192390165358959
NaN,0.118411927177141,NaN,0.222404903265093,NaN
NaN,NaN,NaN,NaN,0.140812610218008
0.684620882688331,NaN,NaN,NaN,NaN
NaN,NaN,0.0511865567971422,0.373433146019076,NaN
0.768530289555382,NaN,NaN,NaN,0.0384363738594832
NaN,0.108288979268457,NaN,NaN,0.154682827714877
NaN,0.0510380208222051,NaN,0.356716506820754,NaN
0.777538315482783,NaN,0.0473491242979037,0.238762137368202,NaN
0.636197969238492,0.0632438821996074,0.0341593668553734,0.391269037548897,NaN
0.638063956438474,NaN,NaN,NaN,NaN
NaN,0.049424585770473,NaN,NaN,NaN
0.68089436439129,0.116675492244944,0.101621754025952,NaN,0.174405781174125
0.709342485036638,0.0553147208913276,0.0301127376139823,NaN,0.208430239987732
NaN,NaN,NaN,NaN,0.11001354563345
0.609894097042247,NaN,0.0373193386973623,NaN,NaN
NaN,NaN,NaN,NaN,NaN
0.645391502665306,NaN,NaN,NaN,0.0811594295499272
0.694092677364266,NaN,NaN,0.335096602529735,NaN
0.858599636623545,0.0705210863950005,NaN,NaN,0.126001865719324
0.686688745696499,0.0744536177845123,NaN,0.273816379076402,0.11266133360595
NaN,0.0727477884563746,0.0423277548183094,NaN,0.130327523193703
0.683638784162024,NaN,NaN,NaN,NaN
0.90869757367103,0.0582020420290014,NaN,NaN,NaN
0.575504280312744,0.128460382200474,NaN,NaN,0.264191606818821
0.676218484185486,0.0390775817415051,0.0211885859407743,NaN,0.301186520816827
NaN,0.0556964247457281,0.0313822315282029,NaN,NaN
0.68292403467899,0.075237236741277,NaN,NaN,NaN
NaN,NaN,NaN,0.163907256276351,0.241841950571217
0.724930571090293,NaN,NaN,NaN,NaN
NaN,0.0815766390311536,NaN,0.417063468424641,0.157391954404887
0.58164239610216,0.0682499195881063,NaN,NaN,NaN
NaN,NaN,0.0208284825703816,NaN,0.109771385488282
NaN,NaN,0.0437545672733005,NaN,0.221476218468066
0.720320164119576,NaN,NaN,0.448429009220098,NaN
0.731679770407189,0.087388816481291,NaN,NaN,NaN
0.624838362950879,NaN,0.0340052218874715,NaN,0.182282694814323
NaN,NaN,0.0282483607038881,0.38630355499957,0.142828481611164
NaN,NaN,0.0608866794201118,0.315947525532323,NaN
NaN,0.0377921463710127,NaN,NaN,0.0963056201599918
0.693634364718656,NaN,0.0893374363528627,NaN,NaN
NaN,NaN,NaN,0.251848321783391,0.185669742121808
0.619125823189529,0.0636521494084745,0.0363905828823567,NaN,0.141424080558182
NaN,NaN,0.0475816370856212,0.411224955818987,0.161278656682087
NaN,0.0773207276742224,0.0508504171402469,NaN,NaN
0.885105384627976,NaN,0.0254392305808591,0.354724886320764,0.100314360927237
0.689995144068398,NaN,0.022455359649679,NaN,0.0468166483502441
0.668154364063924,0.0801803305289746,0.0601561099924087,NaN,NaN
NaN,NaN,NaN,NaN,NaN
NaN,0.0683076660108598,NaN,NaN,0.121627009481943
NaN,NaN,0.017451347670672,NaN,0.104125667697498
NaN,0.0775927133253912,NaN,NaN,NaN
NaN,NaN,0.05510883379552,NaN,0.101176297697242
NaN,0.0400494540364461,NaN,NaN,NaN
NaN,NaN,NaN,0.348351568343229,NaN
0.739454717073783,0.048128756043885,NaN,0.184556171111244,NaN
NaN,NaN,0.0349093663210473,NaN,0.183049428783193
NaN,0.0868893099244734,NaN,NaN,0.124689472742607
0.710559195988673,NaN,NaN,0.433756941548685,NaN
0.718797911403801,NaN,NaN,NaN,0.144400286247348
NaN,NaN,NaN,NaN,NaN
0.702194990206295,0.0497791488061793,NaN,0.167194853160183,0.154854064967925
0.711268489368783,NaN,0.0473614299886185,NaN,0.069830935159864
0.695538544639106,NaN,0.0278574931067083,NaN,0.12008842998441
0.733392986725302,0.0718365499053247,NaN,0.409120152498958,0.198826258082654
0.746007496685418,0.0579710563379875,0.030410859163248,NaN,NaN
NaN,0.0514711189928562,0.0380803485178864,NaN,NaN
NaN,0.0525717658105375,0.0296606653971944,NaN,NaN
NaN,0.0435130844731996,NaN,NaN,NaN
0.619764187231628,0.0571360430649722,0.0255317823283934,0.256837632294831,0.172600122677435
0.748577321162586,NaN,0.0312682419721074,NaN,NaN
NaN,0.0700123404105424,NaN,NaN,0.124749533570169
NaN,0.0724186338466798,NaN,0.352857038846197,NaN
0.653264659184531,0.0563720578919437,0.0325589793945095,NaN,NaN
NaN,NaN,NaN,NaN,NaN
NaN,NaN,0.0196842476342796,0.199294427566305,NaN
0.760171539875928,NaN,NaN,NaN,0.139190967873847
0.649832770445382,0.0488811919323628,NaN,NaN,NaN
NaN,NaN,NaN,NaN,0.223079331407979
NaN,NaN,NaN,NaN,NaN
NaN,0.0768974463954394,NaN,0.547794920672743,NaN
0.710657405841304,0.0804211331118565,NaN,0.227165200585109,NaN
NaN,NaN,0.107366568585994,NaN,0.0844499961663301
0.752254734533312,0.0367394290842168,NaN,NaN,0.140269506990058
NaN,0.0427156063749741,NaN,0.217851114950061,NaN
NaN,0.0532525961348009,0.0270584004117614,NaN,NaN
NaN,0.199567594786422,0.136719526948524,0.205947724098674,NaN
0.713680086861159,NaN,NaN,NaN,NaN
0.494459327480754,NaN,NaN,NaN,0.513957114013341
NaN,NaN,NaN,NaN,NaN
0.669998526852211,0.0491606846184896,NaN,NaN,0.101179492422113
0.642663451203343,NaN,NaN,NaN,NaN
NaN,0.0738801958065703,NaN,0.308548281408233,0.134191223451836
NaN,NaN,0.0276264699552352,0.237489327058637,NaN
0.669600231338764,0.048643854134846,0.0240131305605935,NaN,0.145685843535155
NaN,0.0719797610337534,NaN,0.440982771059616,0.185991770388734
0.62325609310294,NaN,0.0527681618879676,NaN,0.23342832315281
0.601022473687944,0.0495400786159799,0.0216457747342279,NaN,0.155111559792471
0.559217813084826,0.0568369165951092,0.0282402000879404,NaN,NaN
0.662447280405498,NaN,0.0230802944376141,0.201730836692414,NaN
NaN,0.0598091249742306,0.0333879943479315,0.306295877100667,0.168873795588724
NaN,0.0418886776011443,0.0192494033844924,NaN,NaN
NaN,NaN,0.0321852749975373,NaN,NaN
NaN,NaN,NaN,NaN,NaN
NaN,0.165466022293584,0.16318842000825,NaN,NaN
0.788772431403146,NaN,NaN,NaN,NaN
NaN,NaN,NaN,NaN,NaN
NaN,0.0457062936093766,0.0238046462531665,0.203650311418227,NaN
0.763712550673556,NaN,0.0331140308125428,0.356168463692143,NaN
NaN,NaN,NaN,0.246553219091493,NaN
NaN,0.0727067884962196,0.0429423916861199,NaN,0.168181179236844
0.746062057714657,0.06586210500725,NaN,NaN,NaN
NaN,NaN,NaN,NaN,NaN
0.652926380803247,0.048096418047143,0.0345991333814464,0.160011384470788,NaN
NaN,NaN,NaN,NaN,NaN
NaN,NaN,NaN,0.260151704692123,0.159672987962277
0.707749302982852,0.085446226819864,0.0627726884391469,NaN,NaN
NaN,NaN,NaN,NaN,NaN
NaN,NaN,NaN,NaN,0.151229969075063
NaN,NaN,NaN,NaN,NaN
0.676360342861508,0.0425799022815034,0.0248159149627549,NaN,NaN
NaN,NaN,0.0278156537582778,0.244175717982831,0.186831983029621
NaN,0.0756772644826584,0.0449307322384679,0.341376594322326,0.146693459759246
0.670604154276766,NaN,NaN,NaN,0.149308022593094
NaN,NaN,0.0302749784310387,NaN,NaN
0.723692035726562,NaN,0.0285070392760731,NaN,NaN
NaN,NaN,0.030497258065425,0.295714938146582,NaN
0.655981798440646,NaN,0.0393737413788112,0.356749601212579,0.192519232243719
NaN,0.0589897032353588,NaN,NaN,0.215484831446316
0.707023641293969,NaN,0.0142466867413501,NaN,0.0708577197331766
0.755402905920417,NaN,0.0281224540578371,NaN,NaN
0.794692303075605,NaN,NaN,NaN,0.150526490658624
0.673414047282588,NaN,0.0904229278074996,0.225665362747629,NaN
NaN,0.042033043658028,NaN,NaN,NaN
0.549489581571467,0.0851263116378098,NaN,NaN,NaN
NaN,NaN,0.024484568048559,NaN,0.174878600454929
0.685799400919899,0.0636094170556369,0.0381613070094315,NaN,NaN
0.752080139239747,0.042033043658028,0.027312869142386,NaN,NaN
NaN,NaN,0.0290417539210303,0.267200148262875,0.221696015539142
NaN,NaN,NaN,0.0885658876246831,NaN
NaN,NaN,NaN,0.306168132748224,0.188540521890255
NaN,NaN,NaN,NaN,NaN
NaN,NaN,NaN,NaN,NaN
NaN,0.0446593509648561,0.0239857342070546,NaN,NaN
0.728417020858681,NaN,NaN,0.312938583427652,0.105292381220129
NaN,NaN,NaN,NaN,0.30429754389552
0.646297215750678,NaN,NaN,NaN,NaN
0.886343919991707,0.0580865491834945,0.0300654578549199,0.387932460965165,0.161672246786107
NaN,NaN,NaN,NaN,NaN
NaN,0.12736955227466,0.0956237013043579,NaN,NaN
0.63547230754961,0.0448424071249846,NaN,NaN,NaN
NaN,NaN,NaN,0.425775898016322,0.15126255526874
NaN,NaN,0.0467752905098319,0.363111667096894,0.0744473125974391
NaN,0.0795029649900763,NaN,NaN,NaN
0.799253605120007,NaN,0.038485140975612,0.445847646657797,NaN
0.65022015375298,NaN,NaN,NaN,NaN
NaN,NaN,0.143420947044662,NaN,0.294860326628671
0.749002897190652,NaN,NaN,NaN,NaN
0.637163699456027,NaN,NaN,NaN,0.147377130881489
0.721946082790906,NaN,0.0330162329547563,0.316602794490446,NaN
NaN,NaN,0.0568355165031942,NaN,NaN
NaN,0.0731520134156489,NaN,NaN,NaN
NaN,NaN,NaN,0.485286895282725,0.124962941191505
NaN,NaN,0.065687194134771,0.255157760965827,0.116156362614052
NaN,0.056824789846331,NaN,NaN,NaN
NaN,0.405787577474044,0.381263394177634,0.499394372629614,NaN
NaN,NaN,NaN,0.343387409569574,NaN
0.645942569060623,0.0800763869680183,0.0608426380007113,NaN,NaN
NaN,NaN,NaN,NaN,NaN
0.6312056350631,NaN,0.0292738781079884,0.224398509428592,NaN
0.69716991941336,0.0608225746935542,NaN,0.371700985550989,0.208735016740358
0.666757601715399,NaN,NaN,0.32888147574512,0.163958391903289
0.65408307462312,NaN,0.0384106591633905,NaN,0.127883558667928
0.648741549860597,NaN,NaN,NaN,NaN
NaN,NaN,NaN,NaN,NaN
0.62902319389353,0.0586189712012815,0.0291839170321835,NaN,NaN
0.801594273274371,NaN,NaN,0.453017877590464,0.203678406215657
NaN,NaN,NaN,0.135025118643395,NaN
NaN,NaN,NaN,NaN,0.160648656937665
NaN,NaN,0.0179781607668544,NaN,NaN
NaN,NaN,NaN,0.231991686688774,NaN
0.685706647170192,NaN,NaN,NaN,0.1496773327881
NaN,NaN,0.0705071388874011,NaN,0.124265852224806
NaN,NaN,NaN,0.261558216344658,0.2333842359496
0.555043894348023,NaN,NaN,0.376724714229927,NaN
0.77133472645828,NaN,0.0629248904032517,NaN,NaN
0.70168757263437,NaN,0.0315484231196467,NaN,0.26225049198763
NaN,NaN,NaN,0.12915284975808,NaN
NaN,0.0449567450420365,NaN,0.175069332750872,0.111911851151379
NaN,NaN,NaN,NaN,NaN
0.797851386668558,NaN,NaN,0.279749541642673,NaN
NaN,NaN,NaN,NaN,NaN
0.734757012456283,NaN,0.0415486102956792,NaN,0.284700462596161
NaN,NaN,NaN,NaN,NaN
NaN,NaN,NaN,NaN,0.149730365220947
NaN,NaN,NaN,0.333385622472416,NaN
NaN,0.0520422311138881,NaN,0.301742088785634,NaN
NaN,NaN,NaN,0.297261108132616,NaN
0.714083838477529,NaN,NaN,NaN,NaN
0.705697808283456,NaN,NaN,NaN,0.500444705701945
NaN,NaN,NaN,0.156063885413978,0.101179492422113
NaN,NaN,NaN,0.444126738282931,NaN
NaN,NaN,0.0257260827081017,NaN,0.200444066756971
0.746176635876059,0.0490036143486001,0.025607948077239,NaN,NaN
NaN,NaN,0.063582273354598,NaN,NaN
0.709768061064704,NaN,NaN,NaN,0.174122728550617
NaN,NaN,NaN,NaN,NaN
NaN,0.0745298430625469,NaN,0.455346398999226,NaN
NaN,0.0469807571595459,0.0430628579215391,0.226785938854802,NaN
0.747382434622247,NaN,NaN,NaN,NaN
NaN,0.0791899793787524,NaN,NaN,0.358956730646357
0.699663358449594,0.065644978457697,NaN,0.390771297895859,0.150016612569326
NaN,NaN,NaN,0.404082524175453,0.330946660873566
0.632422346015135,0.0546633412426684,0.029004383481333,NaN,NaN
NaN,NaN,0.0325330726772151,NaN,NaN
NaN,NaN,0.02802284272984,NaN,NaN
0.692865054206383,NaN,NaN,NaN,NaN
NaN,0.0572359443763357,0.0324391608270228,0.330350204854285,0.219308917116058
NaN,0.131112097933313,NaN,0.393958287828545,NaN
0.673976025883752,0.0497387263102519,0.0261693466410095,0.220263696114056,NaN
NaN,NaN,0.0420764596605533,NaN,NaN
NaN,0.0780766283480654,NaN,0.336680500122449,0.169711452449715
0.753940670336805,NaN,NaN,0.472146436064944,0.15805517928796
NaN,0.0490434593803,NaN,0.301112633453135,NaN
NaN,NaN,NaN,NaN,0.0671639788381425
NaN,NaN,NaN,0.197811136924737,NaN
0.792106110289664,NaN,NaN,NaN,NaN
0.740267676409448,0.047663319876492,NaN,NaN,NaN
0.763068730528533,0.0581194646444639,NaN,NaN,NaN
0.788592380006656,0.0743710403999748,NaN,NaN,NaN
NaN,0.0414555794304932,NaN,0.244567555582031,0.120306949165538
NaN,0.0751997015664872,NaN,NaN,NaN
0.60482537742592,NaN,NaN,0.304747721451123,NaN
0.767340859117966,NaN,NaN,NaN,0.27069606665474
NaN,NaN,NaN,NaN,NaN
0.683998886955004,0.0639079660612724,0.0347480970058894,NaN,NaN
NaN,0.0645067964652259,0.0402021086643009,NaN,0.177045901806936
NaN,NaN,0.0275126099327261,NaN,NaN
0.697088077869501,NaN,0.0326904559847788,NaN,NaN
NaN,0.0604610820871174,NaN,NaN,NaN
0.621832050239796,NaN,NaN,NaN,0.154320545914586
0.680648839759713,0.0666370620006017,0.044406768881188,NaN,NaN
NaN,NaN,NaN,0.272873188909407,NaN
NaN,NaN,0.0435227021535153,0.464534725945341,NaN
0.735640901129959,NaN,NaN,NaN,NaN
NaN,NaN,0.0397409690964599,NaN,0.0780445728013903
0.722824515361658,0.0468473629229853,0.0350097548505632,0.1827631169622,0.110927236946354
0.658191520124836,0.0573860850754948,NaN,NaN,0.233480077695709
NaN,0.0510905700669108,NaN,NaN,0.182361285046132
NaN,0.0615651936901639,NaN,0.37998186427328,NaN
NaN,0.0464015605393285,NaN,0.257344638377581,NaN
NaN,0.217197000188831,NaN,NaN,NaN
NaN,NaN,NaN,NaN,NaN
NaN,NaN,0.0320084616520027,NaN,NaN
NaN,0.0408850447736889,NaN,NaN,NaN
NaN,NaN,NaN,0.133958817338814,0.220113348838398
NaN,0.0659493021056078,NaN,NaN,0.200957778516114
0.636170688723872,0.0822511172489142,0.0559857761759366,NaN,NaN
NaN,NaN,0.0323154562519418,0.371371365408418,0.122773915710379
NaN,NaN,NaN,NaN,0.148925294553633
NaN,NaN,NaN,NaN,0.12017340966596
NaN,0.110934920359021,0.110582239870166,0.175866907593839,0.232803434968181
NaN,NaN,0.0257550982314715,0.296126632380877,0.232943363917499
NaN,NaN,0.0276242678842651,NaN,0.12121552891865
NaN,0.0645073739294535,0.0363672668367918,0.396121999166021,NaN
NaN,0.0441176895194285,NaN,0.139461752811369,NaN
NaN,NaN,NaN,NaN,NaN
NaN,NaN,NaN,NaN,0.158338870856442
NaN,NaN,0.0327338497362469,0.390897718472628,0.125687504792087
0.747158734402366,NaN,NaN,0.271281348662656,NaN
NaN,0.0716171134988615,0.0516878517767895,NaN,NaN
NaN,NaN,NaN,0.290734232177015,NaN
0.765327557139038,NaN,NaN,NaN,NaN
NaN,NaN,0.0221975230458061,NaN,NaN
NaN,NaN,NaN,NaN,0.133914560278069
NaN,NaN,0.0246817181671697,0.268891933572937,0.119390702072737
NaN,0.0571626064194388,0.0322675288249471,0.296724317097225,0.0965292509009124
NaN,NaN,NaN,NaN,NaN
NaN,0.0726831124628907,NaN,NaN,0.167360134945179
NaN,NaN,NaN,NaN,0.118639941728218
NaN,0.0418765508523661,NaN,NaN,0.193432284611649
NaN,0.0802998656240742,0.0409896728700517,NaN,0.0762887520126767
NaN,NaN,0.0292185024997715,0.30683597757524,NaN
NaN,0.0852649030524182,NaN,NaN,0.180404835535564
NaN,0.0563252832895134,0.0289680493103276,NaN,NaN
NaN,NaN,0.0466574149461422,0.201992282387827,NaN
NaN,NaN,0.0284712232394135,NaN,NaN
0.571783218118627,NaN,0.0860887340041403,NaN,NaN
0.695620386182965,0.0535823282087233,0.0273751747974791,0.246553219091493,0.175307332532522
0.746738614477223,NaN,0.0395136376522012,NaN,NaN
0.633213480939104,NaN,0.0359974484474137,NaN,NaN
0.723337389036507,NaN,NaN,NaN,0.24478620901168
NaN,NaN,NaN,NaN,0.216526311754032
NaN,NaN,NaN,NaN,NaN
NaN,0.0438480137251698,NaN,NaN,NaN
NaN,NaN,NaN,0.288702898406836,NaN
NaN,NaN,NaN,0.392437931468133,0.170965701433793
0.391305154380432,NaN,0.111671617332397,0.224049032650927,NaN
0.695554912947878,NaN,0.0743523434018279,NaN,NaN
NaN,0.0541072431915524,NaN,NaN,0.21896452577504
NaN,NaN,0.0529767109621878,NaN,NaN
NaN,0.0513758373953129,NaN,0.29210500188638,NaN
NaN,0.0512724712985843,NaN,0.306123124375343,NaN
NaN,0.0671186671663657,0.0359015935934243,0.402854722238769,0.132744652030567
0.706516223722044,NaN,NaN,0.157304925107391,NaN
0.728040549756931,NaN,0.0291461579917268,0.369535950437839,0.229015130216986
NaN,0.0489626143884452,NaN,0.157860249002204,0.120170853886063
0.570195492167764,NaN,0.0489695894646707,NaN,NaN
NaN,0.075130405859183,NaN,NaN,NaN
NaN,NaN,NaN,NaN,NaN
NaN,NaN,NaN,0.27135018499765,NaN
NaN,NaN,0.0199354132584491,NaN,NaN
0.66504984150021,NaN,NaN,NaN,NaN
NaN,NaN,0.0317685654498562,0.34081068022213,0.154498811562348
0.701736677560686,0.0754399266851417,NaN,NaN,NaN
NaN,0.0466747011189524,NaN,NaN,0.0621257060341963
NaN,NaN,0.0251479743116763,0.280138069802691,0.109807805351803
NaN,NaN,0.0225069787838882,NaN,NaN
NaN,0.0655167813991843,NaN,NaN,NaN
0.517980041575504,NaN,NaN,0.291032081703435,0.149813428067575
0.757350734664259,0.0423119588799273,NaN,NaN,NaN
NaN,NaN,NaN,NaN,0.10221650011501
0.552659577370267,0.0484492486901668,NaN,0.196985100904801,NaN
NaN,0.0553147208913276,NaN,0.365693029659194,NaN
NaN,0.0634633186060706,NaN,NaN,NaN
0.603455895592014,NaN,NaN,NaN,NaN
0.54690884488845,NaN,0.0322675288249471,0.342394577814844,NaN
NaN,NaN,NaN,NaN,0.102738518158816
NaN,NaN,NaN,0.339614648901597,NaN
NaN,0.0568305644886063,0.0314417522111869,0.250276338171733,0.153477777493802
NaN,0.0605390397578346,NaN,NaN,0.207886497814808
NaN,0.214406115577155,NaN,NaN,NaN
NaN,NaN,NaN,NaN,NaN
NaN,NaN,NaN,NaN,NaN
NaN,NaN,0.0352247806041071,0.26784747456696,NaN
0.780697399075736,NaN,NaN,NaN,NaN
NaN,0.0579525774827064,0.0348789259282263,NaN,NaN
0.645102329210338,0.0590174215182805,0.0346373457894557,NaN,0.0828749968052751
NaN,NaN,0.0291528289714301,0.099403639059325,0.11503373629463
NaN,0.0793580214689651,0.0489067656752317,0.354861897102917,0.151765404963325
0.762435822589357,NaN,0.034275299415266,NaN,NaN
NaN,0.0725335492279592,NaN,NaN,NaN
NaN,NaN,NaN,NaN,0.118751118153705
NaN,0.0517887243180003,NaN,0.138070464579072,NaN
0.761993878252519,NaN,NaN,0.39270996736893,0.0869891634932399
0.61256758747497,NaN,0.0193041960915701,0.170181291078414,0.251665090602397
NaN,NaN,NaN,0.38827068564961,NaN
0.603455895592014,0.0521144141423299,NaN,NaN,0.0920994453957625
NaN,0.0511234855278803,NaN,0.221251232766095,0.22065836890127
NaN,NaN,NaN,0.325790459548725,NaN
0.789159814710745,0.0567583814601645,NaN,0.333875419471416,0.147703631763233
NaN,NaN,NaN,0.13784476082683,0.112465816443888
NaN,NaN,0.0441062509605725,0.206154233103658,0.156770260945127
NaN,0.329841214661355,0.312707743537229,NaN,NaN
0.576431817809811,NaN,0.0686016998303952,0.197904463109681,NaN
0.72966646842826,0.0374520199409947,0.0148380723303889,NaN,NaN
0.727347624685592,0.0594689985442127,NaN,NaN,NaN
NaN,NaN,0.0319034099133738,NaN,0.159450635111304
NaN,NaN,0.0165615814651945,NaN,NaN
NaN,0.0697513265796967,NaN,0.45504788758497,NaN
NaN,NaN,NaN,NaN,NaN
NaN,NaN,NaN,NaN,NaN
NaN,NaN,NaN,0.414037317236221,0.164237610856953
NaN,NaN,0.014311388767793,NaN,0.0716084800776957
NaN,NaN,0.0311179182450064,NaN,0.125387839599254
NaN,NaN,NaN,NaN,NaN
NaN,NaN,NaN,0.165284644864081,NaN
0.846039687692669,NaN,NaN,NaN,0.0670809159915148
NaN,0.066848991372107,0.0507908316904697,NaN,NaN
NaN,0.0744051107893994,0.050886686544459,NaN,NaN
NaN,NaN,NaN,NaN,NaN
NaN,NaN,NaN,NaN,NaN
NaN,0.0515034569895981,0.0307131257872809,0.417452658472495,0.167593988805684
NaN,0.054840045296294,0.0312365710102149,NaN,NaN
NaN,NaN,0.038906772799579,NaN,NaN
NaN,NaN,0.0757402957808774,NaN,NaN
NaN,NaN,NaN,NaN,NaN
NaN,NaN,NaN,0.18936346246765,0.150325222991796
NaN,0.0723909155637581,NaN,NaN,0.180873182201549
NaN,NaN,0.0287701219901981,NaN,0.217669384312623
0.595948297968693,NaN,NaN,NaN,0.0675626805019552
0.735286254439904,NaN,NaN,0.211951046775613,0.186585350269635
0.713707367375778,0.0520006536895056,0.0272495272186011,0.196364912002012,NaN
0.721324087057578,0.0765509678589186,NaN,0.382653905469179,NaN
NaN,NaN,0.0336736159061027,NaN,0.132771487719478
NaN,NaN,0.0256826889566335,0.258332175029619,NaN
0.717777620157027,NaN,NaN,NaN,NaN
NaN,NaN,0.035097190021432,0.386797323325589,NaN
0.588866276373437,0.0675292442321429,0.0432545676295179,NaN,0.128495029008102
0.712337885541873,0.0454533642777164,NaN,0.232564219667335,NaN
NaN,NaN,0.0296201861514218,NaN,0.148354716691798
0.715649740016696,NaN,0.0415466672918821,0.262468312119828,0.146340762133565
NaN,NaN,0.0266278307703278,NaN,NaN
NaN,0.0603530962765684,NaN,0.317054863882766,NaN
0.6455497296501,NaN,NaN,NaN,0.145609170138268
NaN,0.0548914396125446,NaN,NaN,NaN
NaN,0.0675991174036746,NaN,0.366294685702561,NaN
NaN,NaN,NaN,NaN,NaN
0.76193931722328,NaN,NaN,0.441576484448945,0.267265571089018
NaN,0.0659533443552006,NaN,0.331096814333843,0.23768816929486
0.750961638140342,NaN,0.0225941548875839,NaN,NaN
NaN,NaN,NaN,NaN,NaN
0.634233772185879,NaN,0.0276740735482637,NaN,NaN
0.643209061495736,0.0346172480480265,NaN,NaN,NaN
0.636558072031471,NaN,NaN,NaN,NaN
0.801070487393674,NaN,NaN,NaN,0.167661716972934
0.647055614057104,NaN,NaN,0.386246632645632,NaN
NaN,NaN,0.0321347568988131,0.257265211837202,0.160334296010428
0.637927553865376,0.0451011110989202,NaN,NaN,NaN
0.628826774188268,NaN,NaN,NaN,0.140051626753904
0.716299016264643,0.0696606646959738,NaN,NaN,0.180561377054208
0.615459322024651,0.0556513825359803,0.028985989712054,0.330943918243614,0.157793211848596
NaN,NaN,NaN,0.44881488982877,0.189172438469599
NaN,NaN,NaN,0.17451202319255,0.130680220819383
0.684113465116406,0.0572717471584429,NaN,0.371607659366044,NaN
NaN,NaN,NaN,NaN,NaN
NaN,NaN,0.0343957656506851,NaN,0.0954583791243898
NaN,NaN,NaN,0.402170330215842,NaN
0.681658218800639,0.0671030756322223,NaN,NaN,0.154271347151583
0.654754175282763,NaN,NaN,0.546923214392089,NaN
0.632236838515722,NaN,NaN,NaN,NaN
NaN,0.0588320555012418,NaN,NaN,0.177910394356838
0.79025103529553,NaN,0.0308858588248415,NaN,NaN
0.79187695396686,NaN,NaN,NaN,0.124615355125617
NaN,0.0591646748963018,0.0343834599599702,NaN,0.172764970480742
NaN,NaN,0.0390298297067275,0.455100838611889,NaN
NaN,NaN,0.0693937977116726,0.34647842576597,0.108970148490812
NaN,NaN,NaN,NaN,0.129936488869579
NaN,0.0631797836703511,0.0341205067794317,NaN,NaN
NaN,0.0356809371551456,0.0237738172595862,NaN,0.0953529532036701
0.65215161418805,NaN,0.0281466768385075,NaN,NaN
NaN,0.0354586134275447,NaN,0.170283221805233,NaN
NaN,NaN,NaN,0.232700568561652,NaN
NaN,NaN,NaN,NaN,NaN
NaN,NaN,NaN,NaN,0.110724691389578
NaN,NaN,NaN,NaN,0.191265622204616
NaN,0.0453823361777296,NaN,NaN,NaN
NaN,NaN,0.0404929115659309,NaN,0.0955133283921589
0.681963760564379,0.0450410548192566,0.021683404241098,NaN,NaN
NaN,0.0692483552375139,NaN,0.463054744742956,NaN
0.595397231573376,NaN,NaN,NaN,NaN
0.63336079571805,NaN,0.0315766614414977,0.234418829385172,0.339888056840545
NaN,NaN,NaN,0.308697206171442,NaN
NaN,NaN,NaN,NaN,0.18865936565543
NaN,0.0375415268962626,NaN,NaN,NaN
NaN,NaN,0.032538254020674,NaN,NaN
NaN,NaN,NaN,0.10103254502492,0.055621501776267
NaN,0.0476581226984442,0.0375013333863558,0.197402090241788,NaN
NaN,NaN,NaN,0.178315892588842,NaN
NaN,NaN,0.0460783998146115,NaN,0.100574411531679
NaN,0.189863885906928,0.151503195172594,0.32233937636928,0.0729208730544125
0.666959477523584,0.0687297923611877,NaN,NaN,NaN
NaN,NaN,NaN,0.22245057352581,NaN
0.670047631778526,NaN,0.0255317823283934,NaN,0.110956628415161
NaN,NaN,0.0258045152947106,0.229762448455485,NaN
NaN,0.0818780753579267,0.0516004166059208,0.257805312311776,NaN
NaN,NaN,NaN,0.47060225174242,NaN
NaN,NaN,NaN,NaN,0.131117898126613
NaN,0.0589302244199227,0.0375842348816979,0.361088275980752,NaN
0.762408542074738,0.0482061362503746,0.0259100851676854,NaN,0.157585554732026
NaN,0.0596780405945803,NaN,NaN,NaN
0.585156126385168,0.0755646589582892,NaN,NaN,NaN
NaN,NaN,0.02847575691494,0.401495204622625,0.164013980116032
NaN,NaN,NaN,0.444788626119418,NaN
NaN,NaN,NaN,0.451785442438924,NaN
0.630949198225675,0.0552483125051611,NaN,0.384970512896884,0.210299792981828
0.770636345284017,NaN,0.0212139745237228,0.196117365951166,0.11559728576175
NaN,0.0518054707805988,NaN,NaN,0.078420911391111
NaN,NaN,NaN,0.3809164498984,NaN
NaN,0.0475189538196082,NaN,NaN,0.104037493291078
0.581118610221463,NaN,0.029417789922559,NaN,NaN
NaN,NaN,NaN,NaN,NaN
0.710084515034292,0.0413250725150704,NaN,NaN,0.232876274695223
NaN,NaN,NaN,0.279026760125229,0.124737393615662
NaN,NaN,0.176884006105954,0.462053308446351,0.385544508906893
NaN,NaN,NaN,0.342897612570574,NaN
0.714634904872846,0.0598865051807203,NaN,NaN,NaN
NaN,0.0569114094804612,0.0305797709600077,NaN,NaN
0.737714220241051,NaN,NaN,NaN,NaN
NaN,NaN,0.159224044594269,NaN,0.177367930073862
NaN,0.0417853115044156,0.0317308711761928,0.162209513975762,NaN
NaN,NaN,NaN,0.141967660160309,NaN
0.699701551170061,0.0929705857046421,NaN,NaN,0.108963759041071
NaN,NaN,NaN,0.417518847256144,0.234121578449664
0.631931296751982,0.0601486739400211,0.0619307201270776,NaN,NaN
NaN,0.0619671087925281,0.0303245250278643,0.324867787904662,0.150158458353567
NaN,NaN,0.0522105197982048,NaN,NaN
NaN,NaN,NaN,NaN,NaN
NaN,NaN,NaN,NaN,NaN
0.825961228932623,NaN,NaN,NaN,0.116322488307307
NaN,NaN,NaN,NaN,NaN
0.686208608639193,0.0468496727798955,0.0247261481873297,NaN,NaN
NaN,NaN,NaN,0.189834726607229,0.121792496230225
0.713843769948876,0.046294152193007,NaN,0.164273942137765,0.146729240677793
0.7003944762414,NaN,NaN,NaN,NaN
NaN,NaN,NaN,NaN,NaN
NaN,0.0419106212417906,0.0198399470052191,NaN,0.101139238888747
NaN,NaN,NaN,0.427134091856794,NaN
0.777467386144772,NaN,0.0276598248537517,0.302246447317038,0.155344135763028
0.641648616059493,0.0599084488213666,NaN,0.388317679686,NaN
NaN,0.055064678880805,NaN,NaN,NaN
NaN,0.0607388423805617,NaN,0.239319446926524,NaN
0.746083882126352,NaN,NaN,0.16686192357843,0.124824290132134
NaN,0.0696906928358055,0.0366101423114271,0.479746894091327,NaN
0.619300418483094,NaN,0.0504669977242892,NaN,NaN
NaN,NaN,NaN,0.13184540947691,NaN
0.69186113126838,NaN,NaN,NaN,0.191057965088047
0.728084198580322,NaN,NaN,0.334344697947486,0.119207963810157
NaN,NaN,NaN,NaN,NaN
0.75033418630409,NaN,NaN,NaN,NaN
NaN,NaN,NaN,NaN,NaN
NaN,0.1014928027746,0.0821923637230569,0.150361059814804,NaN
NaN,0.0540154263793743,NaN,0.257970784270897,NaN
0.689482270393549,0.191116405816451,0.234663110019805,NaN,NaN
NaN,NaN,NaN,NaN,0.105620159991822
0.783272679655829,NaN,NaN,NaN,NaN
NaN,NaN,NaN,NaN,0.217291767832954
0.791565956100196,0.059143308719883,NaN,NaN,NaN
0.733600318636411,0.0432769016041379,0.0211475885606558,NaN,NaN
0.747988062046802,NaN,0.0361101426676445,NaN,NaN
0.731892558421222,NaN,NaN,NaN,0.104237483067958
NaN,NaN,NaN,0.327032823017811,NaN
NaN,0.0615166866950509,0.0329799635505441,0.351237399310313,NaN
0.685553876288322,NaN,0.0340246519254423,NaN,0.150982697370103
NaN,0.047148221785531,0.0241904620404739,0.265306487162685,0.198710609042349
NaN,NaN,NaN,0.275948981685564,NaN
NaN,0.0475189538196082,NaN,0.225476062826393,0.114074679888568
0.679797687703581,0.0535823282087233,NaN,NaN,0.362900937971222
0.648365078758846,0.0725837886157547,0.0394721869045301,NaN,0.171303064380096
0.741326160376689,NaN,0.0882260381809313,NaN,0.147570092263654
NaN,0.126804792260131,NaN,NaN,NaN
NaN,NaN,0.0364857900684138,NaN,NaN
NaN,NaN,NaN,NaN,NaN
NaN,0.0360337677981693,NaN,0.153999457251974,NaN
NaN,NaN,0.0760498810525459,NaN,NaN
NaN,NaN,0.0139663112934311,0.129939834395663,0.128427939785826
NaN,0.0645015992871781,0.034363382254067,NaN,NaN
0.666561182010137,0.061359038960934,0.034198226931315,0.367574776778327,NaN
NaN,NaN,NaN,0.206877014621102,0.173538732844327
NaN,NaN,0.0405680410460847,NaN,0.180524318245713
NaN,NaN,0.0206742728356865,0.190623696908322,0.128344237994224
NaN,NaN,NaN,NaN,NaN
NaN,0.0658707669706631,NaN,NaN,0.158405960078718
NaN,NaN,NaN,NaN,NaN
NaN,0.0563235508968308,NaN,NaN,NaN
NaN,NaN,NaN,0.392234731902332,NaN
NaN,0.0588811399605823,NaN,NaN,0.202042068137092
NaN,0.0641689798921181,NaN,0.444065182714137,NaN
0.734407821869152,NaN,0.0316655862486108,NaN,0.139392874485649
NaN,0.132376167127387,0.12803883365109,0.234839128161342,NaN
NaN,0.0534581733998033,NaN,NaN,NaN
0.680659751965561,NaN,NaN,0.269981400951795,NaN
NaN,NaN,NaN,NaN,0.269659058961842
NaN,NaN,0.0358018527318407,0.373351733815188,NaN
NaN,NaN,0.077507133900358,0.187314257725886,NaN
0.605289146174453,NaN,0.026665201210025,0.337728268567609,NaN
NaN,NaN,NaN,0.324195309862791,0.129975464512996
NaN,NaN,0.0458050839471552,0.492436607692461,NaN
NaN,NaN,0.0260067172231937,NaN,NaN
0.522178512775465,0.05556245304494,0.0284925315143882,NaN,NaN
0.756188584741463,NaN,NaN,NaN,NaN
0.670058543984374,NaN,NaN,NaN,0.106777928284816
NaN,NaN,NaN,NaN,NaN
NaN,NaN,NaN,NaN,NaN
0.59687583546576,0.0673450331435593,0.0407519787388753,NaN,NaN
NaN,NaN,0.0308274391773425,NaN,NaN
NaN,NaN,NaN,NaN,NaN
NaN,NaN,0.0313607937196418,NaN,0.230239348787282
NaN,NaN,0.0439041785656759,0.258643262312769,NaN
NaN,0.0573358456876993,0.0345991333814464,NaN,0.116416413218494
NaN,NaN,NaN,0.233502114731638,NaN
0.733081988858638,NaN,NaN,NaN,NaN
0.749030177705272,0.0703287908072315,NaN,0.412091366996949,NaN
NaN,NaN,NaN,NaN,NaN
0.641414003633765,NaN,NaN,NaN,0.14204705190789
NaN,0.0545697920378078,0.0409190770654244,0.115360431021359,NaN
NaN,NaN,NaN,NaN,0.116596595701178
NaN,NaN,0.0300143568550567,NaN,NaN
0.743066657209422,NaN,0.0280447339059538,NaN,NaN
NaN,NaN,0.0459449802205452,NaN,NaN
NaN,0.098269397456501,NaN,0.162596718360107,0.117094972780944
NaN,NaN,NaN,NaN,NaN
NaN,0.0605118989391404,0.0316511432537192,0.265017904065977,NaN
0.781537638926021,0.0401354962063488,0.0209055550543326,NaN,NaN
NaN,0.0537746237964923,NaN,NaN,0.10996945843024
NaN,NaN,NaN,0.293248082179994,NaN
NaN,0.0460752932507714,NaN,0.202284836811554,0.14685000127789
0.670271331998407,0.0726796476775255,NaN,NaN,NaN
0.672137319198389,0.0823111735285778,NaN,NaN,0.210224397474889
NaN,NaN,0.0298669476336513,0.271491167106822,0.179563983949702
0.738194357298356,0.0435829576447313,NaN,0.247284605150811,0.178397909372045
NaN,0.0575246764901031,0.0478387612547685,0.246451288364674,0.183827663761597
NaN,NaN,NaN,NaN,NaN
NaN,0.069258172129382,0.0408387662418116,NaN,NaN
NaN,0.0495539377574408,NaN,NaN,NaN
NaN,0.0706585228811538,NaN,0.239974715884646,NaN
NaN,NaN,NaN,NaN,NaN
0.65992110475172,NaN,NaN,NaN,NaN
0.661181464527147,NaN,NaN,NaN,0.291457944641807
0.47638598654525,0.0592126044271872,0.0362183032123488,NaN,NaN
NaN,0.0615432500495176,NaN,NaN,0.187844710813505
0.680905276597138,NaN,NaN,NaN,0.0896267283461548
NaN,0.0620710523534843,NaN,NaN,0.175890689293838
0.640557395474708,NaN,NaN,NaN,0.160776445932476
NaN,0.0590272384101486,NaN,NaN,NaN
NaN,0.06378438871658,0.0324404561628874,0.402207395934685,0.0977438852965983
NaN,NaN,NaN,0.179132662179067,NaN
0.686852428784217,NaN,0.0266729084584201,0.289323749197461,0.234671710072329
NaN,NaN,NaN,NaN,NaN
0.599898516485615,0.0572521133747067,NaN,NaN,NaN
NaN,NaN,0.0229411105989497,0.391506655282196,NaN
0.629890714258434,0.0625249392363266,NaN,NaN,0.184984154164643
NaN,0.0647117962660008,0.0379553486069408,NaN,NaN
NaN,NaN,NaN,NaN,0.180083446213612
NaN,0.192550826957647,NaN,0.461342440909963,NaN
0.706401645560642,NaN,0.051433965947304,0.338282268686748,0.135941932680757
NaN,0.0567803251008108,NaN,NaN,0.138226160963018
NaN,NaN,NaN,0.298523990124633,0.203215810054438
NaN,NaN,NaN,0.244047311742552,0.0980978608122268
NaN,0.051635118833476,NaN,NaN,NaN
NaN,NaN,0.029417789922559,0.232937524407114,0.158989316840034
NaN,NaN,NaN,0.123891503345843,0.0935294042477062
0.582215286909172,NaN,NaN,NaN,0.0498213509852531
NaN,0.0726496195376937,NaN,NaN,NaN
0.636219793650187,0.0711915223631684,NaN,0.503165147634082,NaN
NaN,0.0607527015220224,0.0334657144998148,NaN,NaN
0.635428658726218,0.0932656699249124,0.0591243749761577,NaN,NaN
0.703400788952483,NaN,NaN,NaN,0.0669135124083114
NaN,NaN,NaN,NaN,NaN
NaN,NaN,NaN,0.241630759251537,NaN
0.70958255356529,0.152097725426154,NaN,NaN,0.0970480742198482
0.75373879452862,NaN,0.0238046462531665,NaN,NaN
NaN,0.0600349134871968,NaN,0.329663165280012,NaN
NaN,NaN,NaN,0.282806139671571,NaN
NaN,0.0530412442275232,NaN,0.33607354897639,NaN
NaN,NaN,NaN,NaN,NaN
0.781346675323683,NaN,0.023847845704255,NaN,NaN
0.69275047604498,NaN,0.06556348955969,NaN,NaN
NaN,NaN,0.0477293053741995,NaN,NaN
NaN,0.0245757225954245,0.014870196659834,0.0762951490240464,NaN
NaN,0.0449527027924438,0.0362720596507347,NaN,NaN
NaN,NaN,NaN,NaN,NaN
0.687518073340936,0.0495400786159799,0.0216457747342279,NaN,0.383864083625118
NaN,NaN,NaN,NaN,NaN
NaN,0.0657916543714908,NaN,NaN,NaN
0.682580300194783,0.193072277155111,0.181871696853066,NaN,0.303875840212641
NaN,NaN,NaN,0.294669817252768,NaN
NaN,0.104904461430876,0.0913672276528819,0.443282831291409,0.209478109745189
0.758158237897,NaN,0.0295473235090312,0.279250478213962,0.0746664707235413
0.784314795314299,NaN,NaN,0.534780220143894,NaN
NaN,0.0731063937416737,NaN,NaN,NaN
0.718039513097375,NaN,0.0290708342111932,NaN,0.155452756408618
NaN,NaN,NaN,NaN,NaN
NaN,0.0534206382250135,0.0602726902202336,0.214226617157457,NaN
NaN,0.0593044212393652,NaN,NaN,0.123169422649321
NaN,NaN,NaN,0.422762322696796,NaN
NaN,0.0508001055604608,NaN,0.283638794569872,0.167438725176988
0.795794435866238,NaN,NaN,NaN,NaN
0.72514881520725,NaN,NaN,0.316407537578682,0.244390063127763
0.672721122211249,NaN,0.0194365146501515,NaN,NaN
0.698632154996972,0.0621426579176986,NaN,NaN,NaN
NaN,NaN,0.0629112893766721,NaN,NaN
0.72238257102482,0.0636798676913962,NaN,NaN,0.188301556469957
0.74805353528189,NaN,0.0387727055375803,NaN,NaN
0.646193549795123,0.06378438871658,NaN,NaN,NaN
NaN,0.0301927171366552,0.0114238908249483,NaN,0.0659372044879495
0.691850219062532,0.110892188006184,0.0837642537948969,NaN,NaN
NaN,NaN,NaN,NaN,NaN
0.819402993218064,0.0622442916217448,0.0615952281381147,0.300497077765202,0.0888625501571805
0.75208559534267,0.059790068654722,0.0337895484659952,0.2124659955124,NaN
NaN,0.103554927531127,0.0902085497218881,NaN,NaN
0.622639553472537,0.0545928906069091,0.02971461613596,NaN,NaN
NaN,NaN,NaN,0.376777665256846,NaN
0.764667368685243,NaN,NaN,NaN,NaN
NaN,NaN,NaN,NaN,NaN
NaN,NaN,NaN,NaN,0.220467963299001
NaN,NaN,NaN,0.0165756570891497,NaN
NaN,0.0500557541711685,0.0224784813948643,NaN,NaN
NaN,NaN,0.0229411105989497,0.268768160547514,0.164116211311882
NaN,NaN,0.0831832956595692,NaN,0.0737776982646254
NaN,NaN,NaN,0.121539153974967,NaN
NaN,0.0687147782912718,NaN,NaN,NaN
0.704666604830833,NaN,0.020756461896303,0.240635941833297,NaN
NaN,0.0541055107988698,NaN,0.246690891761482,0.161647966877093
NaN,0.0734470976359192,0.0621120671481387,0.255025383398529,0.127057402816469
NaN,NaN,NaN,0.340541291872679,NaN
NaN,NaN,NaN,NaN,NaN
NaN,0.0665752733282555,NaN,NaN,0.228817696220001
NaN,NaN,NaN,0.163985359041057,NaN
NaN,0.0484376994056161,NaN,NaN,0.184446162496486
0.708589542833136,NaN,NaN,0.336449501267515,0.0601406317887904
0.697682793088209,NaN,NaN,0.192790717684981,0.184427633092238
NaN,0.0581414082851103,NaN,NaN,NaN
NaN,NaN,0.0263869630662828,NaN,NaN
NaN,NaN,NaN,0.137865279349761,NaN
0.6522771045553,NaN,0.0209981068018669,0.147931931454896,0.0767372913844659
0.641850491867679,0.0567953391707267,NaN,0.276389137096828,0.141808725432566
0.772365929910902,NaN,NaN,0.310094451394267,NaN
0.743061201106498,NaN,NaN,0.359830689091427,0.124250517545429
NaN,0.0797916971038437,0.0463199799533822,NaN,NaN
NaN,0.0679034410515855,NaN,NaN,NaN
0.80530442326264,0.0649006270684047,0.0388737417350286,NaN,NaN
0.698632154996972,NaN,NaN,NaN,0.159142663633808
0.655256136751764,NaN,NaN,NaN,0.342116696910062
NaN,NaN,0.0313607937196418,NaN,NaN
0.615955827390728,NaN,0.0223174063800861,0.229466584592575,NaN
NaN,NaN,NaN,NaN,NaN
0.668448993621816,0.0372689637808662,0.0177099614760637,NaN,NaN
NaN,NaN,NaN,NaN,NaN
NaN,NaN,NaN,NaN,NaN
0.625487639198826,NaN,0.0429113036253666,NaN,0.193201625476014
0.739749346631675,0.0552130871872815,NaN,NaN,NaN
NaN,NaN,NaN,NaN,0.203199836430087
0.755435642537961,NaN,NaN,0.383736753969672,0.178097605234237
NaN,NaN,NaN,NaN,NaN
NaN,0.0446004496136476,NaN,NaN,0.112010887622358
NaN,0.079763978820922,NaN,0.262379619149739,0.132398343854627
NaN,NaN,0.0336062584411371,0.38113685854795,NaN
NaN,0.070952452172969,0.0386405812793786,0.391930263497548,NaN
NaN,NaN,0.0304432425598661,0.352289800970328,NaN
0.676496745434606,NaN,NaN,0.337442333022246,NaN
NaN,NaN,NaN,0.450489466055082,NaN
0.688150981280111,NaN,NaN,NaN,NaN
0.727691359169799,NaN,NaN,NaN,NaN
0.760171539875928,NaN,0.0281642286394744,NaN,0.149109310706162
0.67325036419487,0.0536112014201,NaN,NaN,NaN
0.754049792395284,0.0717724513760684,NaN,NaN,0.270214302144299
NaN,NaN,NaN,NaN,0.0613049812150178
NaN,0.0718382822980074,NaN,0.305598909208845,NaN
NaN,NaN,0.0217040648481404,NaN,NaN
NaN,NaN,NaN,NaN,NaN
NaN,NaN,NaN,NaN,NaN
NaN,NaN,NaN,0.247451400885606,0.136414113016587
NaN,0.0606400959976532,0.0347429156624305,0.415776096582673,0.196543946635316
0.520336532428348,0.0776781780310664,NaN,NaN,NaN
0.813188491987713,NaN,NaN,NaN,NaN
NaN,NaN,NaN,0.506282639343937,0.150392312214072
NaN,NaN,NaN,NaN,0.169367061108697
NaN,NaN,0.0388607883763813,NaN,0.120484575868326
NaN,NaN,NaN,NaN,NaN
NaN,NaN,0.03383747589299,NaN,NaN
NaN,0.0401354962063488,NaN,0.267922929780319,NaN
NaN,NaN,NaN,0.232238570851783,0.198594321057071
NaN,NaN,NaN,NaN,NaN
NaN,NaN,0.0380628614837127,0.437176915999815,NaN
0.69379259170345,0.0514994147400054,NaN,NaN,0.128573619239911
NaN,NaN,NaN,0.327316111011828,NaN
NaN,NaN,NaN,NaN,0.176633143353694
NaN,0.05871771758419,NaN,NaN,0.217949881156235
0.732749166580278,NaN,0.0293896163675013,NaN,NaN
0.709309748419094,NaN,0.0341833305688707,NaN,NaN
0.697797371249611,0.0610067857821378,NaN,NaN,NaN
0.693050561705796,NaN,0.0396347515555526,0.313709020869324,0.128318041250288
NaN,NaN,NaN,NaN,NaN
0.78961267125343,NaN,0.025684178592878,NaN,NaN
0.705212215123226,NaN,NaN,NaN,0.160200117565875
0.625111168097075,0.0584307178631052,NaN,NaN,0.0789288726454878
NaN,NaN,NaN,NaN,NaN
NaN,0.0712787194615261,NaN,NaN,0.176102819025226
0.709326116727866,NaN,0.0242364464636716,NaN,0.192893653998518
0.744163333897131,0.0388015538407435,NaN,NaN,NaN
NaN,0.0812093717824415,NaN,NaN,NaN
NaN,NaN,NaN,NaN,NaN
0.669016428325904,0.0795774578754282,0.0420576772905149,NaN,NaN
0.677506124475532,NaN,0.0315519205264815,NaN,0.275311805147341
NaN,NaN,0.0440777535715486,0.398850962715858,NaN
0.59233090173013,0.0522697520195368,NaN,NaN,0.248352160911902
NaN,0.0386733567822307,0.0186429271326297,NaN,0.047531180514734
0.676714989551563,NaN,NaN,0.362942223810753,NaN
NaN,0.0630527415402934,NaN,NaN,0.174926521327983
NaN,0.0422882828465984,NaN,NaN,0.121538196130549
NaN,0.070014072803225,NaN,0.393040911287173,NaN
NaN,NaN,0.0253896192172402,NaN,0.236234569478876
0.724455890135911,0.0704252273332298,NaN,NaN,NaN
NaN,NaN,NaN,0.258224287312272,0.0915672042323715
NaN,NaN,NaN,0.341865067545654,0.153494390063128
NaN,NaN,0.0749902963152034,0.20646664416248,NaN
NaN,NaN,0.0703614136026198,NaN,NaN
0.668110715240532,0.0628419670972432,0.0389922649666506,0.278291402738892,NaN
NaN,0.0465517012384875,NaN,0.162881992017633,0.156129399136146
NaN,NaN,0.0542539121248036,NaN,NaN
0.697382707427393,NaN,NaN,NaN,NaN
0.597372340831837,NaN,0.0464806016006077,NaN,NaN
NaN,NaN,0.0468679070241595,NaN,0.162286272906177
0.621995733327513,NaN,NaN,0.339292971413064,NaN
NaN,NaN,0.0311918171560888,NaN,NaN
0.668334415460413,0.0523667660097626,0.0280201872913173,NaN,NaN
0.663009259006662,0.0654445983707425,0.0339786675022447,0.451159296545607,NaN
0.659981121883883,0.0698206222870009,0.0401949843170449,0.384623021782729,NaN
NaN,0.0461844339897754,NaN,NaN,NaN
NaN,0.06627672432262,0.034330998857449,NaN,0.180326245303754
NaN,NaN,NaN,NaN,0.14698226288752
NaN,NaN,0.033627631482905,0.387866272181516,0.206616275206379
NaN,NaN,NaN,NaN,0.201623559179083
0.661579760040593,0.0815893432441593,0.0460952391808529,0.498567012834005,NaN
NaN,NaN,NaN,0.209235982870343,NaN
0.746258477419918,NaN,0.0301780873083575,0.335936538194238,NaN
0.749079282631588,0.0645674302091171,NaN,NaN,0.111897155416975
NaN,0.0832784261096986,NaN,NaN,0.174702890587063
NaN,NaN,NaN,NaN,NaN
NaN,NaN,NaN,0.277021901868509,NaN
NaN,NaN,NaN,0.224793656466975,NaN
0.598965522885624,NaN,0.0232289342280909,0.277955825605793,NaN
NaN,NaN,0.0163679935202119,0.108274921731763,NaN
NaN,NaN,NaN,NaN,0.0589024203235617
NaN,0.0303151395528926,NaN,NaN,0.134395685843535
0.649150757579891,NaN,NaN,NaN,0.128033710736831
0.653706603521369,NaN,NaN,0.291521216814599,NaN
NaN,0.0471846020318656,NaN,NaN,0.180204206813709
0.830882633770003,NaN,NaN,0.30943256355778,NaN
0.695936840152553,0.0338763614440994,0.0133217521671455,NaN,0.105232959337542
NaN,NaN,0.0266112504712594,0.166685199526088,0.138883635341324
0.565235894609916,NaN,NaN,NaN,NaN
NaN,0.034333713112307,0.0206742728356865,NaN,NaN
NaN,NaN,NaN,NaN,NaN
0.651922457865245,0.0476067283821935,NaN,0.303648325754718,0.306423952769187
NaN,0.072506408409265,NaN,NaN,0.26249137424285
NaN,NaN,NaN,0.109856171773131,NaN
NaN,NaN,0.444530836150311,0.457951589523639,0.10647634625706
NaN,NaN,NaN,NaN,0.0942718583075626
NaN,NaN,NaN,NaN,NaN
0.708114861878754,0.0832004684389814,0.0719339513423922,0.210917839862857,NaN
NaN,NaN,NaN,NaN,0.104468142203593
NaN,0.041583776489006,NaN,NaN,0.116905206123649
0.681952848358531,0.0680189338970924,0.0471593575937219,0.212773111468531,0.0926348812840238
NaN,0.0549936507808182,0.0443860435073524,0.289098045445219,NaN
NaN,0.0456901246110056,0.024128480219347,0.175289741400422,NaN
NaN,NaN,0.101856857485399,0.206330957156,0.186829427249725
NaN,NaN,NaN,0.208560857277126,NaN
NaN,NaN,NaN,0.41243223923274,NaN
0.70582875475363,NaN,NaN,NaN,0.203157027116825
NaN,NaN,NaN,NaN,0.128580647634626
0.639602577463021,NaN,NaN,0.184166981063389,0.156124926521328
NaN,NaN,NaN,0.312783701673914,0.30078398548317
NaN,0.0642654164181165,0.0350311278923311,NaN,0.0603249674138063
NaN,NaN,0.0827422337976313,0.186266489280726,NaN
0.731025038056318,NaN,0.0261283492608911,NaN,NaN
NaN,NaN,NaN,NaN,NaN
0.764487317288753,NaN,0.0183148833248888,NaN,NaN
NaN,0.0526751319072662,0.0273822343779418,NaN,NaN
0.60571472220252,0.0690231441887754,NaN,0.410154683187387,0.18036969356199
0.732809183712442,NaN,0.026605939594214,NaN,NaN
NaN,NaN,NaN,NaN,NaN
NaN,NaN,NaN,0.16861989767214,NaN
NaN,0.061859122981979,NaN,0.378654779161123,NaN
0.629819784920423,NaN,NaN,NaN,0.0946577810718941
NaN,NaN,0.0396185598572436,NaN,NaN
0.651207708382211,0.0641990080319499,NaN,0.343221275722616,NaN
NaN,0.0451265195249317,NaN,NaN,0.0857055230403558
0.704333782552474,0.0670233855688225,NaN,0.292680844304124,NaN
0.659648299605524,0.0552142421157366,NaN,NaN,0.216015794719759
0.722273448966341,NaN,NaN,NaN,0.248974493316636
0.585958173514985,0.0525099771381912,0.0271971956496663,NaN,0.194656503181946
0.699095923745506,0.0665972169689018,0.0392824202003483,0.169061376859077,NaN
NaN,0.0464442928921661,NaN,NaN,0.135701689370511
0.624139981776616,NaN,0.0445635045208193,0.398567012834005,0.0722876785851203
NaN,NaN,0.0349294440269505,0.430828087872229,NaN
NaN,NaN,NaN,0.252179265701634,NaN
NaN,NaN,NaN,NaN,NaN
0.740000327366175,0.0726386477173705,0.0436515880720552,0.367709801896971,0.347878702686125
0.772895171894523,NaN,0.0258232328979559,0.312311775646499,0.258090321261533
NaN,0.201293635362523,0.262556224862793,NaN,0.307487157206021
NaN,NaN,NaN,NaN,NaN
NaN,NaN,NaN,NaN,0.144381756843101
0.634692084831488,0.0702993401316272,NaN,0.303666196726303,NaN
NaN,NaN,NaN,NaN,0.175914330257878
NaN,NaN,NaN,NaN,0.239987093311524
NaN,NaN,NaN,0.322405565152929,NaN
NaN,NaN,0.101688463822986,NaN,0.245497354767807
NaN,NaN,0.0252259535307326,0.297040699483066,NaN
NaN,0.0693320875505065,NaN,NaN,NaN
0.786115309279194,NaN,NaN,0.234896712403116,NaN
NaN,0.05601922724892,0.0281540602529364,NaN,0.186389833107573
0.635095836447859,0.0684399053189653,NaN,NaN,NaN
NaN,NaN,NaN,NaN,NaN
0.705364986005096,0.0768189112604947,NaN,0.466423091942839,NaN
0.611918311227023,0.0816216812409013,0.0613691920297207,NaN,0.201551997341989
0.893916990850115,0.0650161199139117,NaN,NaN,NaN
0.688745696498819,NaN,NaN,NaN,0.128323791755054
NaN,0.0525093996739637,NaN,NaN,NaN
NaN,0.0764019820882146,0.0417014599277164,NaN,NaN
NaN,0.0586461120199757,NaN,NaN,NaN
NaN,0.0570263248617406,0.0288163654805687,NaN,NaN
0.695456703095247,0.103804969541649,0.106865273606347,0.14431140498931,NaN
NaN,0.0533646241949427,NaN,0.332224009319381,0.149143813734761
NaN,NaN,0.0268810689318809,NaN,NaN
NaN,NaN,NaN,NaN,0.099152758964398
0.728689826004878,0.191994728906531,NaN,NaN,0.194275053032433
0.614690011512377,0.0549682423548067,NaN,NaN,0.155512178291206
0.679519426454461,NaN,NaN,0.548336344922989,0.201319421371431
0.642270611792821,0.0524533856438928,0.024471938523878,NaN,NaN
NaN,NaN,0.0230470690726839,0.183650046663092,NaN
NaN,0.0667196393851392,NaN,NaN,NaN
NaN,NaN,NaN,NaN,NaN
0.730321200779132,0.0284089301378003,NaN,NaN,NaN
NaN,0.0572284373413778,NaN,NaN,NaN
NaN,NaN,NaN,NaN,NaN
NaN,0.0529430753088423,NaN,NaN,NaN
0.637403767984679,NaN,NaN,0.371677819476712,NaN
0.712146921939535,NaN,NaN,NaN,NaN
NaN,0.055571115008353,NaN,NaN,NaN
NaN,NaN,NaN,0.240228218926021,0.187511181537046
0.627888324485353,0.0483632065202641,NaN,0.228835143596566,0.112106729368467
0.648419639788085,NaN,0.0960531051435132,0.148924763209626,0.172645487770593
NaN,NaN,NaN,0.189465393194469,NaN
NaN,NaN,NaN,NaN,NaN
NaN,0.0460752932507714,0.0179756348619182,NaN,0.0609142663633808
0.724668678149945,0.0690514399359246,0.0578277437755711,NaN,0.129155059166305
NaN,0.0783838393171139,0.0559527451113863,NaN,0.0774938022337516
NaN,NaN,NaN,NaN,NaN
0.768404799188132,NaN,0.0163804935113064,NaN,NaN
NaN,0.0591369566133802,NaN,0.397400766466115,0.224637718199709
NaN,NaN,0.0357668786634932,NaN,NaN
NaN,NaN,0.0373517220939804,NaN,0.128233700513712
NaN,NaN,NaN,NaN,NaN
NaN,NaN,NaN,0.341518238319334,NaN
NaN,0.0512724712985843,NaN,NaN,NaN
0.658895357402022,NaN,NaN,0.379725051792723,NaN
NaN,NaN,0.0292635801878638,0.331873870653879,0.237588493878907
NaN,0.135004784291125,NaN,NaN,NaN
0.665540890763363,NaN,0.0445654475246164,0.477738726395425,NaN
NaN,NaN,NaN,NaN,0.109573312546324
NaN,NaN,NaN,0.271311795503134,0.221083906253993
NaN,NaN,NaN,NaN,0.0971509443606716
0.643159956569421,NaN,NaN,0.067376210427381,NaN
NaN,NaN,0.0163025142922502,NaN,0.0559533059012958
NaN,0.0461330396735248,NaN,0.316779518542788,NaN
NaN,0.069290510126124,NaN,0.320444391493418,0.193931300636389
0.697022604634414,NaN,0.0346133820759584,NaN,0.214424182789378
NaN,NaN,0.0302952504373216,0.313499864312994,0.168138369923582
NaN,NaN,NaN,NaN,0.199824290132134
0.81957758851163,0.0636302057678282,0.0313607937196418,0.386211552590298,0.122038490045237
0.609708589542833,NaN,NaN,NaN,NaN
NaN,0.0676175962589557,0.0389676535852209,NaN,NaN
NaN,0.0354037543259289,0.0183815283551287,NaN,NaN
0.896901479149503,0.0841879322680658,NaN,NaN,0.080961995552943
NaN,NaN,0.0323322956181832,NaN,NaN
NaN,NaN,0.0284678553661652,NaN,NaN
NaN,NaN,0.0244232986621577,NaN,0.134054489227388
NaN,NaN,0.033627631482905,NaN,NaN
0.804966144881357,NaN,0.0231766026591562,0.159514968593422,NaN
0.63940615775776,0.06166682739421,0.0365421371785292,NaN,NaN
0.764514597803373,0.0483083474186483,0.0240421460839633,NaN,0.199078641347407
NaN,NaN,0.0285677257613353,NaN,0.094928693740895
NaN,NaN,NaN,NaN,NaN
0.686230433050889,0.0683428913287394,NaN,NaN,NaN
0.740425903394242,NaN,NaN,NaN,NaN
0.698517576835569,NaN,NaN,0.346365904833767,NaN
0.697186287722132,NaN,NaN,NaN,NaN
NaN,NaN,0.0432001635231996,0.371421668883991,0.194560661435837
0.844910274387416,NaN,NaN,NaN,0.138643392031078
0.724395873003748,NaN,NaN,0.262938914371571,NaN
0.721607804409622,NaN,NaN,NaN,NaN
NaN,NaN,NaN,NaN,0.177442686635827
NaN,0.0454978290232366,0.0216457747342279,NaN,0.20879827229279
0.627479116766059,0.0547638200182594,NaN,NaN,0.119807294195824
0.780222718121355,NaN,0.031769860785721,NaN,NaN
NaN,0.0353922050413782,NaN,0.172613066989668,0.120354870038592
NaN,NaN,0.0257560049665768,0.148389957837745,NaN
0.766882546472357,0.0754006591176693,NaN,NaN,NaN
NaN,NaN,NaN,NaN,NaN
NaN,NaN,NaN,0.260247678428414,NaN
NaN,NaN,NaN,NaN,0.262848544483349
0.511168642685276,NaN,NaN,NaN,0.0557766376159685
0.683638784162024,NaN,NaN,NaN,0.114659953484806
NaN,NaN,0.0336639008871172,NaN,NaN
NaN,NaN,0.0313778273862629,0.349685934221587,0.21307536994914
0.743672284633977,NaN,NaN,NaN,NaN
0.591785291437738,0.0593229000946464,0.0310940840650956,0.436398535904106,NaN
NaN,NaN,0.0321425289140014,NaN,0.160193728116135
0.659981121883883,NaN,NaN,NaN,NaN
NaN,NaN,NaN,0.285648947929284,NaN
NaN,NaN,0.0399935595900806,0.167670750514618,0.0977943619495489
NaN,NaN,0.0264934396743629,NaN,NaN
NaN,0.0366782178760982,NaN,NaN,0.16729432361285
NaN,NaN,NaN,0.264833899247434,NaN
0.748069903590661,NaN,NaN,NaN,NaN
NaN,NaN,0.0579151789464399,0.242392592151334,0.132028394714647
NaN,0.051849935526119,NaN,NaN,NaN
0.732820095918289,NaN,0.0266740094939051,NaN,NaN
NaN,NaN,NaN,0.270661159759867,NaN
NaN,NaN,NaN,0.407188101904251,0.0464229943517264
0.691953885018087,0.0607630958781181,NaN,0.305240827889306,NaN
NaN,0.0874679290804633,NaN,NaN,NaN
0.686470501579542,NaN,NaN,0.176494377262829,0.148442891098219
