0.245803965517241
0.176052769230769
0.168516
53.3947702999663
0.149072770833333
0.258696214285714
0.318323913043478
0.284758862068966
132.006631675456
0.344271772727273
155.635606595026
0.342354222222222
0.411112095238095
91.7971198836731
0.313586785714286
161.083032160927
0.364581638888889
234.233696235907
0.444658333333333
0.687547555555555
184.087572714781
0.647410357142857
0.623998714285714
0.619891724137931
0.708864285714286
0.661991739130435
0.6811436
130.66491219084
0.694229
0.576725454545455
0.472638111111111
0.527017083333333
0.30611784
0.410169952380952
0.416650777777778
0.364992277777778
0.432106523809524
171.917616794447
0.275821166666667
0.33889635483871
0.30400512
0.359014958333333
0.335178071428571
134.534704167756
0.284617590909091
147.743494521832
0.19262015
144.120605349543
144.016814975488
0.240279961538462
0.131931125
0.194773071428571
0.256053870967742
105.470466117462
0.177680214285714
0.189377196428571
0.22011356
0.194889166666667
120.795052558572
57.1773444307298
