5409.25436544821,-155.638488339118,19.2983237670714,243.34094673557,0,0,1219.78293911503,0,0,0,0,0,0,0,0,0,1529.88091421254,361.116824192055,443.083615222039,0,666.048175711184,0,0,0,0,665.94295878647,0,225.630958018585,0,-1220.89822353455,0,0,-617.854313626556,0,0,0,0,0,508.962773961897,0,0,-162.133939873568,23.2230660543932,0,-466.276857484133,-1172.43380309279,0,0,679.51155603939,187.813969750213,-281.969209338779,0,2021.44071921358,0,0,0,-230.112140424869,0,0,0
-155.638488339118,5239.03746668363,-1026.23007329397,-166.340661855202,0,0,-183.92815663591,0,0,0,0,0,0,0,0,0,767.338117046909,-304.993070495135,-53.1257662062446,0,-395.877713073359,0,0,0,0,-727.41371940492,0,553.008057144245,0,-475.142330396897,0,0,215.628626727769,0,0,0,0,0,83.6302653382699,0,0,765.631802723749,-479.995842161786,0,341.523841340381,-38.9986230574059,0,0,-1831.11631329989,-155.030928277998,710.877778872655,0,325.889030344634,0,0,0,-235.377761740153,0,0,0
19.2983237670714,-1026.23007329397,4847.78933966625,417.442766736187,0,0,-450.183046496216,0,0,0,0,0,0,0,0,0,-160.384587959842,2969.36695581152,1436.16473039839,0,-127.495236923623,0,0,0,0,1386.71309483732,0,1575.14135836505,0,615.400319981522,0,0,820.193939575815,0,0,0,0,0,-1069.64164141546,0,0,751.810596224652,342.411378760524,0,-487.832703014868,-403.623941433028,0,0,622.628333553905,161.279657145455,-265.027308351523,0,758.165976896929,0,0,0,-414.981144449683,0,0,0
243.34094673557,-166.340661855202,417.442766736187,2500.88337820605,0,0,-108.610082566632,0,0,0,0,0,0,0,0,0,-1706.59995321746,992.448155391249,1061.94908460266,0,-338.985118313565,0,0,0,0,592.488862678549,0,1114.10195304752,0,1091.08600212021,0,0,-332.362953477915,0,0,0,0,0,-509.331890722945,0,0,187.443089868077,488.254801125548,0,-173.139366749015,503.895350895962,0,0,673.839537534978,107.975862907898,206.009573676764,0,529.514281371735,0,0,0,-448.537885162127,0,0,0
0,0,0,0,0.0172251869644912,0,0,0,0,0,0,0,0,0,0,0,0,0,0,0,0,0,0,0,0,0,0,0,0,0,0,0,0,0,0,0,0,0,0,0,0,0,0,0,0,0,0,0,0,0,0,0,0,0,0,0,0,0,0,0
0,0,0,0,0,0.0450901273535917,0,0,0,0,0,0,0,0,0,0,0,0,0,0,0,0,0,0,0,0,0,0,0,0,0,0,0,0,0,0,0,0,0,0,0,0,0,0,0,0,0,0,0,0,0,0,0,0,0,0,0,0,0,0
1219.78293911503,-183.92815663591,-450.183046496216,-108.610082566632,0,0,7281.40020541558,0,0,0,0,0,0,0,0,0,521.31614632887,-2113.71097301746,776.682772893468,0,739.762710235311,0,0,0,0,-535.028730402245,0,-911.56640235787,0,-2069.76452463928,0,0,-462.460578762439,0,0,0,0,0,758.686976495845,0,0,-84.8827484963029,-821.12855458474,0,917.984088058613,564.270635138896,0,0,876.096734613742,638.395361007303,-246.267709481518,0,1060.50279543816,0,0,0,55.7781737225373,0,0,0
0,0,0,0,0,0,0,0.0246424284765803,0,0,0,0,0,0,0,0,0,0,0,0,0,0,0,0,0,0,0,0,0,0,0,0,0,0,0,0,0,0,0,0,0,0,0,0,0,0,0,0,0,0,0,0,0,0,0,0,0,0,0,0
0,0,0,0,0,0,0,0,0.0672284758298413,0,0,0,0,0,0,0,0,0,0,0,0,0,0,0,0,0,0,0,0,0,0,0,0,0,0,0,0,0,0,0,0,0,0,0,0,0,0,0,0,0,0,0,0,0,0,0,0,0,0,0
0,0,0,0,0,0,0,0,0,0.0347217130610965,0,0,0,0,0,0,0,0,0,0,0,0,0,0,0,0,0,0,0,0,0,0,0,0,0,0,0,0,0,0,0,0,0,0,0,0,0,0,0,0,0,0,0,0,0,0,0,0,0,0
0,0,0,0,0,0,0,0,0,0,0.0549520133129319,0,0,0,0,0,0,0,0,0,0,0,0,0,0,0,0,0,0,0,0,0,0,0,0,0,0,0,0,0,0,0,0,0,0,0,0,0,0,0,0,0,0,0,0,0,0,0,0,0
0,0,0,0,0,0,0,0,0,0,0,0.0369112903646816,0,0,0,0,0,0,0,0,0,0,0,0,0,0,0,0,0,0,0,0,0,0,0,0,0,0,0,0,0,0,0,0,0,0,0,0,0,0,0,0,0,0,0,0,0,0,0,0
0,0,0,0,0,0,0,0,0,0,0,0,0.0494496006059616,0,0,0,0,0,0,0,0,0,0,0,0,0,0,0,0,0,0,0,0,0,0,0,0,0,0,0,0,0,0,0,0,0,0,0,0,0,0,0,0,0,0,0,0,0,0,0
0,0,0,0,0,0,0,0,0,0,0,0,0,0.0286485357374739,0,0,0,0,0,0,0,0,0,0,0,0,0,0,0,0,0,0,0,0,0,0,0,0,0,0,0,0,0,0,0,0,0,0,0,0,0,0,0,0,0,0,0,0,0,0
0,0,0,0,0,0,0,0,0,0,0,0,0,0,0.0446150638552099,0,0,0,0,0,0,0,0,0,0,0,0,0,0,0,0,0,0,0,0,0,0,0,0,0,0,0,0,0,0,0,0,0,0,0,0,0,0,0,0,0,0,0,0,0
0,0,0,0,0,0,0,0,0,0,0,0,0,0,0,0.0906094411260274,0,0,0,0,0,0,0,0,0,0,0,0,0,0,0,0,0,0,0,0,0,0,0,0,0,0,0,0,0,0,0,0,0,0,0,0,0,0,0,0,0,0,0,0
1529.88091421254,767.338117046909,-160.384587959842,-1706.59995321746,0,0,521.31614632887,0,0,0,0,0,0,0,0,0,17546.1069760556,-218.634981008681,237.599740574206,0,-2141.65229446416,0,0,0,0,1573.80557874772,0,-623.034889009125,0,3177.59724442299,0,0,1357.43168767342,0,0,0,0,0,1989.02863517579,0,0,1719.80269341986,774.319504837561,0,800.137973212882,176.338148287196,0,0,-603.674487410665,-668.872836381743,1077.85993596534,0,59.2615073525183,0,0,0,1295.18426737767,0,0,0
361.116824192055,-304.993070495135,2969.36695581152,992.448155391248,0,0,-2113.71097301746,0,0,0,0,0,0,0,0,0,-218.634981008681,19785.1065232435,237.042746721212,0,308.33621603958,0,0,0,0,46.0865827228512,0,-507.993450605726,0,-502.050237581796,0,0,3247.48467764858,0,0,0,0,0,-1183.54241020909,0,0,2805.75742259903,-614.3201722331,0,-925.026345485325,-585.55169776826,0,0,1444.90140109113,-83.984806154941,-776.86897932208,0,135.391281396722,0,0,0,-1135.21437029332,0,0,0
443.083615222039,-53.1257662062446,1436.16473039839,1061.94908460266,0,0,776.682772893468,0,0,0,0,0,0,0,0,0,237.599740574206,237.042746721212,18200.4726923657,0,1297.81331757627,0,0,0,0,3128.71805263484,0,1774.34075963502,0,2655.99538306601,0,0,-1062.09368379986,0,0,0,0,0,2207.06788196092,0,0,217.460383495674,-996.241518306131,0,-1197.84781729122,1825.03044298586,0,0,354.893441299041,123.046602214704,-1326.9748855352,0,1184.53367472798,0,0,0,-940.582884481265,0,0,0
0,0,0,0,0,0,0,0,0,0,0,0,0,0,0,0,0,0,0,0.0733907448654496,0,0,0,0,0,0,0,0,0,0,0,0,0,0,0,0,0,0,0,0,0,0,0,0,0,0,0,0,0,0,0,0,0,0,0,0,0,0,0,0
666.048175711184,-395.877713073359,-127.495236923623,-338.985118313565,0,0,739.762710235311,0,0,0,0,0,0,0,0,0,-2141.65229446416,308.33621603958,1297.81331757627,0,14825.1221553062,0,0,0,0,3189.22966880879,0,-1482.78933279514,0,134.327375318041,0,0,141.438706081209,0,0,0,0,0,4597.8643122895,0,0,1082.72577600952,-148.126386833576,0,-1407.11414404641,-1524.2221891231,0,0,-672.657796426202,160.097590510736,-877.400929865952,0,-158.020725163542,0,0,0,509.26299224784,0,0,0
0,0,0,0,0,0,0,0,0,0,0,0,0,0,0,0,0,0,0,0,0,0.0622043497414397,0,0,0,0,0,0,0,0,0,0,0,0,0,0,0,0,0,0,0,0,0,0,0,0,0,0,0,0,0,0,0,0,0,0,0,0,0,0
0,0,0,0,0,0,0,0,0,0,0,0,0,0,0,0,0,0,0,0,0,0,0.0439274182341487,0,0,0,0,0,0,0,0,0,0,0,0,0,0,0,0,0,0,0,0,0,0,0,0,0,0,0,0,0,0,0,0,0,0,0,0,0
0,0,0,0,0,0,0,0,0,0,0,0,0,0,0,0,0,0,0,0,0,0,0,0.0318008545437501,0,0,0,0,0,0,0,0,0,0,0,0,0,0,0,0,0,0,0,0,0,0,0,0,0,0,0,0,0,0,0,0,0,0,0,0
0,0,0,0,0,0,0,0,0,0,0,0,0,0,0,0,0,0,0,0,0,0,0,0,0.0690220992299587,0,0,0,0,0,0,0,0,0,0,0,0,0,0,0,0,0,0,0,0,0,0,0,0,0,0,0,0,0,0,0,0,0,0,0
665.94295878647,-727.41371940492,1386.71309483732,592.488862678549,0,0,-535.028730402245,0,0,0,0,0,0,0,0,0,1573.80557874772,46.0865827228512,3128.71805263484,0,3189.22966880879,0,0,0,0,11366.1460449838,0,2079.30738543745,0,3665.64241853217,0,0,436.024979213024,0,0,0,0,0,3268.67437603584,0,0,40.5384590785624,172.7118334831,0,-252.429984611888,1636.17154124117,0,0,711.196323118247,21.0075847638295,114.013583232277,0,2210.5831759337,0,0,0,201.137195929955,0,0,0
0,0,0,0,0,0,0,0,0,0,0,0,0,0,0,0,0,0,0,0,0,0,0,0,0,0,0.0683193422278398,0,0,0,0,0,0,0,0,0,0,0,0,0,0,0,0,0,0,0,0,0,0,0,0,0,0,0,0,0,0,0,0,0
225.630958018585,553.008057144245,1575.14135836505,1114.10195304752,0,0,-911.56640235787,0,0,0,0,0,0,0,0,0,-623.034889009125,-507.993450605726,1774.34075963502,0,-1482.78933279514,0,0,0,0,2079.30738543745,0,15128.7036347846,0,1794.4548024166,0,0,-352.0745576412,0,0,0,0,0,864.569583642109,0,0,-455.512275844882,1174.78051441108,0,1122.00570269712,-68.4867644972983,0,0,462.932891649135,-1275.03895214149,-461.491923162187,0,556.317460790717,0,0,0,331.68112084625,0,0,0
0,0,0,0,0,0,0,0,0,0,0,0,0,0,0,0,0,0,0,0,0,0,0,0,0,0,0,0,0.0901035384249183,0,0,0,0,0,0,0,0,0,0,0,0,0,0,0,0,0,0,0,0,0,0,0,0,0,0,0,0,0,0,0
-1220.89822353455,-475.142330396897,615.400319981522,1091.08600212021,0,0,-2069.76452463928,0,0,0,0,0,0,0,0,0,3177.59724442299,-502.050237581796,2655.99538306601,0,134.327375318041,0,0,0,0,3665.64241853218,0,1794.4548024166,0,14514.941865819,0,0,-1052.99986881693,0,0,0,0,0,138.906224142802,0,0,-443.84008837155,1146.89405528491,0,1098.8783225216,599.83856163136,0,0,-715.521090419613,1728.08967635257,1509.94894139254,0,-157.677314457606,0,0,0,1399.78675263639,0,0,0
0,0,0,0,0,0,0,0,0,0,0,0,0,0,0,0,0,0,0,0,0,0,0,0,0,0,0,0,0,0,0.0612634402461921,0,0,0,0,0,0,0,0,0,0,0,0,0,0,0,0,0,0,0,0,0,0,0,0,0,0,0,0,0
0,0,0,0,0,0,0,0,0,0,0,0,0,0,0,0,0,0,0,0,0,0,0,0,0,0,0,0,0,0,0,0.0533089788413826,0,0,0,0,0,0,0,0,0,0,0,0,0,0,0,0,0,0,0,0,0,0,0,0,0,0,0,0
-617.854313626556,215.628626727769,820.193939575815,-332.362953477915,0,0,-462.460578762439,0,0,0,0,0,0,0,0,0,1357.43168767342,3247.48467764858,-1062.09368379986,0,141.438706081209,0,0,0,0,436.024979213024,0,-352.0745576412,0,-1052.99986881693,0,0,8506.22836146753,0,0,0,0,0,1066.43220436049,0,0,742.716079267498,-1461.76130613135,0,-216.037439166233,871.749142010016,0,0,-831.216519565865,-800.318958780399,-171.279551788112,0,-1006.19026507834,0,0,0,471.368742726788,0,0,0
0,0,0,0,0,0,0,0,0,0,0,0,0,0,0,0,0,0,0,0,0,0,0,0,0,0,0,0,0,0,0,0,0,0.0645346154020165,0,0,0,0,0,0,0,0,0,0,0,0,0,0,0,0,0,0,0,0,0,0,0,0,0,0
0,0,0,0,0,0,0,0,0,0,0,0,0,0,0,0,0,0,0,0,0,0,0,0,0,0,0,0,0,0,0,0,0,0,0.0543055308665056,0,0,0,0,0,0,0,0,0,0,0,0,0,0,0,0,0,0,0,0,0,0,0,0,0
0,0,0,0,0,0,0,0,0,0,0,0,0,0,0,0,0,0,0,0,0,0,0,0,0,0,0,0,0,0,0,0,0,0,0,0.0493233672757376,0,0,0,0,0,0,0,0,0,0,0,0,0,0,0,0,0,0,0,0,0,0,0,0
0,0,0,0,0,0,0,0,0,0,0,0,0,0,0,0,0,0,0,0,0,0,0,0,0,0,0,0,0,0,0,0,0,0,0,0,0.0661616590680614,0,0,0,0,0,0,0,0,0,0,0,0,0,0,0,0,0,0,0,0,0,0,0
0,0,0,0,0,0,0,0,0,0,0,0,0,0,0,0,0,0,0,0,0,0,0,0,0,0,0,0,0,0,0,0,0,0,0,0,0,0.0274507637911136,0,0,0,0,0,0,0,0,0,0,0,0,0,0,0,0,0,0,0,0,0,0
508.962773961897,83.6302653382699,-1069.64164141546,-509.331890722945,0,0,758.686976495845,0,0,0,0,0,0,0,0,0,1989.02863517579,-1183.54241020909,2207.06788196092,0,4597.8643122895,0,0,0,0,3268.67437603584,0,864.569583642109,0,138.906224142802,0,0,1066.43220436049,0,0,0,0,0,10807.5304791205,0,0,-1051.60933933817,-1701.01526348015,0,531.565274167013,489.104189169493,0,0,-62.9426412223867,225.706760343188,-119.697957714974,0,-78.7323591888934,0,0,0,-31.5108887004823,0,0,0
0,0,0,0,0,0,0,0,0,0,0,0,0,0,0,0,0,0,0,0,0,0,0,0,0,0,0,0,0,0,0,0,0,0,0,0,0,0,0,0.0428998604763369,0,0,0,0,0,0,0,0,0,0,0,0,0,0,0,0,0,0,0,0
0,0,0,0,0,0,0,0,0,0,0,0,0,0,0,0,0,0,0,0,0,0,0,0,0,0,0,0,0,0,0,0,0,0,0,0,0,0,0,0,0.0465486535892136,0,0,0,0,0,0,0,0,0,0,0,0,0,0,0,0,0,0,0
-162.133939873568,765.631802723749,751.810596224651,187.443089868077,0,0,-84.8827484963029,0,0,0,0,0,0,0,0,0,1719.80269341986,2805.75742259903,217.460383495674,0,1082.72577600952,0,0,0,0,40.5384590785624,0,-455.512275844882,0,-443.84008837155,0,0,742.716079267498,0,0,0,0,0,-1051.60933933817,0,0,15533.9891893836,110.431402328325,0,-1360.42049769241,1489.99479040721,0,0,-492.490940365414,-575.377171270671,302.006194949475,0,838.419069589738,0,0,0,85.5804921026391,0,0,0
23.2230660543932,-479.995842161786,342.411378760524,488.254801125548,0,0,-821.12855458474,0,0,0,0,0,0,0,0,0,774.319504837561,-614.3201722331,-996.241518306131,0,-148.126386833576,0,0,0,0,172.7118334831,0,1174.78051441108,0,1146.89405528491,0,0,-1461.76130613136,0,0,0,0,0,-1701.01526348015,0,0,110.431402328325,8668.9878432453,0,1944.03320262644,285.879673538057,0,0,-234.435903122447,820.224984100839,-434.977909678349,0,1333.76837482759,0,0,0,154.161486635114,0,0,0
0,0,0,0,0,0,0,0,0,0,0,0,0,0,0,0,0,0,0,0,0,0,0,0,0,0,0,0,0,0,0,0,0,0,0,0,0,0,0,0,0,0,0,0.0435255089155145,0,0,0,0,0,0,0,0,0,0,0,0,0,0,0,0
-466.276857484133,341.523841340381,-487.832703014868,-173.139366749015,0,0,917.984088058613,0,0,0,0,0,0,0,0,0,800.137973212883,-925.026345485325,-1197.84781729122,0,-1407.11414404641,0,0,0,0,-252.429984611888,0,1122.00570269712,0,1098.8783225216,0,0,-216.037439166233,0,0,0,0,0,531.565274167013,0,0,-1360.42049769241,1944.03320262644,0,5713.25273857042,790.647522591411,0,0,-85.8890510361676,773.26738571116,126.083752239142,0,340.44150625654,0,0,0,652.458658272049,0,0,0
-1172.43380309279,-38.9986230574059,-403.623941433028,503.895350895962,0,0,564.270635138896,0,0,0,0,0,0,0,0,0,176.338148287196,-585.55169776826,1825.03044298586,0,-1524.2221891231,0,0,0,0,1636.17154124117,0,-68.4867644972983,0,599.83856163136,0,0,871.749142010016,0,0,0,0,0,489.104189169493,0,0,1489.99479040721,285.879673538057,0,790.647522591411,9573.2846446726,0,0,256.922300406354,475.007487614618,53.7882769964833,0,310.590958032567,0,0,0,713.375532944937,0,0,0
0,0,0,0,0,0,0,0,0,0,0,0,0,0,0,0,0,0,0,0,0,0,0,0,0,0,0,0,0,0,0,0,0,0,0,0,0,0,0,0,0,0,0,0,0,0,0.0281743078985702,0,0,0,0,0,0,0,0,0,0,0,0,0
0,0,0,0,0,0,0,0,0,0,0,0,0,0,0,0,0,0,0,0,0,0,0,0,0,0,0,0,0,0,0,0,0,0,0,0,0,0,0,0,0,0,0,0,0,0,0,0.0463578393651289,0,0,0,0,0,0,0,0,0,0,0,0
679.51155603939,-1831.11631329989,622.628333553905,673.839537534978,0,0,876.096734613742,0,0,0,0,0,0,0,0,0,-603.674487410665,1444.90140109113,354.893441299041,0,-672.657796426202,0,0,0,0,711.196323118247,0,462.932891649135,0,-715.521090419613,0,0,-831.216519565865,0,0,0,0,0,-62.9426412223867,0,0,-492.490940365414,-234.435903122447,0,-85.8890510361675,256.922300406354,0,0,6981.70805496308,1077.36456362841,730.294280469641,0,226.503448565435,0,0,0,383.570849777356,0,0,0
187.813969750213,-155.030928277998,161.279657145455,107.975862907898,0,0,638.395361007303,0,0,0,0,0,0,0,0,0,-668.872836381743,-83.984806154941,123.046602214704,0,160.097590510736,0,0,0,0,21.0075847638295,0,-1275.03895214149,0,1728.08967635257,0,0,-800.318958780399,0,0,0,0,0,225.706760343188,0,0,-575.377171270671,820.224984100839,0,773.26738571116,475.007487614618,0,0,1077.36456362841,5172.57618775934,364.641319404428,0,480.728420482575,0,0,0,673.987051285452,0,0,0
-281.969209338779,710.877778872655,-265.027308351523,206.009573676764,0,0,-246.267709481518,0,0,0,0,0,0,0,0,0,1077.85993596534,-776.86897932208,-1326.9748855352,0,-877.400929865952,0,0,0,0,114.013583232277,0,-461.491923162187,0,1509.94894139254,0,0,-171.279551788112,0,0,0,0,0,-119.697957714974,0,0,302.006194949475,-434.977909678349,0,126.083752239142,53.7882769964833,0,0,730.294280469641,364.641319404428,2370.17631696247,0,-469.980559291073,0,0,0,443.180006573627,0,0,0
0,0,0,0,0,0,0,0,0,0,0,0,0,0,0,0,0,0,0,0,0,0,0,0,0,0,0,0,0,0,0,0,0,0,0,0,0,0,0,0,0,0,0,0,0,0,0,0,0,0,0,0.00699669869733103,0,0,0,0,0,0,0,0
2021.44071921358,325.889030344634,758.165976896929,529.514281371735,0,0,1060.50279543816,0,0,0,0,0,0,0,0,0,59.2615073525183,135.391281396722,1184.53367472798,0,-158.020725163542,0,0,0,0,2210.5831759337,0,556.317460790717,0,-157.677314457606,0,0,-1006.19026507834,0,0,0,0,0,-78.7323591888934,0,0,838.419069589737,1333.76837482759,0,340.44150625654,310.590958032567,0,0,226.503448565435,480.728420482575,-469.980559291073,0,10234.332483721,0,0,0,-726.922861223429,0,0,0
0,0,0,0,0,0,0,0,0,0,0,0,0,0,0,0,0,0,0,0,0,0,0,0,0,0,0,0,0,0,0,0,0,0,0,0,0,0,0,0,0,0,0,0,0,0,0,0,0,0,0,0,0,0.0149933643485833,0,0,0,0,0,0
0,0,0,0,0,0,0,0,0,0,0,0,0,0,0,0,0,0,0,0,0,0,0,0,0,0,0,0,0,0,0,0,0,0,0,0,0,0,0,0,0,0,0,0,0,0,0,0,0,0,0,0,0,0,0.00944762978485822,0,0,0,0,0
0,0,0,0,0,0,0,0,0,0,0,0,0,0,0,0,0,0,0,0,0,0,0,0,0,0,0,0,0,0,0,0,0,0,0,0,0,0,0,0,0,0,0,0,0,0,0,0,0,0,0,0,0,0,0,0.0239757109065432,0,0,0,0
-230.112140424869,-235.377761740153,-414.981144449683,-448.537885162127,0,0,55.7781737225373,0,0,0,0,0,0,0,0,0,1295.18426737767,-1135.21437029332,-940.582884481265,0,509.26299224784,0,0,0,0,201.137195929955,0,331.68112084625,0,1399.78675263639,0,0,471.368742726788,0,0,0,0,0,-31.5108887004823,0,0,85.5804921026391,154.161486635114,0,652.458658272049,713.375532944937,0,0,383.570849777356,673.987051285452,443.180006573627,0,-726.922861223429,0,0,0,2802.74729220655,0,0,0
0,0,0,0,0,0,0,0,0,0,0,0,0,0,0,0,0,0,0,0,0,0,0,0,0,0,0,0,0,0,0,0,0,0,0,0,0,0,0,0,0,0,0,0,0,0,0,0,0,0,0,0,0,0,0,0,0,0.016761772565603,0,0
0,0,0,0,0,0,0,0,0,0,0,0,0,0,0,0,0,0,0,0,0,0,0,0,0,0,0,0,0,0,0,0,0,0,0,0,0,0,0,0,0,0,0,0,0,0,0,0,0,0,0,0,0,0,0,0,0,0,0.0285081682964443,0
0,0,0,0,0,0,0,0,0,0,0,0,0,0,0,0,0,0,0,0,0,0,0,0,0,0,0,0,0,0,0,0,0,0,0,0,0,0,0,0,0,0,0,0,0,0,0,0,0,0,0,0,0,0,0,0,0,0,0,0.0079474303696644
