90.7520419479791
113.72179794297
92.7158695053534
72.1423986460215
0.18436840625
0.283865869565217
126.714956075365
0.277617555555555
0.357414333333333
0.293231347826087
0.350777790322581
0.31652972
0.394617962962963
0.275402380952381
0.323665111111111
0.34908935
214.321274817072
208.74632402955
189.594919687527
0.56802598
146.786118305459
0.6791616
0.620729181818182
0.6745075
0.676718636363636
196.359600811081
0.6736804
193.538194224053
0.587915285714286
189.447914883377
0.533789740740741
0.45576776
169.701420131313
0.330761727272727
0.32846488
0.37364568
0.327079783333333
0.355077789473684
150.040856302157
0.336731475
0.314024782608696
184.932192439399
142.159505551208
0.289750590909091
118.758206735471
137.359721968104
0.186842548387097
0.302266933333333
127.54184093979
106.712704216749
66.5925980818432
0.156393605263158
154.375146922131
0.203216
0.14325152173913
0.216714444444444
74.3909775389588
0.175504695652174
0.22038584375
0.134939047619048
