0.168643376454396,-0.00570748987444875,0.0289463090024914,-0.00487465775269721,0.0361152220628508,0.0106030819922234,0.0011807759023346,0.00985953340423141,-0.0081885060632661,0.00739131259532447,-0.00295728740171526,0.0144007274619008,-0.00366344227403323,0.00661747687795003,-0.00254137432679409,-0.0156746803885162,0.00101853178147726,0.0172978442276745,-0.0158679782130674,-0.00452300903736817,0.0320508534305842,-0.0024803364777594,0.00888046176411492,0.00896319065179324
-0.00570748987444875,0.0305922134717014,0.00218805654278483,0.019154318839484,0.000719297516774972,0.000235884564295528,-0.00047445183373819,0.001316987155706,0.0267980655649403,-0.00143353235950722,-0.00480271655318974,-0.00175502226655283,-0.0066663396160886,0.0141010595655601,-0.00676278232111487,0.00100165196225286,0.00892197782349545,0.0011968353910336,-0.00179666069617591,-0.0069165552754457,-0.00810547364847384,-0.0041934023558017,-0.0163511956153038,-0.00426323255235596
0.0289463090024914,0.00218805654278483,0.0709370250842288,4.9632191316494e-06,0.0184379831831888,0.0102637133196395,0.000668520754941787,-0.00339560725701305,0.0013612497968831,0.00336719876385938,0.0205434344674227,0.0202547139470175,-0.00453660433329689,0.000773973350494878,-0.00153389405283951,0.000621482266415507,0.00124584668337301,0.00400960824546678,-0.00152253798677491,-0.0151384546560816,0.0161840842290862,0.0027261207223634,-0.0019318938293068,0.00241850670452037
-0.00487465775269721,0.019154318839484,4.9632191316494e-06,0.0259578842416004,0.00201873847306022,-0.00468332340135318,-0.00509065168133859,0.003786694339282,0.0163063052559816,0.00201358271916158,0.000458146353751285,0.00118466376527084,0.00204878414760503,0.0173278145741412,-0.00231659676815864,-0.00552323800761827,0.0149541582580234,-0.00242636364666418,0.00242944538776892,-0.00218177464341,-0.00918951737759339,-0.00208022376551982,-0.0132240989829041,-0.0177755961166858
0.0361152220628508,0.000719297516774972,0.0184379831831888,0.00201873847306022,0.14456164282345,0.0133483010756826,0.00321012976049425,0.016162443611051,0.0145001469007511,0.014250233062381,-0.00531831635851312,-0.00151812430457018,0.0075233523999006,-0.0163522920051201,-0.00954161459960731,-0.0229788278117474,0.00786447201422302,0.00717781613684182,-0.00377136086690468,-0.00254821099753411,-0.0127136377488041,-0.00626962539858564,-0.0132299943874759,0.0166390495609208
0.0106030819922234,0.000235884564295528,0.0102637133196395,-0.00468332340135318,0.0133483010756826,0.0961046359142431,0.0147352707274744,0.0285471697606742,-0.000832177420517857,0.0213330166169421,-0.0113881352814313,0.00728180981947277,0.0224868337940391,0.00238259166522362,-0.00191786499713767,0.00567362569116269,-0.00480358218076759,-0.000973333388319301,-0.0018768989831511,-0.00457741768521374,0.00662357901818143,-0.0152617463934183,0.00806450025342282,0.00469749669724622
0.0011807759023346,-0.00047445183373819,0.000668520754941787,-0.00509065168133859,0.00321012976049425,0.0147352707274744,0.072955787307903,-0.0110440924708457,0.00133933253304373,0.00175857306134094,0.00203544819145785,0.0151928517033253,0.00440865464302552,-0.0021406580228477,0.00131472946756094,-0.00447579187598206,0.00798215097457852,-0.012160726556199,-0.00363891299737851,-0.0276101461121534,0.0112676411568558,-0.00120385006565956,0.00880948565881565,-0.00279540781569054
0.00985953340423141,0.001316987155706,-0.00339560725701305,0.003786694339282,0.016162443611051,0.0285471697606742,-0.0110440924708457,0.147080162895352,0.0134278833594585,0.0160995508561283,-0.0054499135298877,0.006287688155548,0.00536701945848361,0.0124141930671614,-0.0249517085089845,0.0122222837507635,0.00251710421302573,-0.00259360161116953,0.00457869740812904,0.0235629079010506,-0.064288944443912,0.00486575470355462,-0.0118083025493169,0.00432046996214188
-0.0081885060632661,0.0267980655649403,0.0013612497968831,0.0163063052559816,0.0145001469007511,-0.000832177420517857,0.00133933253304373,0.0134278833594585,0.124090021579908,-0.000837355880438175,-0.0281558286450366,-0.0118562591164897,0.00802478760226221,0.0373803686124304,-0.0115656156065781,0.0342050339688543,0.0175004193537402,0.000727474912883504,0.00267201634840034,-0.0182335099548655,-0.0526615177436376,-0.00241529808472371,-0.0320121425151934,0.0020332353620909
0.00739131259532447,-0.00143353235950722,0.00336719876385938,0.00201358271916158,0.014250233062381,0.0213330166169421,0.00175857306134094,0.0160995508561283,-0.000837355880438175,0.0328291681083701,-0.00938277786405252,0.0102235711970187,0.00437824184123342,0.00708515820940156,0.00125511860097165,-0.0102962225917684,0.00220895833788637,-0.00502089146215959,-0.00138620538327496,-0.0172342434264337,0.00610561972321745,0.000853907040506958,4.73919466892833e-05,-0.0134422155471265
-0.00295728740171526,-0.00480271655318974,0.0205434344674227,0.000458146353751285,-0.00531831635851312,-0.0113881352814313,0.00203544819145785,-0.0054499135298877,-0.0281558286450366,-0.00938277786405252,0.145044725941511,-0.00718716704313761,-0.0136463724497776,-0.0188261783979546,0.00689288682694546,-0.0162779680827814,0.000188634526057049,-0.00541060162295207,0.00365680974435117,0.0380960967301651,0.00448166970134745,0.00493223067893408,-0.0138604107414796,0.0160676445991839
0.0144007274619008,-0.00175502226655283,0.0202547139470175,0.00118466376527084,-0.00151812430457018,0.00728180981947277,0.0151928517033253,0.006287688155548,-0.0118562591164897,0.0102235711970187,-0.00718716704313761,0.0435651097216529,0.00816429375238794,0.0105464816885269,-0.000491973273849704,-0.00884919225605499,0.00102466505112097,-0.010887282401562,-0.00168986744730179,-0.00798162591411165,0.00376735701622373,-0.000512769052043784,-0.000208319428959442,-0.00383053334253839
-0.00366344227403323,-0.0066663396160886,-0.00453660433329689,0.00204878414760503,0.0075233523999006,0.0224868337940391,0.00440865464302552,0.00536701945848361,0.00802478760226221,0.00437824184123342,-0.0136463724497776,0.00816429375238794,0.13101760126772,-0.00373799919341734,0.00611063251011827,0.0281161966675722,0.0282352437099265,0.00644100594413834,-0.00270970613784857,-0.00638255117086744,-0.0140296649834085,-0.00458709580943716,0.00553904542019742,-0.0241474346250617
0.00661747687795003,0.0141010595655601,0.000773973350494878,0.0173278145741412,-0.0163522920051201,0.00238259166522362,-0.0021406580228477,0.0124141930671614,0.0373803686124304,0.00708515820940156,-0.0188261783979546,0.0105464816885269,-0.00373799919341734,0.230366938492489,-0.00925278057571203,-0.0206542891882785,0.00532611182657378,0.0221884843701988,-0.0176895221534391,-0.00284131384754059,-0.016000823067946,-0.00425101297039936,-0.053816883692092,-0.0289668672565674
-0.00254137432679409,-0.00676278232111487,-0.00153389405283951,-0.00231659676815864,-0.00954161459960731,-0.00191786499713767,0.00131472946756094,-0.0249517085089845,-0.0115656156065781,0.00125511860097165,0.00689288682694546,-0.000491973273849704,0.00611063251011826,-0.00925278057571203,0.0408585471570204,0.00342599680786659,0.00482684498253518,-0.00185378707208538,0.00299789239008889,0.0132566482341536,-0.0193404353306333,-0.000537845892848087,0.00805221212653172,-0.00454395154396141
-0.0156746803885162,0.00100165196225286,0.000621482266415506,-0.00552323800761827,-0.0229788278117474,0.00567362569116269,-0.00447579187598206,0.0122222837507635,0.0342050339688543,-0.0102962225917684,-0.0162779680827814,-0.00884919225605499,0.0281161966675722,-0.0206542891882785,0.00342599680786659,0.185802139639793,-0.0154665959917583,-0.00671988165308341,0.0125223602844646,-0.0112411842088044,-0.0046569962967868,0.0226241093244221,-0.0387402748749865,-0.0180399171192419
0.00101853178147726,0.00892197782349545,0.00124584668337301,0.0149541582580234,0.00786447201422302,-0.00480358218076759,0.00798215097457852,0.00251710421302573,0.0175004193537402,0.00220895833788637,0.000188634526057049,0.00102466505112097,0.0282352437099265,0.00532611182657378,0.00482684498253518,-0.0154665959917583,0.0735257272321543,0.00719110415670113,-0.00594964048793925,-0.00162706351590332,-0.0303387821221672,0.00326157120400102,-0.00554919787113884,-0.00935862023365598
0.0172978442276745,0.0011968353910336,0.00400960824546678,-0.00242636364666418,0.00717781613684182,-0.000973333388319301,-0.012160726556199,-0.00259360161116953,0.000727474912883504,-0.00502089146215958,-0.00541060162295207,-0.010887282401562,0.00644100594413834,0.0221884843701988,-0.00185378707208538,-0.00671988165308342,0.00719110415670113,0.0800954756816787,-0.0644726731846222,-0.00997613664096523,0.00128420976522941,-0.00321692614279364,-0.00311553062157963,0.0014807491867975
-0.0158679782130674,-0.00179666069617591,-0.00152253798677491,0.00242944538776892,-0.00377136086690468,-0.0018768989831511,-0.00363891299737851,0.00457869740812904,0.00267201634840034,-0.00138620538327496,0.00365680974435117,-0.00168986744730179,-0.00270970613784857,-0.0176895221534391,0.00299789239008889,0.0125223602844646,-0.00594964048793925,-0.0644726731846222,0.0628605817408665,0.0112593677519423,-0.00446355403549036,0.00317379336363822,0.000643887433402968,0.000461612846053398
-0.00452300903736817,-0.0069165552754457,-0.0151384546560816,-0.00218177464341,-0.00254821099753411,-0.00457741768521374,-0.0276101461121534,0.0235629079010506,-0.0182335099548655,-0.0172342434264337,0.0380960967301651,-0.00798162591411165,-0.00638255117086744,-0.00284131384754059,0.0132566482341536,-0.0112411842088044,-0.00162706351590332,-0.00997613664096523,0.0112593677519423,0.136233609543201,-0.118064321732388,-0.00200543644145114,0.00689141001966739,0.00569814196537079
0.0320508534305842,-0.00810547364847384,0.0161840842290862,-0.00918951737759339,-0.0127136377488041,0.00662357901818143,0.0112676411568558,-0.064288944443912,-0.0526615177436376,0.00610561972321745,0.00448166970134745,0.00376735701622373,-0.0140296649834085,-0.016000823067946,-0.0193404353306333,-0.0046569962967868,-0.0303387821221672,0.00128420976522941,-0.00446355403549036,-0.118064321732388,0.227783000642711,-0.00686411186156283,0.0321645110405883,0.0119761902984298
-0.0024803364777594,-0.0041934023558017,0.0027261207223634,-0.00208022376551982,-0.00626962539858564,-0.0152617463934183,-0.00120385006565956,0.00486575470355462,-0.00241529808472371,0.000853907040506958,0.00493223067893408,-0.000512769052043784,-0.00458709580943716,-0.00425101297039936,-0.000537845892848087,0.0226241093244221,0.00326157120400102,-0.00321692614279364,0.00317379336363822,-0.00200543644145114,-0.00686411186156283,0.0267876278945118,-0.00699578430486749,-0.0190155609543245
0.00888046176411492,-0.0163511956153038,-0.0019318938293068,-0.0132240989829041,-0.0132299943874759,0.00806450025342282,0.00880948565881565,-0.0118083025493169,-0.0320121425151934,4.73919466892834e-05,-0.0138604107414796,-0.000208319428959442,0.00553904542019742,-0.053816883692092,0.00805221212653172,-0.0387402748749865,-0.00554919787113884,-0.00311553062157963,0.000643887433402968,0.00689141001966739,0.0321645110405883,-0.00699578430486749,0.156078276248711,-0.113781592605929
0.00896319065179324,-0.00426323255235596,0.00241850670452037,-0.0177755961166858,0.0166390495609208,0.00469749669724622,-0.00279540781569054,0.00432046996214188,0.0020332353620909,-0.0134422155471265,0.0160676445991839,-0.00383053334253839,-0.0241474346250617,-0.0289668672565674,-0.00454395154396141,-0.0180399171192419,-0.00935862023365598,0.0014807491867975,0.000461612846053398,0.00569814196537079,0.0119761902984298,-0.0190155609543245,-0.113781592605929,0.238137132969878
