149.605892600178
0.162188153846154
0.233616375
0.111831363636364
65.6246334292556
0.284304263157895
0.362336142857143
0.29076035
0.309575166666667
0.265623
0.24487775
146.656934463148
0.286431921052632
0.306005066666667
0.382791529411765
0.363070076923077
0.447251052631579
0.377784352941176
207.337558780337
223.274414549157
0.677856666666667
155.409069791589
0.656709473684211
208.951035484806
0.729351764705882
0.664809333333333
0.628031666666667
0.637436666666667
192.973782997995
0.525301176470588
0.443136666666667
0.285305473684211
122.38748209498
0.491178807692308
0.45491375
0.32994
0.371592117647059
0.3579415
0.190931090909091
116.982060476111
121.555508576182
0.3105366
133.766859447537
0.3390995
0.270813666666667
0.209834705882353
0.271905708333333
116.476047738081
187.217521335576
103.728124221222
0.114312
74.5884805051315
108.603947989646
0.419752666666667
0.198746176470588
101.733120337902
91.6192768120896
0.131121
0.15374580952381
187.714378021822
