0.641111473348392,NaN,0.479089663431091,NaN,NaN,NaN,NaN,NaN,NaN,0.174198849630238,NaN,NaN,NaN,NaN,NaN,NaN,NaN,NaN,NaN,NaN,0.463657563522413,NaN
NaN,NaN,NaN,0.0565438373570521,NaN,NaN,NaN,NaN,NaN,NaN,NaN,NaN,0.0150088061873038,NaN,NaN,NaN,NaN,0.585746954256073,NaN,NaN,NaN,0.388689139817906
0,0.020606877124223,NaN,NaN,0.209486166007905,0.0895953757225434,NaN,NaN,NaN,0.0920295809367297,NaN,0.104748982360923,0.0898231104985068,0.120233662857877,NaN,0.515199544826465,NaN,0.804259659131654,NaN,NaN,NaN,NaN
NaN,0.0494258856670443,NaN,0.224269377382465,NaN,0.158959537572254,NaN,NaN,0.205860872740551,0.182415776499589,NaN,NaN,NaN,NaN,NaN,NaN,0.70468826196215,NaN,NaN,NaN,NaN,NaN
0.166913117388166,NaN,NaN,NaN,0.0909090909090909,0.0520231213872832,0.067524115755627,NaN,NaN,0.0493015612161052,0.0820493066255778,NaN,0.0458687495214029,NaN,NaN,0.691050963179712,NaN,NaN,NaN,NaN,NaN,NaN
0.697145052744335,NaN,NaN,NaN,NaN,0.173410404624277,0.180064308681672,NaN,0.52683951068103,NaN,NaN,NaN,NaN,0.685774810630376,NaN,NaN,NaN,0.365182505597476,NaN,0.63626949770271,NaN,NaN
NaN,NaN,0.98925121190139,NaN,NaN,NaN,NaN,NaN,NaN,NaN,0.140793528505393,0.0895522388059702,NaN,0.140775452561304,NaN,0.513777127529871,NaN,NaN,NaN,0.346991011190426,0.203962154361377,NaN
NaN,0.21200281698766,0.0719195827144288,NaN,NaN,0.119460500963391,NaN,NaN,0.256801168522914,NaN,NaN,NaN,0.234397733363964,NaN,0.0898239806474202,NaN,NaN,NaN,NaN,NaN,NaN,0.362396132784346
0.230934028828913,NaN,NaN,NaN,NaN,NaN,NaN,NaN,0.122603615117765,NaN,NaN,NaN,NaN,0.167223006804468,0.0132412388197473,NaN,0.474113411467144,NaN,NaN,NaN,NaN,NaN
NaN,NaN,NaN,NaN,NaN,NaN,NaN,NaN,NaN,0.0862777321281841,NaN,NaN,NaN,NaN,0.137918961072031,NaN,NaN,NaN,0.405161280524351,NaN,NaN,0.215459749641694
NaN,NaN,NaN,NaN,0.0513833992094862,NaN,0.0444801714898178,NaN,NaN,0.0410846343467543,0.0614406779661017,NaN,NaN,NaN,0.00528376356749531,0.747012923677152,NaN,NaN,0.238223864856563,0.438569714487674,0.422972345351239,NaN
NaN,NaN,0.151289048556657,NaN,0.209486166007905,NaN,NaN,NaN,0.103980281175826,NaN,NaN,NaN,0.0764223906884141,NaN,0.0319890505140529,NaN,NaN,0.794024844027633,NaN,0.723730862479993,NaN,NaN
0.502730363505111,0.281412984680078,NaN,NaN,0.288537549407115,0.267822736030829,NaN,0.267940279338578,NaN,0.1405094494659,0.156587057010786,NaN,NaN,0.156631146488638,0.338988445745934,NaN,NaN,NaN,0.212944676984238,NaN,NaN,NaN
0.609511445404373,NaN,0.0853282208942163,0.189961880559085,NaN,NaN,0.159163987138264,0.184138706052336,NaN,0.156121610517666,0.25346687211094,0.168928086838535,NaN,NaN,NaN,NaN,0.562283442336455,NaN,NaN,NaN,NaN,0.292296635654933
0.583837878117505,NaN,0.578638294932467,0.492693773824651,NaN,NaN,NaN,NaN,0.562716815775059,NaN,0.581471494607088,NaN,0.467493682517804,NaN,NaN,NaN,NaN,NaN,NaN,NaN,0.823704060914609,0.774824575211048
NaN,0.0113700154117803,0.127079807016938,0.169631512071156,0.24901185770751,0.173410404624277,0.14951768488746,NaN,NaN,NaN,NaN,NaN,NaN,0.257606881499551,NaN,0.455905063805576,NaN,NaN,0.512199615509298,NaN,0.360025143825171,0.447558965097302
0.51135807931444,NaN,NaN,NaN,0.0513833992094862,NaN,NaN,NaN,NaN,NaN,NaN,0.0800542740841248,NaN,NaN,NaN,NaN,NaN,0.83401990390668,0.354110765359966,NaN,NaN,0.266511055696853
0.705487506694921,NaN,NaN,NaN,NaN,NaN,NaN,NaN,NaN,0.146261298274445,NaN,NaN,0.0888276284554713,NaN,NaN,NaN,0.408566875339784,NaN,NaN,NaN,NaN,NaN
NaN,NaN,NaN,NaN,0.24901185770751,0.128131021194605,NaN,NaN,0.154372831842249,NaN,0.180855161787365,NaN,NaN,0.180960328668635,NaN,NaN,0.661436227924243,NaN,0.630674135180682,NaN,NaN,NaN
0.371376010059847,0.121097808669382,NaN,0.0679796696315121,NaN,0.0592485549132948,0.0718113612004287,0.0593995825975277,NaN,NaN,NaN,0.437449118046133,NaN,0.555912183849018,0.036477066556323,0.509144111192392,0.445390719607262,0.492051982821128,NaN,NaN,NaN,NaN
NaN,0.0502832297375915,0.147644708510369,NaN,NaN,NaN,NaN,NaN,0.246850465583349,NaN,NaN,NaN,NaN,NaN,NaN,NaN,1,NaN,0.440276928767972,NaN,0.438371826103668,NaN
NaN,0.230784776018862,NaN,0.0139771283354511,NaN,NaN,NaN,NaN,NaN,NaN,0.0356317411402157,NaN,0.0177655256910943,NaN,NaN,0.907664797203934,0.48853308942767,NaN,0.162187782105543,NaN,NaN,NaN
NaN,0.235381773273319,NaN,0.0638500635324015,NaN,NaN,NaN,0.0428640231176754,NaN,NaN,NaN,0.0431478968792402,NaN,NaN,NaN,NaN,NaN,0.334505948064986,NaN,NaN,NaN,NaN
0.388567403302052,0.12572542535493,NaN,NaN,NaN,NaN,NaN,0,NaN,0.00986031224322103,0.012904468412943,0.00841248303934871,NaN,NaN,NaN,0.865845728684061,NaN,0.41293036819837,0.177868624087024,NaN,NaN,NaN
NaN,NaN,0.0207779197899754,NaN,0.209486166007905,0.161849710982659,0.157020364415863,NaN,0.0811575680116852,0.123253903040263,NaN,NaN,NaN,NaN,NaN,NaN,NaN,0.35212704078787,0.595149335024181,NaN,NaN,NaN
NaN,0.306349449360564,NaN,NaN,0.00790513833992095,NaN,NaN,NaN,NaN,NaN,NaN,0.0525101763907734,NaN,0.0605982796251124,0.00748002673711685,NaN,0.0473189432102682,NaN,NaN,0.113840245464512,NaN,NaN
NaN,NaN,NaN,NaN,NaN,0.0486512524084778,NaN,NaN,0.0703852473982107,0.057518488085456,NaN,NaN,NaN,0.0808191038644242,NaN,0.719418028123222,NaN,NaN,NaN,NaN,NaN,NaN
0.660416133013529,NaN,NaN,NaN,NaN,NaN,0.162915326902465,NaN,0.147891181303633,0.139687756778965,NaN,0.137313432835821,NaN,0.192515085376813,NaN,NaN,NaN,NaN,NaN,0.345811412839163,0.397291566942543,0.141456170727464
NaN,NaN,0.238033553260331,NaN,NaN,NaN,NaN,NaN,NaN,0.0920295809367297,0.159668721109399,0.0853459972862958,NaN,NaN,NaN,0.706291148500366,NaN,NaN,NaN,NaN,NaN,0.389797194860281
0.197092657709056,NaN,NaN,0.113087674714104,0.130434782608696,0.0486512524084778,NaN,NaN,NaN,0.047658175842235,NaN,0.0279511533242877,0.054674936825178,NaN,NaN,NaN,NaN,NaN,NaN,NaN,NaN,NaN
NaN,0.0519836288108434,0.230739115916497,0.103557814485388,NaN,NaN,NaN,NaN,NaN,NaN,NaN,0.274355495251018,0.198866681981775,NaN,0.0784288760861954,0.376574819149801,0.925978986469302,0.52749735066094,NaN,NaN,NaN,NaN
NaN,NaN,NaN,0.0212833545108005,NaN,0.0284200385356455,NaN,NaN,NaN,NaN,NaN,NaN,0.032927482961942,NaN,NaN,NaN,NaN,NaN,NaN,NaN,NaN,0.109349499200543
NaN,NaN,NaN,0.0517789072426938,NaN,NaN,NaN,NaN,0.00812488588643418,NaN,NaN,0.00691994572591588,NaN,NaN,NaN,NaN,NaN,NaN,0.274247494057534,NaN,NaN,NaN
NaN,0.0603937658838299,0.255270763526662,NaN,NaN,NaN,0.07502679528403,NaN,NaN,NaN,NaN,0.168521031207598,NaN,0.204069842084992,NaN,NaN,NaN,NaN,NaN,NaN,0.454812738114516,NaN
NaN,NaN,NaN,NaN,0.0513833992094862,NaN,0.0637727759914255,NaN,NaN,0.0780608052588332,NaN,NaN,NaN,NaN,0.0619091574625203,0.416402503454442,NaN,NaN,0.373590410187901,NaN,NaN,NaN
NaN,NaN,NaN,NaN,0.0513833992094862,NaN,0.045016077170418,NaN,0.0697462114296148,0.0624486442070665,NaN,NaN,0.0721341603491845,NaN,NaN,NaN,NaN,NaN,NaN,0.615721074515048,NaN,0.132500600627967
0.512004284749552,NaN,NaN,NaN,NaN,NaN,NaN,0.105634933376144,0.507303268212525,0.406737880032868,0.619414483821264,NaN,NaN,0.619334959558352,0.151478498901868,0.222750548646672,NaN,0.663549875301785,NaN,NaN,NaN,NaN
NaN,NaN,NaN,NaN,NaN,NaN,NaN,NaN,0.0501186781084535,0.0427280197206245,NaN,0.0492537313432836,0.0317022742935906,NaN,0.0106948467390266,NaN,NaN,NaN,0.361276799857095,0.431462859535499,NaN,NaN
NaN,0.0986027332945488,0.0584706437758357,0.439326556543837,0.446640316205534,NaN,NaN,0.403275004013485,0.476173087456637,NaN,NaN,NaN,NaN,NaN,NaN,0.268999431033081,NaN,NaN,NaN,NaN,NaN,NaN
NaN,NaN,0.0548147892270315,NaN,0.24901185770751,NaN,NaN,0.145288168245304,NaN,0.280197206244864,NaN,NaN,0.172448120070449,NaN,0.0683069675653309,NaN,NaN,0.960148362987339,NaN,NaN,NaN,NaN
NaN,NaN,0.0107487880986102,NaN,NaN,NaN,NaN,NaN,0.408435274785467,NaN,NaN,NaN,NaN,NaN,NaN,0.539583841339511,NaN,0.609670685162904,NaN,NaN,NaN,NaN
NaN,NaN,NaN,NaN,NaN,NaN,0.0326902465166131,0.0414191684058436,NaN,NaN,NaN,NaN,0.0690711386783061,NaN,NaN,0.635495407624157,NaN,NaN,NaN,0.373680549458713,NaN,NaN
NaN,NaN,NaN,NaN,NaN,0.102601156069364,NaN,NaN,NaN,NaN,NaN,NaN,NaN,0.186673513929901,NaN,NaN,NaN,0.86945331984096,NaN,NaN,NaN,NaN
NaN,0.71057901344193,0.0780452980528976,NaN,NaN,0.0847784200385356,0.0905680600214362,NaN,0.0703852473982107,0.0739523418241577,0.0581664098613251,NaN,0.0714449804732368,0.0581589420978303,0.0552885380526467,NaN,NaN,0.40533294024844,NaN,0.823557749668519,0.690699809775307,0.4934283015898
NaN,NaN,NaN,NaN,NaN,NaN,NaN,NaN,0.0797882052218368,NaN,0.117295839753467,NaN,NaN,NaN,NaN,0.669795984719174,NaN,0.3177015688868,NaN,NaN,NaN,0.260053269487271
0.137862981161074,NaN,0.239202275265697,NaN,0.1699604743083,NaN,NaN,NaN,NaN,NaN,0.176810477657935,0.109226594301221,0.0947239451719121,NaN,NaN,0.639559457042998,NaN,NaN,0.465716306032613,0.676157480882178,NaN,0.374713148367535
0.221287520666931,NaN,0.272300712747706,NaN,NaN,NaN,NaN,NaN,NaN,NaN,NaN,NaN,NaN,NaN,NaN,NaN,NaN,NaN,0.230671459330788,NaN,NaN,0.127279279577821
0.677240761008779,NaN,NaN,NaN,NaN,NaN,NaN,0.209022314978327,NaN,NaN,NaN,NaN,NaN,0.158364359994865,NaN,NaN,0.565370373394994,0.588842497788897,0.558429623249375,NaN,NaN,0.463115229439883
NaN,NaN,NaN,NaN,0.130434782608696,0.0568400770712909,0.0953912111468382,NaN,NaN,NaN,NaN,NaN,NaN,0.0788291179869046,NaN,NaN,0.80952025404766,NaN,NaN,0.417141094820348,0.268672804630877,NaN
0.201610274084251,NaN,NaN,NaN,NaN,NaN,NaN,NaN,NaN,NaN,NaN,NaN,NaN,NaN,0.0126364707005761,NaN,NaN,NaN,0.268107141752967,NaN,NaN,0.174664683903999
NaN,NaN,NaN,0.139135959339263,NaN,0.136319845857418,NaN,NaN,NaN,0.107641741988496,0.176425269645609,NaN,NaN,NaN,NaN,NaN,NaN,NaN,0.532041404076296,0.316677134476463,0.447098762026952,0.455911836098983
NaN,NaN,NaN,NaN,0.407114624505929,0.365125240847784,0.301714898177921,0.365066623856157,0.340971334672266,NaN,NaN,NaN,0.244199402710774,0.401912954166132,NaN,NaN,NaN,NaN,0.507293227767439,NaN,NaN,NaN
NaN,NaN,NaN,0.522554002541296,NaN,NaN,NaN,NaN,0.36132919481468,NaN,NaN,NaN,NaN,0.41507253819489,NaN,0.432171015199545,0.87259351207823,NaN,0.81731050688733,NaN,NaN,NaN
NaN,NaN,0.363541630683846,NaN,0.0118577075098814,NaN,0.00428724544480171,NaN,NaN,NaN,NaN,NaN,NaN,NaN,NaN,NaN,NaN,NaN,NaN,NaN,NaN,0.100768803797626
NaN,NaN,NaN,NaN,0.0909090909090909,NaN,NaN,0.12200995344357,NaN,0.0525883319638455,NaN,0.060651289009498,0.0445669653112796,NaN,NaN,NaN,NaN,NaN,NaN,NaN,NaN,0.276015475490237
NaN,NaN,NaN,NaN,NaN,0.0876685934489403,NaN,NaN,0.0923863428884426,NaN,NaN,NaN,NaN,NaN,0.0327847980392781,NaN,0.37811288881215,0.584185238599874,NaN,NaN,NaN,NaN
0.105855436275994,0.0217030527572798,0.15906709500616,NaN,NaN,NaN,NaN,NaN,NaN,NaN,NaN,NaN,0.224519488475381,0.429195018615997,NaN,NaN,NaN,NaN,NaN,NaN,NaN,0.411204404052789
NaN,0.178109148065362,0.445300355798128,NaN,0.1699604743083,0.146435452793834,NaN,0.146411944132284,NaN,NaN,0.243836671802773,NaN,0.274982770503101,0.243933752728206,NaN,NaN,NaN,NaN,0.61662393442866,0.75166077993062,0.637666001740316,NaN
NaN,NaN,NaN,0.167090216010165,NaN,NaN,NaN,0.161342109487879,0.126802994339967,NaN,NaN,NaN,NaN,0.1606753113365,NaN,NaN,NaN,NaN,0.365360725357818,NaN,NaN,NaN
NaN,NaN,NaN,NaN,0.0118577075098814,NaN,NaN,NaN,NaN,NaN,NaN,0.0257801899592944,NaN,0.0252920785723456,NaN,NaN,NaN,NaN,NaN,NaN,NaN,NaN
NaN,0.144584953611562,NaN,NaN,0.0513833992094862,0.0616570327552986,0.0557341907824223,NaN,NaN,NaN,NaN,NaN,NaN,0.309474900500706,NaN,NaN,NaN,NaN,NaN,NaN,NaN,0.240816605499267
0.238705959062012,0.0770017453075722,0.305871244832867,NaN,NaN,NaN,0.0487674169346195,NaN,NaN,NaN,0.181240369799692,NaN,NaN,NaN,NaN,0.690400715272698,NaN,0.842338430157048,NaN,NaN,NaN,NaN
0.369117201872249,NaN,NaN,NaN,0.0513833992094862,NaN,NaN,0.0324289613100016,0.0470147891181304,NaN,NaN,NaN,0.0391301018454706,NaN,NaN,NaN,0.326752702522977,NaN,NaN,NaN,NaN,0.182599186459774
0.406853270614535,NaN,0.0372609301415132,NaN,NaN,NaN,NaN,0.0703162626424787,0.0460105897389082,NaN,NaN,0.0240162822252374,NaN,NaN,NaN,0.728074453385353,NaN,0.316888839310614,NaN,NaN,NaN,NaN
NaN,NaN,NaN,NaN,0.0909090909090909,NaN,NaN,0.087493979772034,0.0880956728135841,NaN,NaN,NaN,NaN,NaN,NaN,NaN,NaN,NaN,0.306148687215386,NaN,NaN,0.245346168822024
0.139172857043057,NaN,NaN,NaN,NaN,NaN,0.106109324758842,NaN,NaN,NaN,0.503659476117103,NaN,NaN,NaN,0.0816118661870961,NaN,0.896854970238998,0.506450045018844,NaN,NaN,NaN,NaN
0.639120462007778,NaN,NaN,NaN,NaN,0.722543352601156,0.861200428724545,NaN,0.705678291035238,NaN,NaN,0.676526458616011,NaN,0.737386057260239,NaN,NaN,NaN,NaN,0.926644648761253,NaN,0.783293325052894,NaN
0.192184989404559,NaN,0.188688152728361,NaN,NaN,0.154142581888247,NaN,NaN,NaN,NaN,NaN,0.112483039348711,NaN,NaN,NaN,NaN,NaN,NaN,NaN,0.540566702459823,0.262579030441289,NaN
NaN,NaN,NaN,NaN,NaN,0.023121387283237,NaN,NaN,NaN,NaN,NaN,NaN,NaN,NaN,NaN,0.728602779809803,NaN,NaN,NaN,NaN,0.304993887541439,NaN
0.296270637822229,NaN,NaN,NaN,0.841897233201581,NaN,0.823151125401929,0.860330711189597,0.772777067737813,NaN,NaN,NaN,NaN,NaN,NaN,0.0832317320978623,NaN,NaN,0.84894899667381,NaN,NaN,0.828939083897371
NaN,NaN,NaN,NaN,NaN,NaN,NaN,NaN,NaN,NaN,0.150231124807396,NaN,0.0938050386706486,NaN,NaN,0.423311387466472,NaN,0.642470697911604,0.428625772086655,NaN,0.15244222525522,NaN
NaN,NaN,NaN,NaN,0.0909090909090909,0.0789980732177264,NaN,NaN,NaN,0.161051766639277,NaN,NaN,0.161191515429972,NaN,NaN,0.410428350808746,NaN,NaN,NaN,0.881265772062879,NaN,0.48192731158922
0.236400577509722,NaN,NaN,NaN,0.1699604743083,NaN,NaN,NaN,NaN,NaN,NaN,NaN,NaN,NaN,NaN,NaN,NaN,0.43763097296479,NaN,0.616045238947456,0.561844823628434,NaN
NaN,0.131585984465742,NaN,NaN,0.24901185770751,NaN,0.19882100750268,NaN,0.196914369180208,NaN,0.227850539291217,0.161329715061058,NaN,0.227885479522403,NaN,NaN,NaN,NaN,NaN,NaN,NaN,NaN
0.817938895745523,NaN,NaN,NaN,NaN,NaN,0.0337620578778135,NaN,NaN,NaN,NaN,NaN,NaN,0.0823597380921813,NaN,NaN,0,NaN,NaN,NaN,NaN,NaN
NaN,NaN,NaN,NaN,NaN,NaN,0.111468381564845,0.138545512923423,NaN,NaN,NaN,NaN,0.128876636802205,NaN,NaN,NaN,NaN,NaN,NaN,NaN,0.452121743803462,NaN
NaN,NaN,NaN,NaN,0.0118577075098814,0.0317919075144509,NaN,NaN,NaN,NaN,NaN,NaN,0.0394364040125584,NaN,NaN,NaN,NaN,0.736719440969538,0.166495538833904,NaN,0.417393281100136,NaN
NaN,0.235579778927708,NaN,NaN,NaN,NaN,NaN,0.0924707015572323,NaN,NaN,0.0683744221879815,NaN,NaN,0.068365643856721,NaN,0.554498902706657,0.950280110410868,NaN,NaN,0.451340442439427,NaN,NaN
