89.6960160344452
53.0753297449296
50.9271221748118
51.2912960028093
0.154429159574468
0.280230631578947
0.313683418604651
90.1202921014232
72.0763445782799
0.330316365853659
0.290115458333333
85.12386245883
0.371832
0.269633456521739
0.333685657142857
94.5731827865624
119.961250792479
0.342864193548387
0.480442195652174
0.503930634146341
148.983983253983
0.671441085714286
117.662138396538
111.559445833046
112.294787307623
133.963792817112
0.733823333333333
0.744564761904762
96.2698499603222
0.561674088235294
0.458070882352941
125.331680612769
99.4421409701932
111.549203982222
116.205998694077
0.381241777777778
151.888870498797
110.949317561946
93.7217670056316
0.362022685714286
96.1914618352066
0.325106095238095
100.045035659358
89.7252791977602
0.294976329545454
71.7216764259261
0.233088068181818
0.28592587804878
74.9586843401224
0.255988928571429
0.14022272972973
0.192360377777778
0.262338147058823
94.462673065141
64.4033704682906
0.177799921052632
102.778627981765
0.178002829787234
55.7947653342427
39.9045554000915
