0.057522,0.076725,0.013469,0.0014265,NaN,NaN,NaN,0.000441,0.051829,NaN,NaN,0.19974,NaN,NaN,NaN,0.26837,0.32556,NaN,NaN,NaN,0.39924,NaN,0.41931,0.49042,0.6124,0.62231,NaN,NaN,0.85126,NaN,NaN,0.66839,0.61231,0.63582,0.6907,NaN,0.49617,0.34314,0.17626,NaN,0.2154,NaN,0.19268,0.15602,NaN,0.10847,NaN,NaN,0.042907,NaN,NaN,NaN,NaN,0.34795,0.2449,NaN,0.24432,NaN,0.15703,0.04388
NaN,NaN,0.10808,0.064669,NaN,NaN,0.17614,0.18699,NaN,NaN,0.37459,NaN,NaN,NaN,0.26954,0.18777,0.15045,NaN,0.32337,0.51755,NaN,0.82803,0.87962,0.95082,0.96281,1,0.96565,NaN,0.78653,NaN,NaN,0.41024,NaN,NaN,0.34418,NaN,0.48349,0.42976,0.35779,0.31961,NaN,NaN,NaN,0.20227,NaN,NaN,0.14433,NaN,0.11762,NaN,NaN,NaN,0.13506,NaN,0.23356,NaN,NaN,0.23341,NaN,NaN
0.10841,0.10587,NaN,NaN,0.14659,NaN,0.27679,NaN,0.077447,0.1746,0.37998,0.66207,NaN,0.55863,0.64099,0.74547,0.89628,NaN,NaN,0.8964,0.75601,NaN,NaN,NaN,0.35564,0,NaN,0.06093,NaN,0.11729,NaN,NaN,0.36354,0.51277,NaN,0.34587,NaN,NaN,NaN,0.15174,0.044586,0.16349,NaN,NaN,0.090418,NaN,NaN,NaN,0.094397,0.093334,0.13645,0.089871,0.2,NaN,0.43537,0.17949,NaN,NaN,NaN,NaN
NaN,0.17874,NaN,NaN,NaN,0.17576,NaN,0.19978,0.070043,NaN,0.086205,0.21952,0.2522,0.26091,0.32922,NaN,0.62284,0.69829,NaN,0.86408,0.7969,NaN,0.73784,0.72318,0.6083,NaN,0.42546,0.39265,NaN,NaN,NaN,0.31341,NaN,NaN,NaN,NaN,0.47726,NaN,NaN,NaN,0.42895,NaN,NaN,NaN,0.1824,NaN,NaN,0.2357,NaN,0.27152,NaN,0.099857,NaN,0.48538,NaN,0.32051,NaN,0.093822,NaN,0.19861
0.21386,0.15302,0.065375,NaN,NaN,0.1513,NaN,NaN,NaN,0.431,0.26981,0.3495,NaN,0.19656,0.11315,NaN,0.055642,0.14338,0.13297,0.094606,NaN,NaN,0.36834,0.55916,NaN,0.72178,0.84694,NaN,0.86485,0.88196,NaN,NaN,0.70639,NaN,NaN,NaN,NaN,NaN,0.56441,0.65381,NaN,0.59939,NaN,0.74362,NaN,NaN,0.7021,0.83228,NaN,0.51394,NaN,NaN,0.16883,NaN,NaN,NaN,0.2017,NaN,0.14876,NaN
0.51401,0.38363,0.41426,0.34213,0.30865,NaN,NaN,0.35921,0.25988,0.288,NaN,0.54938,NaN,NaN,0.50115,NaN,0.23106,NaN,NaN,0.59182,0.89018,0.73847,0.49009,0.2635,0.15707,0.62628,NaN,0.49794,0.46236,NaN,0.42125,NaN,NaN,NaN,0.0092055,NaN,0.15635,0.12509,NaN,0.22778,NaN,NaN,NaN,0.18217,0.089423,0.10066,NaN,0.18209,0.28521,0.34667,NaN,0.20827,NaN,0.12866,0.054422,0.11282,0.23864,0.22426,0.25895,NaN
NaN,0.071582,0.10907,0.002853,0.030434,0.15292,NaN,0.14157,0.13135,0.019734,NaN,NaN,NaN,NaN,0.016752,0.09882,NaN,0.29704,0.28866,0.39351,NaN,0.75994,NaN,0.97121,NaN,0.7296,NaN,0.8875,0.72697,NaN,0.58278,NaN,NaN,NaN,NaN,NaN,0.13591,NaN,0.034261,NaN,NaN,NaN,0.20652,NaN,NaN,0.09435,NaN,0.15364,NaN,NaN,0.11753,0.11698,NaN,0.49415,NaN,NaN,NaN,NaN,NaN,0.078522
NaN,NaN,0.22799,NaN,NaN,NaN,NaN,NaN,0.35347,NaN,0.44279,0.59437,0.50353,0.37816,0.29431,0.30633,NaN,NaN,NaN,NaN,NaN,NaN,NaN,NaN,0.58852,NaN,NaN,0.91632,0.79758,0.64983,NaN,0.77825,NaN,NaN,0.012887,NaN,NaN,0.45513,NaN,0.45065,NaN,0.86972,0.79697,NaN,0.81732,0.49273,0.45744,0.68853,NaN,0.43151,NaN,0.23966,NaN,0.24269,0.26077,0.18205,NaN,0.04119,0.1157,0.025404
NaN,0.45607,0.0795,0.18521,0.17271,NaN,NaN,NaN,NaN,0.83698,0.71105,0.29528,NaN,0.24915,NaN,0.65846,0.13729,NaN,0.40364,NaN,NaN,NaN,NaN,NaN,0.18914,0.21214,NaN,0.6021,NaN,0.67242,0.36436,0.43799,0.76804,0.89995,NaN,0.92056,NaN,0.92752,0.73192,0.50915,NaN,NaN,NaN,0.37001,NaN,NaN,0.28577,NaN,0.1686,0.25333,0.17131,0.24536,NaN,0.65497,NaN,0.071795,0.23011,0.27231,0.22314,NaN
0.056047,0.088727,NaN,NaN,0.14963,NaN,NaN,0.18015,0.098919,0.10353,0.1829,0.09701,NaN,NaN,NaN,NaN,0.094809,NaN,0.12276,NaN,0.1895,0.4336,0.64332,0.68579,0.76055,NaN,NaN,NaN,0.7429,NaN,NaN,0.32847,NaN,NaN,0.85404,NaN,0.3384,0.28772,0.24573,0.27026,NaN,0.43199,0.56666,0.31693,NaN,NaN,NaN,0.22402,NaN,NaN,NaN,NaN,NaN,NaN,0.045351,0.23846,NaN,0.091533,NaN,NaN
0.26475,0.24861,0.20138,NaN,0.047679,0.35474,0.55168,NaN,NaN,NaN,NaN,NaN,NaN,NaN,0.79175,0.82536,NaN,NaN,0.98191,0.89105,NaN,NaN,0.90696,0.78855,NaN,NaN,NaN,NaN,NaN,NaN,0.28262,NaN,0.027933,NaN,0.17214,NaN,NaN,0.058542,NaN,NaN,0.14383,0.17424,0.37178,NaN,NaN,0.19131,NaN,NaN,0.19939,NaN,NaN,0.15692,NaN,NaN,0.058957,NaN,NaN,0.25172,0.26722,NaN
0.29056,NaN,0.18331,NaN,0.029419,NaN,0.27624,0.22381,NaN,0.30688,0.29548,NaN,NaN,NaN,0.68021,NaN,0.95047,0.98192,NaN,NaN,NaN,0.81771,0.67861,NaN,NaN,NaN,NaN,NaN,0.88606,0.84628,NaN,NaN,0.33193,0.48479,0.27462,0.08256,0.185,0.13767,0.003795,0.12734,0.1414,NaN,NaN,0.1251,NaN,NaN,0.33937,0.31806,0.33569,NaN,NaN,0.028531,NaN,NaN,0.2585,NaN,NaN,NaN,0.07989,NaN
NaN,0.067296,NaN,0.044936,NaN,NaN,NaN,NaN,NaN,0.28729,0.27237,NaN,0.40017,0.39064,NaN,NaN,0.64905,NaN,NaN,0.65625,0.76929,0.83325,0.89075,NaN,1,NaN,NaN,0.80496,NaN,NaN,NaN,NaN,NaN,0.062109,0.059937,NaN,0.24874,NaN,0.16962,0.25,NaN,0.22527,NaN,NaN,0.15908,0.10683,0.24339,NaN,0.30187,0.4,0.19621,0.2582,NaN,0.2193,0.0839,0.22564,NaN,NaN,0.2865,0.20092
0.7028,NaN,NaN,0.13077,0.13949,NaN,0.24648,NaN,NaN,0.70242,0.45357,0.21454,NaN,NaN,0.4206,0.52412,NaN,0.15678,0.14875,0.82031,NaN,NaN,0.042069,NaN,0.22326,NaN,0.25339,NaN,NaN,0.49004,0.19989,NaN,0.45196,NaN,NaN,NaN,0.76591,NaN,NaN,NaN,NaN,NaN,NaN,0.28743,NaN,NaN,0.24067,0.40401,0.53357,0.60485,0.20518,NaN,0.1974,0.85672,NaN,NaN,NaN,NaN,0.57576,0.080832
0.14307,0.079297,0.13009,NaN,NaN,0.39694,0.38014,NaN,0.44025,0.54354,0.45583,0.50308,NaN,0.31329,NaN,0.28903,NaN,0.10452,NaN,NaN,0.46142,0.35354,NaN,NaN,NaN,NaN,0.64534,0.76215,NaN,0.84841,NaN,0.74197,NaN,0.33884,0.121,0.10756,0.1183,0.14942,0.34092,NaN,NaN,0.61306,NaN,NaN,NaN,NaN,NaN,0.82689,0.7996,NaN,NaN,NaN,NaN,0.27485,NaN,0.069231,0.16761,0.19222,0.19008,NaN
NaN,NaN,0.20959,NaN,0.13797,NaN,NaN,0.13429,0.20509,0.3831,0.50872,0.69695,0.69051,NaN,NaN,NaN,NaN,NaN,NaN,NaN,0.8145,NaN,NaN,NaN,0.29816,NaN,NaN,NaN,NaN,NaN,NaN,NaN,0.25706,0.40127,0.35154,NaN,0.46556,0.41499,NaN,NaN,0.67655,0.53626,0.24092,NaN,0.083736,0.078991,NaN,0.080563,0.12367,0.2303,NaN,NaN,NaN,0.37135,NaN,NaN,0.1392,0.27002,NaN,NaN
0.47861,0.24389,0.27168,0.074655,0.099163,0.17979,NaN,NaN,0.33733,NaN,NaN,0.57049,0.49849,0.17645,NaN,0.39457,NaN,0.6667,NaN,0.4497,NaN,NaN,0.16096,NaN,NaN,0.19991,NaN,0.44988,0.6946,0.7309,NaN,NaN,NaN,NaN,NaN,0.81542,0.93604,1,NaN,NaN,NaN,NaN,NaN,0.46882,0.21211,0.16676,0.23651,0.35879,NaN,NaN,NaN,0.18973,0.48052,0.096491,0.068027,NaN,0.059659,0.36384,0.29752,NaN
NaN,0.091728,0.049934,NaN,0.1722,0.27385,0.33144,NaN,NaN,NaN,0.37672,0.32943,NaN,0.15809,0.13863,NaN,NaN,0.36488,0.26152,NaN,NaN,NaN,NaN,NaN,0.5667,0.7296,0.83255,0.85045,NaN,NaN,NaN,0.84341,NaN,NaN,NaN,0.7753,NaN,0.73235,NaN,0.60904,NaN,NaN,0.49075,0.63772,0.62169,0.32968,0.20427,NaN,0.47097,NaN,NaN,0.30385,0.38182,NaN,0.11791,0.048718,NaN,0.11213,NaN,NaN
0.079646,NaN,NaN,NaN,NaN,0.10481,0,NaN,NaN,NaN,0.12236,NaN,NaN,NaN,0.18146,NaN,NaN,0.13039,0.076163,0.038635,0.088743,NaN,0.43255,NaN,0.66967,NaN,NaN,NaN,NaN,NaN,0.63324,NaN,NaN,0.5345,NaN,NaN,NaN,0.0029115,0.051444,NaN,NaN,NaN,0.34243,NaN,NaN,0.079539,NaN,0.090147,NaN,0.089697,0.14841,0.1669,0.33507,NaN,0.072562,NaN,0.3125,0.12586,0.12672,0.15012
NaN,NaN,0.12188,0.13528,0.27669,NaN,0.54681,0.34179,NaN,NaN,NaN,NaN,0.30661,0.18501,NaN,0.26929,0.42213,NaN,0.64244,NaN,0.42443,0.46723,0.53862,0.51655,NaN,1,0.9542,NaN,NaN,0.36082,0,0.16266,NaN,NaN,0.1569,NaN,NaN,0.28138,NaN,NaN,0.40521,0.33663,NaN,NaN,NaN,NaN,NaN,0.042228,0.054518,NaN,NaN,0.12411,NaN,0.14327,NaN,NaN,NaN,NaN,NaN,0.15704
NaN,0.53279,0.54205,0.34189,NaN,0.71701,NaN,NaN,NaN,NaN,NaN,0.42849,0.4412,0.19501,NaN,0.24608,NaN,0.21268,NaN,NaN,NaN,NaN,NaN,0.9751,0.80318,0.61681,0.46581,NaN,NaN,0.49398,NaN,0.42856,0.38675,NaN,NaN,NaN,NaN,0.21836,NaN,0.28453,NaN,0.5381,NaN,NaN,NaN,NaN,0.58693,0.882,0.74407,NaN,NaN,0.62197,NaN,0.81871,0.30612,0.40256,NaN,0.43707,0.56749,NaN
0.17552,0.34376,NaN,NaN,NaN,NaN,NaN,NaN,NaN,0.29801,NaN,NaN,NaN,0.68506,NaN,NaN,NaN,NaN,NaN,0.38988,0.50253,NaN,0.091873,NaN,0.62479,NaN,0.66782,0.7957,0.80448,NaN,NaN,NaN,NaN,0.2708,NaN,0.4745,NaN,0.19923,NaN,0.40479,NaN,0.13419,NaN,0.16671,NaN,0.10971,0.10268,0.059299,0.057547,0.18303,NaN,0.24251,NaN,0.20175,NaN,NaN,NaN,NaN,0.22039,0.10855
0.2677,0.13373,0.13403,NaN,0.43622,0.41199,NaN,NaN,0.25233,NaN,0.40352,0.42233,0.5041,0.37249,NaN,NaN,0.97296,NaN,NaN,NaN,0.8359,NaN,NaN,NaN,0.58463,0.64677,0.62065,0.48559,NaN,0.44934,NaN,NaN,0.36669,0.39025,NaN,NaN,0.10507,NaN,NaN,NaN,NaN,NaN,0.22152,NaN,NaN,0.3017,NaN,0.32165,0.21353,0.19636,0.092629,NaN,NaN,0.19883,0.21769,0.15641,NaN,0.13501,NaN,NaN
NaN,NaN,0.2224,0.18378,NaN,0.026337,NaN,0.21191,0.28876,NaN,NaN,0.33983,0.37829,0.25255,0.32059,0.33595,0.52285,NaN,NaN,NaN,NaN,NaN,NaN,NaN,NaN,0.28208,0.59639,NaN,0.62348,NaN,0.58289,0.70276,NaN,NaN,0.23156,NaN,0.55008,NaN,NaN,NaN,NaN,NaN,NaN,0.091858,0.087433,0.10683,0.13781,NaN,NaN,0.082424,NaN,NaN,NaN,NaN,0.4127,0.24872,0.64205,0.40961,0.12397,0.073903
NaN,NaN,NaN,0.12149,0.0667,NaN,0.23377,NaN,0.073153,0.039468,0.23323,NaN,NaN,0.24059,NaN,0.49206,0.27624,0.34078,NaN,0.71179,NaN,0.43165,0.68073,NaN,NaN,0.88358,0.88749,NaN,NaN,NaN,0.55128,NaN,0.31314,0.1487,0.22952,0.55282,NaN,NaN,0.12766,NaN,0.34291,0.45043,NaN,NaN,0.20159,0.23135,NaN,NaN,0.07269,0.27394,NaN,0.21969,NaN,NaN,NaN,0.23077,NaN,NaN,NaN,0.039261
0.074484,0.074153,NaN,0.24679,NaN,0.22091,0.19697,0.22867,0.10099,NaN,NaN,0.54982,0.52181,NaN,NaN,0.64136,0.79525,0.91771,0.98233,0.96083,NaN,0.82875,NaN,NaN,0.60062,0.43309,NaN,NaN,0.43172,0.34303,0.27793,NaN,0.28562,0.22046,NaN,0.22853,0.31161,NaN,NaN,NaN,NaN,0.21062,NaN,NaN,0.081462,0.042101,0.042919,NaN,NaN,0.069091,NaN,NaN,0.24416,0.21637,0.59864,NaN,0.26705,0.11671,0.40496,0.19861
NaN,0.14016,NaN,NaN,0.31169,0.45499,NaN,NaN,NaN,NaN,0.27492,NaN,NaN,0.50366,0.53546,0.50326,0.63123,NaN,0.80686,NaN,0.98851,NaN,0.86754,NaN,NaN,NaN,NaN,0.65006,0.55509,0.36252,NaN,NaN,0.064895,0.023211,0.040503,0.18911,NaN,NaN,0.39332,NaN,0.17962,0.20098,NaN,0.19479,NaN,NaN,0.21242,NaN,NaN,NaN,NaN,0.20685,0.27792,0.67544,NaN,0.13077,NaN,NaN,0.24793,NaN
0.080383,0.18303,NaN,NaN,0.13442,NaN,NaN,NaN,0.14468,0.287,0.19155,NaN,NaN,0.18006,NaN,0.22675,0.34276,0.35678,NaN,NaN,NaN,0.44525,0.41178,0.35365,NaN,0.88325,NaN,NaN,NaN,NaN,NaN,0.36643,NaN,NaN,NaN,0.40615,NaN,0.38952,0.54059,0.53388,0.32102,NaN,0.30402,NaN,0.1642,0.099287,NaN,NaN,NaN,0.20242,0.077689,NaN,NaN,0.47953,NaN,NaN,NaN,0.44165,NaN,0.12933
NaN,0.049721,NaN,0.011888,0.038042,0.048911,NaN,NaN,0.14497,NaN,0.091876,0.086606,0.10595,NaN,NaN,0.15306,0.095224,0.10379,0.063223,NaN,NaN,NaN,NaN,NaN,NaN,NaN,0.81931,0.56937,NaN,NaN,0.24469,NaN,NaN,0.20816,0.21857,NaN,0.026023,0.024748,NaN,NaN,0.30388,NaN,0.29419,0.19067,NaN,0.16155,0.11011,0.09973,0.13932,NaN,0.022908,0.087018,NaN,NaN,NaN,NaN,NaN,0.075515,0.013774,NaN
NaN,NaN,NaN,NaN,NaN,0.17979,NaN,0.18765,NaN,NaN,0.068907,NaN,0.12351,NaN,NaN,0.11622,0.24257,0.26722,0.334,0.45933,0.6074,0.81208,NaN,NaN,0.80041,NaN,NaN,0.98538,0.94186,NaN,NaN,0.71961,0.64202,0.71457,NaN,NaN,NaN,0.46959,0.32342,NaN,NaN,0.11685,NaN,0.10886,0.036963,0.045666,NaN,NaN,0.050984,0.11515,NaN,NaN,NaN,NaN,NaN,NaN,NaN,NaN,0.063361,0.055428
0.05826,0.25932,0.36827,NaN,NaN,NaN,NaN,NaN,NaN,0.71014,NaN,0.087632,NaN,0.37991,NaN,0.37309,NaN,0.10265,NaN,NaN,0.97671,NaN,NaN,0.1675,0.066086,0.27778,NaN,NaN,0.44846,NaN,0.16207,NaN,NaN,0.89762,0.85895,NaN,NaN,NaN,NaN,0.47048,0.55622,NaN,NaN,NaN,0.37845,NaN,NaN,NaN,0.56991,0.24364,NaN,0.3224,0.44156,NaN,0.34467,NaN,0.5625,0.37757,NaN,0.3418
NaN,0.05015,0.033508,0.013076,0.10905,0.2408,NaN,0.23418,0.43077,0.48048,NaN,0.70457,NaN,NaN,NaN,0.28435,0.30432,0.29673,0.42436,0.6082,NaN,NaN,NaN,0.84756,0.91168,NaN,1,0.74722,0.4583,0.35272,0.36698,NaN,NaN,0.30556,0.054107,NaN,0.40684,NaN,NaN,NaN,NaN,0.22198,0.4473,0.59856,0.6207,0.35395,NaN,NaN,0.056537,NaN,0.040836,0.068474,0.25714,0.20175,NaN,0.12821,0.034091,0.006865,0.22039,0.08545
NaN,NaN,NaN,0.083927,NaN,NaN,NaN,0.29526,NaN,NaN,0.55863,NaN,0.7514,0.41559,0.33123,NaN,0.31883,0.25725,NaN,0.66107,NaN,0.65954,NaN,NaN,0.63975,NaN,0.98099,NaN,0.84121,NaN,NaN,NaN,NaN,0.32136,0.029969,NaN,NaN,NaN,0.56346,NaN,0.31164,0.52955,0.55632,0.62239,0.72277,NaN,0.2787,NaN,NaN,0.30424,0.35558,NaN,NaN,0.26901,0.28798,NaN,NaN,0.061785,0.082645,0.062356
NaN,0.079726,0.078515,0.0007135,0.07228,0.16098,0.33279,0.22602,NaN,0.21693,NaN,0.2859,NaN,0.24306,0.2918,NaN,0.036266,0.1066,0.26257,0.34878,0.32525,0.22329,0.38625,0.55691,NaN,NaN,0.63746,NaN,1,NaN,NaN,NaN,NaN,0.42989,0.1615,0.071674,0.020118,0.15837,0.23087,NaN,0.27898,NaN,NaN,NaN,0.047626,NaN,0.18435,NaN,0.105,NaN,NaN,NaN,NaN,NaN,NaN,0.028205,NaN,0.011441,0.11846,NaN
NaN,0.18474,NaN,0.094627,0,NaN,NaN,0.37177,NaN,NaN,NaN,NaN,NaN,NaN,NaN,0.21056,NaN,NaN,0.25468,0.38303,NaN,0.22094,NaN,0.89407,NaN,NaN,NaN,NaN,NaN,0.8255,NaN,NaN,0.79702,0.71659,NaN,NaN,NaN,0.18488,NaN,0.50817,NaN,NaN,0.36014,0.2328,NaN,NaN,0.058312,NaN,NaN,0.10667,0.12052,0.084166,NaN,0.28947,NaN,NaN,NaN,0.18764,NaN,0.11547
NaN,NaN,0.36038,NaN,NaN,0.45633,0.29085,NaN,0.19739,0.097526,NaN,0.53986,0.45933,NaN,0.18638,0.32017,NaN,NaN,0.14296,NaN,NaN,NaN,0.83438,0.66766,NaN,NaN,NaN,0.83275,0.37794,0.47278,NaN,NaN,NaN,0.50217,NaN,0.70857,0.57905,0.46657,NaN,0.47015,0.5663,NaN,0.67904,NaN,NaN,NaN,NaN,NaN,0.60575,0.76121,0.23307,0.42939,NaN,0.21053,0.62358,0.28974,0.25284,0.32952,NaN,NaN
0.023599,NaN,NaN,NaN,0.20695,0.31604,0.44399,NaN,NaN,NaN,NaN,0.44358,NaN,NaN,0.20774,0.22786,0.16361,NaN,0.077215,0.026327,NaN,NaN,0.49857,NaN,0.78545,0.88303,NaN,0.94782,NaN,0.90956,NaN,NaN,NaN,0.68977,NaN,0.68538,NaN,0.47343,0.39774,NaN,0.48477,NaN,0.55903,NaN,0.66961,NaN,0.40583,NaN,0.49975,NaN,NaN,NaN,NaN,NaN,NaN,NaN,0.16193,NaN,NaN,NaN
NaN,NaN,NaN,0.2437,0.23003,NaN,0.64881,0.8194,NaN,NaN,0.85694,1,0.77156,0.52047,NaN,0.68889,0.66418,NaN,0.88733,0.8522,NaN,0.66639,0.39525,0.34925,NaN,0.16434,NaN,NaN,0.59781,NaN,NaN,0.52134,0.14544,0.26465,0.41004,0.29869,NaN,NaN,NaN,NaN,0.49647,0.30904,NaN,0.28627,NaN,0.024136,NaN,0.22282,NaN,0.12849,0.032869,0.31954,NaN,0.24854,NaN,NaN,0.8892,0.36842,0.25895,NaN
0.7913,NaN,0.29928,0.2796,NaN,NaN,NaN,NaN,NaN,0.80767,NaN,NaN,0.12077,NaN,NaN,NaN,NaN,NaN,0.29066,NaN,NaN,0.47408,NaN,0.13984,0.25584,0.51636,0.33333,0.60261,0.54038,NaN,0.56196,NaN,0.48399,0.64028,0.84627,0.83931,0.88224,NaN,NaN,0.51906,0.38958,NaN,NaN,0.57859,NaN,0.59037,0.17113,NaN,0.13831,0.18667,NaN,NaN,0.54026,NaN,0.26757,NaN,0.28409,0.46224,NaN,0.41801
0.17257,NaN,0.086071,NaN,NaN,0.38592,0.31358,NaN,0.30268,NaN,0.36382,NaN,NaN,0.41394,0.51901,NaN,0.71361,NaN,0.76078,0.79645,NaN,NaN,0.93271,0.98494,0.97705,NaN,NaN,0.9049,NaN,NaN,NaN,0.37239,0.16822,0.078749,NaN,0.13367,NaN,NaN,0.13104,NaN,NaN,0.27314,0.32601,0.18861,NaN,0.13234,0.27019,0.33783,0.23372,NaN,NaN,0.027104,0.16364,NaN,NaN,NaN,0.12784,NaN,0.20937,0.15704
NaN,NaN,NaN,0.093676,NaN,0.15802,0.23485,NaN,NaN,NaN,0.16589,0.47436,NaN,0.26297,0.013542,0.041726,NaN,NaN,0.34978,NaN,NaN,NaN,NaN,0.87358,NaN,0.84382,NaN,NaN,0.47413,NaN,0.44022,NaN,NaN,NaN,NaN,0.52329,NaN,0.21348,0.087919,NaN,0.43393,0.61184,0.5452,0.31938,NaN,0.15414,0.11789,NaN,0.16406,NaN,NaN,0.12126,0.29351,NaN,NaN,NaN,0.19602,0.043478,0.14876,NaN
NaN,0.16631,0.12122,NaN,NaN,NaN,0.19318,NaN,0.18984,NaN,NaN,0.32737,NaN,NaN,0.27365,0.19275,0.08424,0.15678,0.30465,0.34996,NaN,NaN,NaN,NaN,0.78002,0.77795,NaN,0.95698,0.89752,NaN,0.61319,NaN,0.48105,0.45193,0.22277,NaN,NaN,NaN,NaN,NaN,0.30678,0.24652,NaN,0.032853,NaN,NaN,NaN,NaN,NaN,NaN,NaN,NaN,0.23896,0.093568,0.11791,NaN,NaN,0.09611,NaN,0.11085
0.36947,0.40206,0.19941,NaN,0.23535,NaN,0.47186,NaN,0.37554,NaN,0.33418,0.37251,NaN,0.35052,NaN,NaN,NaN,NaN,NaN,NaN,NaN,NaN,0.69726,0.6736,NaN,NaN,0.59355,NaN,0.90168,NaN,0.99989,NaN,0.69883,NaN,0.72486,0.40867,0.13438,NaN,0.10647,0.30969,0.76144,NaN,0.69197,NaN,0.91669,0.85217,0.54618,0.413,NaN,NaN,NaN,0.60485,0.6987,0.4152,NaN,0.32051,NaN,NaN,0.2011,0.16628
NaN,0.14273,0.061433,NaN,NaN,0.44289,NaN,0.28622,0.22479,0.38353,0.43201,NaN,NaN,0.31577,0.49694,NaN,NaN,NaN,NaN,NaN,1,0.8678,NaN,NaN,NaN,0.75273,0.59145,0.40253,NaN,0.078939,0.21319,0.58639,NaN,0.71553,0.72364,0.6998,NaN,NaN,0.46036,NaN,NaN,NaN,NaN,0.36176,NaN,NaN,0.18725,NaN,0.21302,0.14182,0.069721,NaN,NaN,NaN,0.19048,NaN,NaN,NaN,0.15152,NaN
0.30457,0.23532,NaN,0.13314,NaN,NaN,NaN,0.074091,NaN,NaN,0.13696,NaN,NaN,NaN,NaN,NaN,0.64646,NaN,0.74774,NaN,NaN,NaN,0.82886,0.93003,0.85195,NaN,0.38428,NaN,NaN,NaN,0.31444,NaN,NaN,0.51924,NaN,NaN,NaN,0.41479,NaN,0.47015,NaN,0.39902,0.33157,0.32556,0.30381,NaN,NaN,0.15813,NaN,0.14303,NaN,NaN,0.45195,NaN,NaN,0.32564,NaN,NaN,NaN,0.099307
NaN,0.027861,NaN,0.17475,0.24753,NaN,NaN,0.24719,NaN,NaN,NaN,NaN,NaN,NaN,0.26101,0.41003,0.4871,NaN,0.7814,NaN,0.8692,NaN,NaN,NaN,0.95646,NaN,NaN,NaN,0.48904,NaN,0.39204,NaN,NaN,NaN,0.33702,NaN,NaN,0.20048,NaN,0.3744,0.39155,NaN,NaN,NaN,0.12283,0.23149,NaN,NaN,NaN,0.39152,0.25199,NaN,NaN,0.4883,NaN,0.1641,NaN,0.16934,NaN,NaN
NaN,NaN,NaN,0.10247,0.19579,NaN,0.43128,0.44454,0.38812,0.41141,NaN,0.48784,NaN,NaN,0.69435,0.84531,1,NaN,0.84326,0.78703,NaN,NaN,0.7141,NaN,NaN,NaN,NaN,0.46562,0.62368,0.6966,NaN,NaN,NaN,0.40064,NaN,NaN,NaN,0.099407,NaN,NaN,0.18622,0.24396,NaN,NaN,NaN,NaN,NaN,0.44864,0.39021,NaN,NaN,0.17404,NaN,0.19591,0.15646,0.14359,0.21875,0.036614,0.14325,0.030023
0.11873,NaN,NaN,NaN,NaN,NaN,NaN,0.10584,0.027099,0.051623,0.033602,0.2371,NaN,0.069609,0.088374,NaN,0.12631,0,NaN,0.15304,NaN,0.074328,NaN,0.10276,NaN,0.13438,0.43713,NaN,0.62865,NaN,NaN,NaN,NaN,0.87239,NaN,NaN,0.81074,NaN,NaN,0.65697,NaN,NaN,NaN,NaN,NaN,0.087767,0.16498,NaN,NaN,0.22667,NaN,NaN,0.44156,0.47076,NaN,0.11795,NaN,NaN,NaN,NaN
NaN,NaN,NaN,NaN,NaN,NaN,0.19968,NaN,0.096401,0.11268,NaN,0.089097,NaN,0.13881,NaN,0.28211,0.32919,NaN,0.28687,0.26081,NaN,NaN,0.43446,0.5857,0.68729,NaN,0.88182,NaN,0.32102,NaN,NaN,0.47046,0.26851,NaN,0.50649,0.50827,NaN,NaN,NaN,NaN,NaN,NaN,0.29691,0.12226,NaN,0.072271,NaN,NaN,NaN,NaN,0.10857,NaN,0.05974,0.08772,0.15646,NaN,NaN,0.022884,NaN,0.039261
NaN,NaN,NaN,NaN,0.16586,0.33298,0.43101,NaN,0.37539,NaN,NaN,0.51319,NaN,0.17046,NaN,0.19947,0.24961,0.43647,0.63044,NaN,0.79026,NaN,NaN,1,0.98617,0.94206,NaN,0.9295,NaN,0.59657,NaN,NaN,0.16434,0.20965,0.20456,NaN,NaN,NaN,NaN,0.1463,NaN,0.12198,0.21195,0.24684,NaN,NaN,0.35567,NaN,NaN,NaN,0.13645,0.20257,NaN,0.064327,NaN,NaN,0.10511,NaN,0.038567,0.18245
0.37389,NaN,0.054205,0.055635,0.072026,0.28729,0.33117,NaN,NaN,NaN,NaN,NaN,0.24385,0.073219,NaN,NaN,NaN,NaN,NaN,0.079088,NaN,0.57959,0.74897,NaN,0.94098,NaN,NaN,1,NaN,0.67817,0.78856,NaN,NaN,0.16683,NaN,0.1377,0.078176,0.10991,NaN,0.022658,0.13086,0.033211,NaN,NaN,0.12937,NaN,NaN,NaN,NaN,0.28485,0.15438,NaN,NaN,0.11988,0.12698,0.21795,0.3892,0.30892,NaN,0.057737
0.22124,NaN,0.049934,0.10009,0.21177,0.25665,0.26813,NaN,NaN,NaN,0.26074,NaN,NaN,0.26091,NaN,0.13464,NaN,NaN,0.26247,0.28735,0.34507,0.38207,NaN,0.68374,NaN,0.81683,0.91585,NaN,0.89752,0.62246,NaN,NaN,NaN,0.22067,0.16805,NaN,NaN,NaN,0.21938,NaN,0.24991,NaN,NaN,NaN,NaN,NaN,NaN,0.33363,NaN,NaN,NaN,0.14265,NaN,0.099415,0.14966,NaN,0.14489,NaN,0,0.11316
NaN,NaN,0.090013,0.15573,0.25564,NaN,NaN,0.45513,0.44217,0.40369,0.39912,0.4682,0.32705,NaN,0.11566,0.1952,NaN,NaN,NaN,0.06464,0.0067455,NaN,0.28356,0.42188,0.56291,0.76044,NaN,0.933,NaN,1,0.96196,0.90699,0.7485,NaN,NaN,NaN,0.80057,NaN,0.45962,0.51449,NaN,NaN,0.6255,0.69299,0.63762,NaN,NaN,0.40701,NaN,0.31636,0.078686,0.22254,0.2987,0.30117,NaN,0.23846,NaN,NaN,0.044077,0.069284
0.074484,NaN,NaN,NaN,0.0022825,NaN,NaN,0.22359,0.24182,0.30859,0.40862,NaN,0.35598,0.20976,0.18638,0.16578,0.20195,0.34701,0.60267,NaN,0.78225,NaN,0.79517,NaN,0.93105,NaN,NaN,0.98127,NaN,NaN,0.38311,0.31881,NaN,0.23328,0.21459,0.11895,NaN,0.033066,0.11259,NaN,NaN,NaN,0.19087,0.22443,0.22107,0.22641,0.21387,NaN,0.16204,0.067879,0.2012,NaN,0.25455,NaN,0.063492,NaN,NaN,0.093822,0.15427,NaN
0.088496,NaN,0.011827,NaN,NaN,NaN,0.27002,0.18258,0.22523,0.25669,0.18248,0.12837,NaN,0.092915,NaN,NaN,NaN,0.24291,0.3543,0.54163,0.66242,NaN,NaN,NaN,0.83811,0.90902,0.9272,NaN,0.82021,NaN,NaN,NaN,0.42907,NaN,NaN,NaN,0.52405,0.34928,0.20145,NaN,0.084308,0.045787,0.13837,0.075109,0.0065395,0.064866,NaN,NaN,0.096921,0.11394,NaN,NaN,0.2052,0.26901,0.20408,NaN,0.096591,NaN,0.07989,NaN
0.087758,NaN,0.053548,NaN,0.095612,NaN,0.20752,NaN,0.043388,0.16259,NaN,0.30613,0.33669,NaN,NaN,0.095461,0.20765,NaN,0.41258,NaN,NaN,0.77436,NaN,0.77318,0.85523,0.92521,0.94264,0.86054,0.71794,NaN,NaN,NaN,0.44503,NaN,0.80393,NaN,NaN,NaN,0.41166,NaN,0.26427,0.40122,NaN,0.58516,0.56298,NaN,NaN,0.11141,NaN,NaN,0.045816,0.12268,NaN,0.10819,NaN,0.010257,NaN,0.048055,0.071626,NaN
0.10841,NaN,0.073587,NaN,0.14278,NaN,0.3612,NaN,NaN,0.23824,0.26584,NaN,0.41817,NaN,NaN,NaN,0.58512,NaN,0.71692,0.7958,NaN,0.96606,1,0.98904,0.93607,NaN,0.91428,NaN,0.7779,NaN,NaN,0.32532,0.18933,NaN,0.091439,0.17218,NaN,NaN,0.19713,0.28301,NaN,0.30403,0.24143,0.27828,NaN,0.10532,NaN,0.28332,0.32105,NaN,NaN,0.23538,0.33766,NaN,NaN,NaN,NaN,NaN,NaN,0.055428
NaN,NaN,0.42904,0.32097,0.40756,0.43214,NaN,0.2968,0.29735,0.4862,NaN,NaN,NaN,NaN,0.54048,0.53715,NaN,NaN,NaN,0.38281,0.76001,0.97291,0.93536,0.54503,NaN,0.6504,0.54964,0.52954,0.20627,NaN,NaN,0.66491,0.26126,NaN,0.28086,0.5124,NaN,NaN,NaN,NaN,NaN,NaN,NaN,NaN,0.18539,0.081871,0.20355,NaN,0.25593,NaN,0.19422,NaN,NaN,NaN,NaN,0.34359,0.25284,0.32037,0.096419,NaN
0.062684,NaN,0.19974,0.03495,NaN,0.071486,0.28815,NaN,NaN,0.16459,0.083936,0.25733,0,NaN,NaN,0.20039,0.035644,NaN,0.37513,0.35499,0.23493,NaN,0.52909,NaN,NaN,NaN,0.50163,NaN,NaN,NaN,NaN,0.77915,0.59257,0.34817,0.38151,NaN,0.55292,NaN,NaN,0.98584,0.66717,0.6044,0.4151,NaN,0.61061,NaN,0.4808,0.472,0.34377,0.35636,NaN,0.1612,NaN,NaN,0.17914,0.17692,0.13352,NaN,NaN,NaN
0.28982,NaN,0.12549,0.12981,0.1088,NaN,0.30979,0.21367,0.075226,NaN,0.30767,NaN,0.41788,NaN,NaN,0.36322,0.39934,0.51834,0.69093,NaN,NaN,NaN,0.74664,NaN,NaN,0.87939,NaN,0.57771,NaN,NaN,0.25123,NaN,NaN,NaN,0.7623,0.74476,0.64531,NaN,NaN,NaN,NaN,0.58217,NaN,NaN,NaN,0.060615,0.12006,0.12519,0.23978,NaN,0.065737,0.077033,0.32208,0.50877,0.14286,NaN,0.55682,0.22654,NaN,0.11316
0.039085,0.096871,NaN,NaN,0.046158,NaN,0.10525,0.23705,0.27188,NaN,NaN,NaN,NaN,0.30391,NaN,0.25341,NaN,NaN,NaN,NaN,NaN,NaN,NaN,0.79889,NaN,0.65569,0.68453,NaN,1,0.95962,0.92796,0.80555,0.67468,NaN,NaN,NaN,0.28515,0.1252,0.1381,NaN,NaN,0.20733,0.35277,NaN,0.027581,NaN,0.064107,NaN,0.046946,NaN,0.19821,NaN,NaN,NaN,NaN,NaN,0.10795,NaN,NaN,0.22864
0.62021,0.19203,0.12056,0.034475,0.080649,NaN,NaN,0.67365,0.409,0.37723,0.34283,0.10404,NaN,NaN,NaN,NaN,NaN,NaN,NaN,0.221,NaN,0.76454,NaN,NaN,NaN,NaN,NaN,0.67168,NaN,0.54991,0.46561,0.22422,0.24173,0.18919,NaN,NaN,NaN,NaN,NaN,0.36939,0.47736,NaN,NaN,NaN,0.3712,0.38371,NaN,NaN,0.66936,0.43394,NaN,NaN,NaN,NaN,0.070295,0.12051,0.72443,NaN,NaN,0.071593
NaN,NaN,NaN,0.23585,NaN,0.43859,0.44535,NaN,NaN,0.15616,0.079116,0.18787,NaN,0.25987,NaN,NaN,0.68397,0.87605,0.911,NaN,NaN,0.70821,NaN,0.76447,NaN,NaN,NaN,NaN,NaN,0.37797,NaN,0,NaN,0.29147,0.34632,0.18004,0.013667,NaN,0.21442,0.20294,0.326,NaN,NaN,NaN,0.22121,NaN,NaN,NaN,0.11055,NaN,0.085657,0.075607,0.025974,NaN,0.27664,0.12821,NaN,0.036614,NaN,0.12933
0.025811,0.004715,0.083771,NaN,NaN,NaN,0.2289,NaN,NaN,NaN,NaN,0.47597,NaN,0.24141,NaN,NaN,NaN,0.32935,0.60215,NaN,NaN,0.82292,0.82685,0.93935,0.94979,NaN,0.99727,1,0.90219,0.61745,NaN,NaN,0.16413,0.15273,NaN,NaN,NaN,0.058022,0.026355,NaN,0.024551,0.12357,NaN,NaN,0.31319,0.31061,0.31981,0.32854,0.28168,NaN,NaN,NaN,0.13247,NaN,NaN,0.14872,NaN,0.1373,0.044077,0.050808
NaN,0.16631,0.13173,NaN,0.23485,NaN,NaN,NaN,0.24404,NaN,0.13469,0,0.22844,NaN,NaN,0.66609,NaN,NaN,NaN,NaN,1,0.99918,NaN,NaN,NaN,NaN,NaN,0.60848,NaN,0.60754,0.33482,NaN,0.40313,0.37933,0.22481,0.087097,NaN,0.047936,NaN,NaN,0.19514,0.22967,NaN,0.19351,0.23813,NaN,0.2012,0.25427,0.30086,NaN,NaN,NaN,0.14805,NaN,0.043084,0.14615,NaN,0.22426,NaN,0
0.13717,0.0085725,NaN,NaN,0.016738,NaN,NaN,0.034179,0.063675,NaN,0.078265,NaN,NaN,0.015159,0,0,0.028494,NaN,NaN,NaN,0.34918,NaN,0.6093,0.74623,NaN,NaN,NaN,0.8309,NaN,NaN,NaN,NaN,NaN,1,0.78439,NaN,NaN,NaN,NaN,NaN,0.39722,0.49438,0.43385,0.38624,0.39067,NaN,0.18888,0.13567,0.17012,0.14788,0.071713,0.14265,0.16883,NaN,NaN,0.017948,0.011364,NaN,NaN,NaN
0.18068,0.15302,NaN,NaN,NaN,NaN,NaN,NaN,NaN,NaN,NaN,0.32327,0.21319,0.006497,NaN,NaN,NaN,NaN,0.33873,0.41695,0.5468,NaN,0.79464,0.88085,NaN,NaN,0.93434,0.75329,0.7081,NaN,NaN,0.46765,0.13,NaN,NaN,NaN,0.25191,0.1383,NaN,0.070915,0.056399,0.24664,NaN,NaN,0.20458,0.20159,0.17946,0.012279,0.077738,0.14061,NaN,0.19686,0.32208,NaN,0.07483,NaN,NaN,NaN,NaN,0.25173
NaN,NaN,0.056833,0.019734,0.093583,0.15211,NaN,0.016759,NaN,NaN,0.1639,0.18156,0.27393,0.23564,NaN,NaN,NaN,NaN,0.37692,NaN,0.46174,NaN,0.60093,NaN,NaN,0.87036,0.91554,NaN,NaN,NaN,0.65188,0.51707,0.33456,NaN,NaN,NaN,NaN,0.23812,NaN,0.21166,0.15043,0.31465,NaN,NaN,NaN,0.17636,NaN,NaN,0.16406,NaN,0.13546,0.051355,0.05974,NaN,NaN,NaN,0.38352,0.3135,NaN,NaN
0.2795,0.17745,0.14159,NaN,NaN,0.35313,0.24973,0.16472,0.22849,0.34964,0.39543,0.46424,NaN,NaN,NaN,NaN,0.17998,NaN,NaN,NaN,NaN,0.66343,NaN,0.75607,0.76896,0.6439,0.72403,NaN,0.96134,NaN,NaN,0.57897,NaN,0.5062,0.29508,NaN,NaN,NaN,0.20198,NaN,NaN,NaN,0.41898,NaN,NaN,0.07762,0.13872,NaN,NaN,NaN,0.11753,NaN,NaN,NaN,0.058957,0.14872,0.27841,NaN,0.14325,0.18707
NaN,0.16159,0.16097,NaN,NaN,0.53776,0.60335,0.54443,0.52125,NaN,NaN,NaN,0.71844,NaN,0.19771,NaN,NaN,0.31678,NaN,NaN,0.89028,NaN,NaN,0.73138,NaN,NaN,NaN,0.98147,0.81524,NaN,0.29657,NaN,0.20004,NaN,0.14851,NaN,NaN,0.31278,NaN,NaN,NaN,NaN,NaN,NaN,0.5,NaN,NaN,NaN,NaN,0.36364,NaN,0.22682,NaN,NaN,NaN,NaN,0.11364,0.05492,0.14876,NaN
0.13791,NaN,NaN,NaN,0.18767,NaN,0.3033,0.12194,NaN,NaN,NaN,0.004836,NaN,0.28596,0.55703,NaN,0.8281,NaN,0.85441,NaN,0.93813,NaN,0.93737,1,NaN,NaN,0.93182,NaN,NaN,0.28028,0.40098,0.47259,NaN,NaN,0.2287,NaN,NaN,0.19466,0.12935,0.14902,NaN,0.062638,0.11057,0.16259,0.16392,0.078168,0.077146,0.12728,0.11863,NaN,0.18725,NaN,NaN,0.16667,NaN,NaN,0.13068,0.11671,0.19835,NaN
0.081859,NaN,NaN,NaN,NaN,0.66783,NaN,0.44366,0.49474,NaN,0.3865,NaN,0.44839,0.56038,0.69526,0.97588,1,NaN,NaN,NaN,0.47312,NaN,0.69079,0.83813,0.80625,NaN,NaN,0.6092,NaN,NaN,0.63401,NaN,0.25475,NaN,NaN,0.71573,NaN,NaN,NaN,NaN,NaN,NaN,0.35394,0.36228,0.29542,0.09051,NaN,0.10332,NaN,0.34788,NaN,NaN,NaN,NaN,0.27211,NaN,0.096591,NaN,0.31129,0.16397
NaN,0.052293,0,NaN,NaN,NaN,NaN,0.2538,NaN,0.17618,0.070325,NaN,NaN,0.24141,0.42622,0.60655,0.73422,NaN,0.89543,NaN,NaN,0.91207,0.77228,0.50149,NaN,NaN,0.21956,NaN,NaN,NaN,NaN,0.36071,NaN,NaN,0.29355,0.20746,0.083206,NaN,NaN,0.095751,0.1487,NaN,0.16979,NaN,NaN,0.10491,NaN,NaN,0.22665,NaN,NaN,0.15549,0.046753,NaN,0.097506,NaN,NaN,NaN,0.13774,0.020785
NaN,0.22675,NaN,NaN,0.17068,NaN,0.23945,0.22381,0.21887,NaN,0.21367,0.22729,0.15302,0.2376,NaN,0.38958,0.13449,NaN,NaN,0.503,0.80597,1,NaN,NaN,0.6208,0.53057,NaN,0.58584,0.42177,NaN,NaN,0.20703,0.19227,NaN,0.31646,0.16593,NaN,0.18561,NaN,NaN,NaN,NaN,NaN,NaN,0.33949,0.46626,NaN,0.33004,0.45987,0.56,0.17032,NaN,NaN,0.52632,0.21995,0.3,NaN,NaN,0.19008,NaN
0.084809,NaN,0.13831,NaN,0.091554,0.06638,0.094967,NaN,0.18407,NaN,0.24628,0.3155,NaN,0.12076,NaN,NaN,0.28007,NaN,NaN,NaN,0.64829,0.72733,0.69651,0.69409,0.77029,0.90495,NaN,1,0.88647,0.6362,NaN,NaN,0.23438,0.49189,0.71198,NaN,NaN,NaN,NaN,0.36656,NaN,0.38156,0.45571,NaN,NaN,0.23505,NaN,0.090745,NaN,NaN,NaN,NaN,NaN,NaN,0.06576,0.13846,NaN,0.01373,NaN,0.046189
0.18142,NaN,0.068331,0.16429,NaN,NaN,NaN,0.35259,NaN,0.2717,NaN,NaN,0.47877,NaN,NaN,NaN,0.61009,NaN,0.71902,0.79741,NaN,0.86014,NaN,0.95974,NaN,0.90318,0.8504,0.87629,0.76867,NaN,NaN,0.27589,NaN,NaN,NaN,0.010584,0.10398,0.21805,NaN,NaN,0.2066,NaN,NaN,0.1765,0.19562,0.042101,0.067548,0.18149,NaN,0.20485,0.13446,0.30528,NaN,0.34211,0.036281,0.30769,NaN,0.04119,0.07438,NaN
0.14233,0.077154,0.038108,0.036376,NaN,0.13733,0.15666,NaN,NaN,0.14014,NaN,NaN,0.15935,NaN,NaN,0.17871,NaN,NaN,NaN,NaN,NaN,NaN,NaN,NaN,NaN,1,NaN,NaN,0.51907,0.32641,0.24676,0.069198,NaN,NaN,NaN,NaN,NaN,NaN,0.14664,NaN,NaN,NaN,NaN,NaN,NaN,0.12479,0.079863,NaN,NaN,0.11515,0.13944,0.094151,0.15065,NaN,NaN,NaN,NaN,NaN,NaN,NaN
NaN,0.14874,NaN,0.13077,0.025361,NaN,0.38745,NaN,0.27691,0.32046,0.36991,0.37749,0.20066,NaN,NaN,0.13047,0.17832,NaN,0.24553,NaN,NaN,0.69226,NaN,NaN,0.92234,NaN,NaN,NaN,0.69886,NaN,0.69875,NaN,0.22125,NaN,0.056561,0.028629,NaN,NaN,0.1031,NaN,NaN,0.16007,NaN,NaN,0.18752,NaN,NaN,NaN,NaN,NaN,NaN,NaN,NaN,0.33918,NaN,0.079487,0.088068,NaN,NaN,NaN
NaN,NaN,NaN,NaN,0.22496,0.23757,NaN,NaN,NaN,0.28571,0.18715,0.19725,0.29567,NaN,NaN,NaN,NaN,0.27262,0.48222,0.44317,NaN,NaN,NaN,0.5441,0.66301,NaN,NaN,NaN,NaN,0.34558,NaN,0.24714,0.48766,NaN,0.85036,NaN,0.69331,NaN,0.48197,0.28617,0.017371,0.33919,NaN,0.54831,NaN,NaN,0.19033,NaN,0.19334,NaN,0.23108,NaN,0.15584,NaN,0.14966,NaN,NaN,0.18535,NaN,0.060046
0.12094,0.055722,NaN,0.13671,NaN,0.18973,0.55655,0.75193,0.77018,0.83684,NaN,NaN,0.50511,0.2672,0.1609,0.02646,NaN,NaN,NaN,0.79634,0.84718,NaN,NaN,0.91814,NaN,0.78896,0.8628,NaN,NaN,0.33461,0.3273,0.47574,0.63194,0.70896,NaN,0.51492,0.51487,0.36415,0.35747,0.39444,0.25999,0.18742,NaN,0.29206,0.2242,0.16607,0.15991,0.25457,0.1792,NaN,NaN,0.16405,NaN,0.51754,0.2381,NaN,0.22159,NaN,NaN,NaN
NaN,0.18774,0.15145,0.15216,0.39259,0.21097,0.15233,NaN,NaN,0.40112,NaN,NaN,0.4101,0.23863,NaN,0.11663,0.25427,0.43055,0.64664,0.75203,0.6796,NaN,0.19805,NaN,0.48504,NaN,1,NaN,NaN,NaN,NaN,NaN,NaN,NaN,0.49412,0.35262,0.37809,NaN,0.31499,NaN,NaN,NaN,NaN,0.27003,NaN,0.10944,0.12695,0.15753,0.12166,0.14182,0.12151,0.16263,0.28312,0.25731,0.047619,NaN,0.065341,0.10755,0.19835,NaN
NaN,0.049293,NaN,NaN,0.1192,NaN,0.26732,0.17574,0.15712,0.23366,0.27066,0.36416,NaN,NaN,0.20152,0.16528,0.1004,0.19584,NaN,0.26231,0.35772,NaN,NaN,0.64461,0.77582,0.82322,NaN,0.97623,NaN,NaN,NaN,0.52404,0.35976,0.29645,NaN,NaN,NaN,0.19341,0.24932,NaN,NaN,0.37827,NaN,0.12767,0.084447,NaN,0.35078,0.32405,0.16961,NaN,0.20817,NaN,NaN,0.10819,NaN,0.097436,0.071022,0.075515,0.033058,0.023095
NaN,0.10802,0.12582,NaN,0.11717,0.26579,0.45346,0.35921,NaN,NaN,NaN,NaN,NaN,0.17449,NaN,NaN,NaN,NaN,NaN,NaN,NaN,0.7395,0.80958,NaN,0.87807,0.86937,0.92657,0.99537,NaN,0.58123,NaN,NaN,0.12265,0.098357,0.074972,0,0.038378,NaN,NaN,NaN,0.05941,NaN,NaN,0.29065,0.25789,NaN,0.30569,0.31057,NaN,0.16485,0.12948,0.15977,NaN,NaN,0.12698,NaN,0.11932,NaN,NaN,0.057737
