0.194262578240774,-0.00441284067272584,0.0108741187090149,-0.00745348715021397,0.00263897356039382,0.00511623675404793,0.0026960796835616,0.0188816064434526,-0.0218810103306875,-0.00293017610563991,0.0305100474289145,-0.00238146652428209,0.0062668681854171,-0.000874352993860419
-0.00441284067272584,0.033160263051603,0.005121293464774,0.00724021415325665,-0.00391330335689009,-0.00221107537026629,0.0049492012876568,0.0139120320783719,0.0101247006317182,0.00194376536354067,-0.0008802926388976,0.000989446034768823,-0.000617498926064009,0.00109726498374321
0.0108741187090149,0.005121293464774,0.0297818698315422,0.00276494729668048,0.00645622179469576,0.00837919479590518,0.000567178060729705,0.0301269992600262,0.0196539848841399,0.00225234601261419,0.000480781797011737,0.00334729556293378,-0.00217078307654689,0.00076064682152522
-0.00745348715021397,0.00724021415325665,0.00276494729668048,0.0457264210091034,0.00850446336405141,0.000114643136251926,0.00165091574263656,0.00706914682109123,0.0134393547740352,0.00178390764963596,-0.00099431233359975,-0.00158971987008925,-0.000418708593615882,0.000161004837301304
0.00263897356039382,-0.00391330335689009,0.00645622179469576,0.00850446336405141,0.079739080135779,0.0297846662821817,0.00377961199379742,0.0394614869156648,0.0250374706216456,0.00258134393231679,0.00868370654764102,0.00440182805286091,0.00190791376133324,0.000725819894591922
0.00511623675404793,-0.00221107537026629,0.00837919479590518,0.000114643136251926,0.0297846662821817,0.0682555270095385,0.00563558659324576,0.0394819644209079,0.0152983174986616,0.00308841225063852,0.013691334165277,0.00202172240829697,0.00159770165541266,0.000659463763318588
0.0026960796835616,0.0049492012876568,0.000567178060729705,0.00165091574263656,0.00377961199379742,0.00563558659324576,0.0097304514461962,0.0174479743120256,0.0183321879111807,0.00161200379821186,0.00818228905547552,0.00049291338150133,1.83023723119697e-07,0.000771559162358466
0.0188816064434526,0.0139120320783719,0.0301269992600262,0.00706914682109123,0.0394614869156648,0.0394819644209079,0.0174479743120256,0.251308985887971,0.114469809503068,0.0129257436867217,0.0282854217576644,0.00812237933759729,-0.00389134472986399,0.00371544355374617
-0.0218810103306875,0.0101247006317182,0.0196539848841399,0.0134393547740352,0.0250374706216456,0.0152983174986616,0.0183321879111807,0.114469809503068,0.269996315232546,0.020509181560596,0.00903026375789122,0.019168834598617,-0.00687099015837962,0.00721819322230454
-0.00293017610563991,0.00194376536354067,0.00225234601261419,0.00178390764963596,0.00258134393231679,0.00308841225063852,0.00161200379821186,0.0129257436867217,0.020509181560596,0.00347723488101324,0.00077905570572979,0.00158221808133896,-0.000538061506799842,0.000664598802205321
0.0305100474289145,-0.0008802926388976,0.000480781797011737,-0.00099431233359975,0.00868370654764101,0.013691334165277,0.00818228905547552,0.0282854217576644,0.00903026375789122,0.00077905570572979,0.24624136694968,-0.0116230243668723,0.0121549816417697,-0.00138005169375651
-0.00238146652428209,0.000989446034768823,0.00334729556293378,-0.00158971987008925,0.00440182805286091,0.00202172240829697,0.00049291338150133,0.00812237933759729,0.019168834598617,0.00158221808133896,-0.0116230243668723,0.0258746235362241,-0.000400761771754234,0.000562012618553386
0.0062668681854171,-0.000617498926064009,-0.00217078307654689,-0.000418708593615882,0.00190791376133324,0.00159770165541266,1.83023723119697e-07,-0.00389134472986399,-0.00687099015837962,-0.000538061506799842,0.0121549816417697,-0.000400761771754234,0.00572672887436201,-0.00012447626666882
-0.000874352993860419,0.00109726498374321,0.00076064682152522,0.000161004837301304,0.000725819894591922,0.000659463763318588,0.000771559162358466,0.00371544355374617,0.00721819322230454,0.000664598802205321,-0.00138005169375651,0.000562012618553386,-0.00012447626666882,0.00174494244094452
