NaN,NaN,NaN,0.0346251588310038,0.0118577075098814,NaN,NaN,NaN,0.136388533868906,NaN,NaN,0.116146540027137,NaN,NaN,0.0176655950599994,NaN,NaN,NaN,NaN,NaN,NaN,NaN
NaN,0.235381773273319,NaN,NaN,NaN,NaN,0.0594855305466238,NaN,NaN,NaN,0.061055469953775,NaN,NaN,NaN,0.0246363433809721,NaN,NaN,0.334505948064986,0.474578069999872,NaN,NaN,NaN
0.866805998649372,0.296357308347878,NaN,NaN,NaN,0.0486512524084778,NaN,NaN,NaN,0.0649137222678718,NaN,NaN,NaN,0.111695981512389,NaN,0.580955864423312,NaN,NaN,0.118322104707814,NaN,NaN,NaN
NaN,NaN,NaN,NaN,NaN,NaN,NaN,NaN,0.00721197735986855,0.0106820049301561,0.0159861325115562,NaN,NaN,NaN,NaN,NaN,NaN,0.500007967937022,0.194354029043458,0.330168227833569,0.402704251317248,NaN
NaN,NaN,NaN,NaN,NaN,NaN,NaN,0.0443088778295071,NaN,NaN,NaN,NaN,0.0317022742935906,0.0688149955064835,0.0106948467390266,NaN,NaN,NaN,NaN,0.431462859535499,0.245374728409319,NaN
NaN,NaN,NaN,0.808767471410419,NaN,0.722543352601156,NaN,NaN,0.705678291035238,NaN,0.737480739599384,NaN,NaN,NaN,NaN,NaN,NaN,NaN,0.926644648761253,NaN,0.783293325052894,0.849540623161871
0.217194886244557,NaN,0.292871371492395,1,NaN,NaN,0.766345123258307,1,0.750775972247581,0.66228430566968,NaN,NaN,0.419404242285014,0.944280395429452,NaN,0.0173128505242624,NaN,NaN,0.771013602899898,0.57225602686963,NaN,NaN
0.163059171459842,NaN,NaN,0.0314485387547649,0.0513833992094862,NaN,NaN,NaN,NaN,NaN,0.0338983050847457,NaN,NaN,NaN,NaN,NaN,NaN,0.356971546496897,NaN,NaN,0.324216546523194,NaN
NaN,NaN,NaN,NaN,0.130434782608696,0.108863198458574,NaN,NaN,0.167701296330108,0.132292522596549,0.198189522342065,NaN,0.117926334328815,NaN,NaN,0.395716491912542,NaN,NaN,NaN,0.182097118763493,NaN,NaN
NaN,NaN,NaN,NaN,0.130434782608696,NaN,NaN,NaN,NaN,NaN,NaN,0.465807327001357,NaN,NaN,NaN,NaN,NaN,0.365182505597476,0.461882066255128,NaN,0.552455037395434,NaN
NaN,NaN,NaN,NaN,0.00790513833992095,NaN,NaN,0.0118799165195055,NaN,0,0.00269645608628659,NaN,NaN,NaN,NaN,0.985247500609608,NaN,NaN,NaN,0.387795209119826,NaN,NaN
0.608277251240016,NaN,0.594821928218591,NaN,NaN,0.834296724470135,NaN,NaN,NaN,NaN,1,NaN,1,1,NaN,NaN,0.86167142267156,0.773041281881708,NaN,NaN,NaN,NaN
NaN,NaN,0.264200260227757,0.263341804320203,NaN,0.209055876685935,NaN,NaN,0.414277889355487,NaN,NaN,0.466078697421981,NaN,NaN,NaN,NaN,0.416255036970841,NaN,NaN,NaN,0.436977171257387,NaN
NaN,0.124768057809486,NaN,NaN,NaN,0.0640655105973025,NaN,0.0638946861454487,NaN,NaN,0.2615562403698,NaN,NaN,NaN,0.0303338956615845,NaN,NaN,NaN,NaN,NaN,NaN,NaN
NaN,0.200006123886218,0.518262000990247,0.0756035578144854,NaN,NaN,0.0814576634512326,0.0730454326537165,NaN,NaN,NaN,NaN,NaN,0.318205161124663,0.0864818410414744,NaN,0.762992293172119,0.611399727496554,NaN,NaN,NaN,0.322856172384369
NaN,NaN,NaN,NaN,0.24901185770751,0.128131021194605,NaN,NaN,NaN,0.147904683648316,0.180855161787365,NaN,NaN,NaN,NaN,0.575550678696253,NaN,NaN,NaN,NaN,NaN,NaN
NaN,NaN,NaN,0.0574968233799238,NaN,NaN,NaN,NaN,NaN,NaN,NaN,NaN,NaN,NaN,NaN,NaN,NaN,NaN,NaN,NaN,NaN,NaN
NaN,NaN,0.43508123481525,NaN,NaN,NaN,0.0546623794212219,0.0455931931289131,NaN,NaN,0.311633281972265,NaN,NaN,NaN,NaN,NaN,NaN,NaN,NaN,NaN,NaN,NaN
0.686922199194281,0.253549302387295,NaN,NaN,NaN,NaN,NaN,NaN,NaN,0.101889893179951,NaN,NaN,NaN,NaN,NaN,NaN,0.174851428318101,0.561098141080293,NaN,NaN,NaN,NaN
NaN,0.151974442981516,NaN,0.255082592121982,NaN,NaN,NaN,NaN,0.367354391090013,0.327033689400164,NaN,0.257259158751696,NaN,NaN,NaN,NaN,NaN,NaN,0.498467262332549,NaN,NaN,NaN
NaN,0.213827735080682,NaN,NaN,NaN,0.0472061657032755,0.0407288317256163,0.0471985872531707,NaN,NaN,0.0208012326656394,NaN,NaN,NaN,NaN,NaN,0.386529034184903,NaN,NaN,0.38556882978891,NaN,NaN
NaN,NaN,NaN,NaN,0.130434782608696,NaN,NaN,NaN,NaN,NaN,NaN,NaN,NaN,NaN,NaN,NaN,0.722976520191049,NaN,NaN,NaN,NaN,0.15754264458565
0.51135807931444,NaN,NaN,NaN,NaN,NaN,0.067524115755627,NaN,NaN,NaN,0.0930277349768875,NaN,0.0591163182479516,NaN,NaN,NaN,NaN,NaN,NaN,NaN,NaN,NaN
NaN,NaN,0.10642278950338,0.0927573062261753,NaN,NaN,0.0691318327974277,0.0680687108685182,NaN,NaN,NaN,NaN,NaN,0.0153421491847477,NaN,0.760993253677965,NaN,NaN,NaN,0.619838413035012,NaN,NaN
0.572631162238316,0.2241668963124,NaN,NaN,NaN,NaN,NaN,0.484989564938192,NaN,0.574363188167625,NaN,NaN,NaN,0.432147900885865,NaN,0.166138340242217,0.586250907063076,NaN,NaN,NaN,0.683104168038337,0.532172947716371
NaN,NaN,0.222339286331134,NaN,0.130434782608696,NaN,NaN,NaN,NaN,NaN,NaN,0.401628222523745,NaN,0.503723199383746,NaN,0.362716410631553,NaN,NaN,0.421339324344286,NaN,NaN,NaN
NaN,NaN,NaN,NaN,NaN,NaN,0.0830653804930332,NaN,NaN,NaN,0.341486902927581,NaN,NaN,NaN,NaN,NaN,NaN,NaN,NaN,0.576539949889581,NaN,NaN
0.36156649512144,NaN,NaN,0.0724269377382465,NaN,NaN,NaN,NaN,NaN,0.124897288414133,NaN,0.136227951153324,NaN,NaN,0.0173791259509183,NaN,0.223589006512188,0.737185565285292,0.308000809263792,NaN,NaN,0.206214221213351
0.165038539459283,0.0591281627320698,NaN,0.280177890724269,NaN,0.229287090558767,NaN,NaN,NaN,NaN,NaN,NaN,NaN,NaN,0.0395963968552058,NaN,0.40441596804338,NaN,NaN,NaN,NaN,0.596682462491819
0.316675593228233,0.123014585055676,NaN,NaN,NaN,NaN,0.17524115755627,NaN,NaN,0.230073952341824,0.272149460708783,NaN,NaN,NaN,NaN,NaN,NaN,0.621917404364836,NaN,0.343425202433935,NaN,NaN
0.350051230701162,NaN,NaN,NaN,NaN,0.0645472061657033,NaN,0.064376304382726,NaN,NaN,NaN,0.0723202170963365,NaN,NaN,NaN,NaN,NaN,NaN,NaN,0.472582217329741,0.558706294141827,NaN
NaN,NaN,0.0507271408338803,0.378653113087675,NaN,0.267822736030829,0.252947481243301,0.267940279338578,NaN,NaN,0.156587057010786,NaN,NaN,0.156631146488638,NaN,NaN,NaN,NaN,0.212944676984238,NaN,NaN,NaN
0.130254057704399,NaN,NaN,NaN,NaN,NaN,NaN,NaN,NaN,NaN,0.159668721109399,NaN,NaN,0.159648221851329,NaN,0.680972120620987,0.482858549492395,NaN,0.449722136492572,0.695152616164549,0.195209416211272,NaN
NaN,NaN,NaN,NaN,NaN,NaN,0.0219721329046088,NaN,NaN,NaN,0.196456086286595,NaN,0.09855272226051,0.196559250224676,0.0313206225928637,NaN,NaN,0.223608200600783,0.331284861758905,NaN,0.513053257575623,0.238672984996728
NaN,NaN,NaN,NaN,0.130434782608696,NaN,NaN,NaN,0.115848092021179,NaN,0.158320493066256,NaN,NaN,NaN,NaN,0.560960741282614,NaN,0.789359616901588,NaN,NaN,0.280405255112845,NaN
NaN,0.71057901344193,NaN,NaN,NaN,0.0847784200385356,NaN,NaN,NaN,NaN,NaN,NaN,NaN,NaN,0.0552885380526467,NaN,NaN,NaN,0.608782971035914,NaN,NaN,NaN
0.13865472836085,0.0602672055686539,NaN,NaN,NaN,NaN,NaN,NaN,0.0732152638305642,NaN,NaN,NaN,0.049314648901141,NaN,NaN,0.519304234739495,NaN,NaN,NaN,0.402103466983627,0.199559760626514,NaN
NaN,NaN,0.423238568977627,NaN,0.0513833992094862,NaN,NaN,NaN,NaN,NaN,NaN,NaN,NaN,0.0740788291179869,0.0134640481268103,NaN,NaN,NaN,NaN,NaN,0.368467365521463,0.239768613253581
NaN,NaN,0.806124563888217,NaN,NaN,NaN,NaN,NaN,NaN,0.0493015612161052,NaN,NaN,NaN,0.0794710489151368,0.00875322277747716,NaN,0.252687356649035,NaN,NaN,NaN,NaN,0.121544318059433
NaN,0.340183920716086,NaN,NaN,0.0909090909090909,NaN,NaN,NaN,NaN,0.161051766639277,NaN,0.189145183175034,NaN,NaN,0.077028360441799,0.410428350808746,NaN,NaN,NaN,NaN,NaN,NaN
NaN,NaN,NaN,0.00476493011435832,NaN,NaN,NaN,NaN,NaN,NaN,NaN,NaN,NaN,NaN,NaN,NaN,NaN,0.466925093424061,0.154296736927614,NaN,NaN,NaN
NaN,NaN,NaN,0.0911689961880559,NaN,NaN,0.0760986066452305,0.0876545191844598,NaN,0.0829909613804437,NaN,0.0812754409769335,NaN,NaN,NaN,NaN,0.37811288881215,NaN,NaN,NaN,0.518898351682572,0.213044810988592
NaN,0.189762903538586,NaN,0.167090216010165,NaN,NaN,0.162379421221865,0.161342109487879,NaN,NaN,NaN,NaN,0.07665211731373,NaN,NaN,NaN,0.844864798019511,NaN,0.365360725357818,NaN,NaN,NaN
NaN,NaN,NaN,0.131194409148666,0.1699604743083,NaN,0.118971061093248,NaN,NaN,NaN,NaN,0.0742198100407055,NaN,NaN,NaN,0.662521336259449,NaN,0.43763097296479,0.321618354016026,NaN,NaN,NaN
NaN,0.195104973616257,NaN,0.0412960609911055,NaN,NaN,NaN,0.0468775084283192,NaN,NaN,NaN,NaN,NaN,NaN,NaN,NaN,0.163119690326916,NaN,0.238223864856563,NaN,NaN,NaN
NaN,NaN,0.456751528550209,0.0552731893265565,NaN,NaN,NaN,NaN,NaN,NaN,NaN,NaN,0.160042882303392,0.260174605212479,NaN,NaN,NaN,NaN,NaN,0.424009328731999,NaN,NaN
NaN,NaN,NaN,NaN,0.1699604743083,0.121868978805395,NaN,NaN,0.208234434909622,NaN,NaN,NaN,NaN,NaN,0.0826940828214024,NaN,NaN,NaN,NaN,NaN,NaN,NaN
NaN,NaN,NaN,0.0463786531130877,NaN,NaN,NaN,0.0319473430727244,NaN,NaN,0.0408320493066256,0.0569877883310719,NaN,0.0408910001283862,0.0213896934780533,NaN,NaN,NaN,NaN,NaN,NaN,0.351692528188092
NaN,0.0569603070108291,NaN,0.0825921219822109,0.0909090909090909,NaN,0.0337620578778135,NaN,NaN,NaN,0.0914869029275809,NaN,NaN,NaN,NaN,NaN,NaN,0.716281682509581,NaN,NaN,0.280769155484219,NaN
NaN,NaN,0.231389685308646,NaN,NaN,NaN,NaN,NaN,NaN,NaN,NaN,0.00244233378561736,NaN,NaN,NaN,NaN,NaN,0.575910536003123,NaN,NaN,NaN,NaN
NaN,NaN,0.400503183759946,NaN,NaN,NaN,NaN,0.0655000802697062,NaN,0.037797863599014,NaN,0.0415196743554953,NaN,NaN,NaN,NaN,0.331160270753953,NaN,NaN,NaN,NaN,0.306922962214287
NaN,NaN,NaN,NaN,NaN,0.107418111753372,0.121650589496249,NaN,0.363155011867811,0.292522596548891,NaN,NaN,NaN,NaN,NaN,0.3502804194099,NaN,0.676406141685856,NaN,NaN,NaN,NaN
0.152702419486296,0.0347469304020331,NaN,0.0505082592121982,NaN,NaN,0.0493033226152197,NaN,NaN,NaN,NaN,NaN,0.0287924037062562,NaN,NaN,0.663821832073478,NaN,NaN,NaN,NaN,NaN,NaN
0.545403208904827,NaN,NaN,NaN,NaN,NaN,NaN,NaN,NaN,0.119967132292523,NaN,NaN,0.0928095566276131,NaN,NaN,NaN,NaN,NaN,NaN,NaN,NaN,NaN
0.749732203153017,0.268095573450912,0.164093175354359,NaN,NaN,0.0284200385356455,NaN,NaN,NaN,0.0320460147904684,NaN,0.00827679782903663,NaN,NaN,NaN,NaN,0.480529934831455,NaN,NaN,0.862234618510239,NaN,NaN
NaN,NaN,0.28952640851152,0.113087674714104,0.130434782608696,NaN,NaN,NaN,NaN,NaN,NaN,0.0279511533242877,NaN,0.0771600975735011,NaN,NaN,0.753712833746713,NaN,NaN,NaN,NaN,NaN
NaN,NaN,NaN,0.126747141041931,NaN,NaN,NaN,NaN,0.0849004929706043,0.0862777321281841,0.10997688751926,0.0801899592944369,0.0500804043188605,NaN,NaN,NaN,NaN,NaN,NaN,NaN,NaN,NaN
NaN,0.330132582136624,0.127592202378896,NaN,0.0513833992094862,NaN,NaN,0.0484829025525767,NaN,NaN,NaN,NaN,0.0911248947086301,NaN,NaN,0.484637893196781,0.723968164710988,NaN,NaN,NaN,NaN,NaN
0.0811540879770859,NaN,NaN,NaN,NaN,NaN,NaN,NaN,NaN,NaN,NaN,NaN,NaN,0.216459108999872,0.121494732151383,0.406648784849224,NaN,NaN,NaN,NaN,NaN,NaN
NaN,NaN,NaN,0.0428843710292249,NaN,NaN,NaN,0.0505699149141114,NaN,NaN,0.0464175654853621,0.0240162822252374,0.0124818133088292,NaN,NaN,0.659920344631391,NaN,0.208871501079656,0.171205034647736,0.382788669552631,0.190898664868222,0.0974777767652249
NaN,NaN,NaN,NaN,0.209486166007905,0.0895953757225434,NaN,NaN,0.108544823808654,NaN,NaN,0.104748982360923,NaN,NaN,NaN,NaN,NaN,NaN,NaN,NaN,NaN,0.424998135982172
NaN,NaN,NaN,0.0978398983481576,NaN,NaN,0.0616291532690246,NaN,NaN,0.0517666392769104,0.0290832049306626,NaN,NaN,0.0291436641417384,NaN,NaN,NaN,NaN,NaN,NaN,0.541629223780044,NaN
NaN,0.0636863753738122,NaN,NaN,NaN,0.0727360308285164,NaN,0.0728848932412907,NaN,NaN,NaN,0.326051560379919,NaN,NaN,NaN,NaN,NaN,NaN,0.648363491788847,NaN,NaN,0.445110888349474
NaN,NaN,NaN,0.10292249047014,NaN,NaN,0.0782422293676313,NaN,NaN,0.0328677074774034,NaN,0.033921302578019,NaN,NaN,NaN,NaN,NaN,NaN,0.330808813598669,0.444276359183196,0.496664839750377,0.259686679314373
0.609511445404373,NaN,NaN,0.189961880559085,NaN,NaN,NaN,0.184138706052336,NaN,NaN,NaN,NaN,0.104525614518723,0.253434330466042,NaN,NaN,0.562283442336455,NaN,NaN,0.613222307015234,NaN,0.292296635654933
0.512004284749552,NaN,0.346206547146131,NaN,NaN,0.105491329479769,NaN,0.105634933376144,0.507303268212525,NaN,NaN,0.486974219810041,NaN,NaN,NaN,NaN,NaN,NaN,NaN,NaN,NaN,NaN
0.233553780592879,NaN,NaN,NaN,0.446640316205534,NaN,0.437834941050375,0.403275004013485,NaN,NaN,0.533127889060093,NaN,NaN,NaN,NaN,0.268999431033081,NaN,NaN,0.680218038374219,NaN,NaN,NaN
NaN,NaN,NaN,NaN,0.0909090909090909,0.0539499036608863,NaN,NaN,0.068650721197736,NaN,0.0999614791987673,NaN,NaN,0.0999486455257415,NaN,0.70312118995367,NaN,NaN,NaN,NaN,0.347768196353167,NaN
NaN,NaN,0.3706691077412,0.0463786531130877,0.0513833992094862,NaN,0.037513397642015,NaN,NaN,NaN,0.0525808936825886,NaN,0.0391301018454706,0.052638336115034,0.016074100009549,NaN,NaN,NaN,0.267252677793501,0.431420087839557,0.456644251352837,NaN
NaN,NaN,NaN,NaN,0.0909090909090909,NaN,NaN,0.0430245625301011,0.0296695271133832,0.0361544782251438,0.0312018489984592,NaN,NaN,NaN,0.0251774516981252,NaN,NaN,0.322530138721784,NaN,NaN,NaN,NaN
NaN,0.0808577523296284,NaN,0.561626429479034,NaN,0.525529865125241,NaN,0.525284957457056,NaN,NaN,NaN,NaN,0.387778543533195,NaN,NaN,NaN,NaN,0.401070093941978,0.760200999719217,NaN,0.538886625015348,0.691641744057925
NaN,NaN,0.0722880467949382,NaN,NaN,NaN,0.193461950696677,0.153636217691443,0.519079788205222,NaN,NaN,NaN,NaN,NaN,0.275646942738008,0.134235552304316,NaN,NaN,NaN,0.862092796571061,0.842709180432303,NaN
NaN,NaN,NaN,NaN,NaN,0.0973025048169557,NaN,NaN,NaN,NaN,0.377118644067797,NaN,0.152002450417337,NaN,NaN,0.606721937738763,NaN,NaN,0.395775917821034,NaN,0.260084666893252,NaN
0.129444845492863,0.047458076895598,NaN,NaN,NaN,0.0761078998073218,NaN,0.07593514207738,NaN,0.0920295809367297,NaN,0.0853459972862958,NaN,NaN,NaN,NaN,NaN,0.964351449766141,NaN,NaN,NaN,0.389797194860281
NaN,NaN,0.0030398286642026,NaN,NaN,0.211464354527938,NaN,0.211269866752288,NaN,0.183237469186524,0.227850539291217,NaN,NaN,NaN,0.0825667632173664,NaN,0.563634412164795,0.616658565930695,0.477387893189474,NaN,NaN,0.376341057270912
NaN,0.0160731600273534,0.173592639929992,NaN,NaN,NaN,NaN,NaN,0.134471425963119,NaN,0.176425269645609,0.115468113975577,0.0790259591086607,0.176531005263834,NaN,NaN,NaN,NaN,0.532041404076296,NaN,NaN,NaN
NaN,0.326494993723017,0.957845406289221,0.0212833545108005,0.0118577075098814,NaN,NaN,0.0282549365869321,0.0597042176373927,NaN,0.086864406779661,0.0552238805970149,0.032927482961942,NaN,0.0130820893147022,NaN,NaN,NaN,0.146251107178094,0.273216589114828,NaN,NaN
1,NaN,0.98925121190139,0.0543202033036849,NaN,0.0659922928709056,NaN,0.0661422379194092,0.0982289574584627,NaN,NaN,0.0895522388059702,0.0496209510682288,NaN,0.0268962663526116,NaN,NaN,NaN,0.0808269388656891,NaN,NaN,NaN
