0.0679822141038438,0.0267537582964518,0.0499133490219275,-0.00495970714187016,-0.0143235291254627,-0.00277847700429399,-0.00384459217325237,-0.00277448608230745,-0.00373554725320676,-0.00232151654990493,-0.00438778003928132,-0.00166631621135884,-0.00178619759324442,-0.0043882922841888,-3.3119236405925e-05,0.000931023921038203,-0.0231975846994504,-0.0295565379811703,-0.021660442986242,-0.0145906355458715,0.0074878937919155,-0.0177756391922125
0.0267537582964518,0.0302688422398838,0.0075952397812838,-0.00161613720136027,-0.00535484953953921,-0.00157617721560417,-0.00215375518544292,-0.00157556270063612,-0.00339263235250213,-0.00203058848576312,-0.00447022263600229,-0.00295701542066578,-0.00193334109812054,-0.00447006049207337,0.000382862626195729,0.00185531958426683,-0.00916161981702129,-0.0182309276766276,-0.00512632339047758,-0.00163806592233043,0.00655509375637342,-0.00400386615032489
0.0499133490219275,0.0075952397812838,0.0760233078160447,-0.00587406616565004,-0.0116138395060506,-0.00364772280149118,-0.00340072251885029,-0.00364476303790553,-0.0063893730836472,-0.00443943905623474,-0.00758979501907458,-0.00325398275337481,-0.00351616731901124,-0.00758999909247809,-0.00200673357215514,0.0079134474367791,-0.0276910007989938,-0.00944549107552134,-0.0250842850531687,-0.012561035098591,-0.0026397546586574,-0.0202125427179926
-0.00495970714187016,-0.00161613720136027,-0.00587406616565004,0.0174236233977545,0.0136053432925056,0.0154720816887685,0.0172447893640819,0.0154666090093561,0.0154912593635202,0.0161166557473369,0.0159829653377825,0.0138675796630398,0.012322015918062,0.0159804778846412,0.0101033031238065,-0.0157375032682541,0.00913139940293508,0.00696622861500018,0.0192861469072402,0.012058945402946,0.0117228030141329,0.0176261752299222
-0.0143235291254627,-0.00535484953953921,-0.0116138395060506,0.0136053432925056,0.0130449588175403,0.0118771037462676,0.0130075744093785,0.0118713308180103,0.0116115923811686,0.0116574393504729,0.0123021143393759,0.00991249176903381,0.00850797168323561,0.0123003590585027,0.0070855173918052,-0.011265153097831,0.0109698377633136,0.00936109607993586,0.0175835855186188,0.010527930775426,0.00633223434973459,0.0154852663637581
-0.00277847700429399,-0.00157617721560417,-0.00364772280149118,0.0154720816887685,0.0118771037462676,0.014101684055157,0.0152137412266118,0.0140969614668779,0.0138075261828359,0.0143188632983991,0.0143959313311708,0.0122862290881994,0.0108455264757437,0.0143935209031473,0.00921864128277283,-0.0142923357541522,0.00783582585955344,0.00513382428485241,0.0160626502855095,0.00905007904326914,0.0105386204779435,0.0143890154477129
-0.00384459217325237,-0.00215375518544292,-0.00340072251885029,0.0172447893640819,0.0130075744093785,0.0152137412266118,0.0182328465796545,0.0152094157731296,0.0162928656961356,0.0170346198748486,0.0166411603952346,0.0155370015134406,0.0132812702992737,0.0166385644229941,0.00973046567536333,-0.0165634662184557,0.00793624172712782,0.00995210114792861,0.0195385510963286,0.0126461480701922,0.011724006401789,0.0189119212920966
-0.00277448608230745,-0.00157556270063612,-0.00364476303790553,0.0154666090093561,0.0118713308180103,0.0140969614668779,0.0152094157731296,0.0140922586469509,0.0138061734610648,0.0143161239572218,0.0143946413910247,0.0122857022076985,0.0108447830490305,0.0143922292307314,0.0092157245934482,-0.0142908350623897,0.00783668610051853,0.0051275476845331,0.0160600042919236,0.0090490322157752,0.0105368820767986,0.0143867861202634
-0.00373554725320676,-0.00339263235250213,-0.0063893730836472,0.0154912593635202,0.0116115923811686,0.0138075261828359,0.0162928656961356,0.0138061734610648,0.0245804013263357,0.0224580434021212,0.0269493404655129,0.0225811073159635,0.0181156439702699,0.026944412576858,0.0103652800507231,-0.0231895665134641,0.0173947359634908,0.00781124975640907,0.0216031254753934,0.0163755497442115,0.017185071506226,0.0201898448717776
-0.00232151654990493,-0.00203058848576312,-0.00443943905623474,0.0161166557473369,0.0116574393504729,0.0143188632983991,0.0170346198748486,0.0143161239572218,0.0224580434021212,0.0215614374005043,0.0241469808789229,0.0208033524288263,0.0171973894208719,0.0241429622088355,0.0105669431991,-0.0218888573075542,0.0144808146890824,0.00756131626928838,0.020615154730319,0.0157134072740382,0.0164602044889334,0.0195752403741403
-0.00438778003928132,-0.00447022263600229,-0.00758979501907458,0.0159829653377825,0.0123021143393759,0.0143959313311708,0.0166411603952346,0.0143946413910247,0.0269493404655129,0.0241469808789229,0.0303379781591625,0.024492372864281,0.0189670013597839,0.0303322978865201,0.0107724461573586,-0.0255680636408085,0.0202915240228194,0.00863768265366039,0.0221057548046729,0.0162910343632234,0.017340781176693,0.0204258512184913
-0.00166631621135884,-0.00295701542066578,-0.00325398275337481,0.0138675796630398,0.00991249176903381,0.0122862290881994,0.0155370015134406,0.0122857022076985,0.0225811073159635,0.0208033524288263,0.024492372864281,0.0216807137511256,0.016964330166754,0.0244879347912337,0.00910916035939178,-0.0214668556109597,0.0140567011780786,0.00906023575364145,0.0195793691385289,0.0154351034777311,0.0158733762445956,0.019130711046188
-0.00178619759324442,-0.00193334109812054,-0.00351616731901124,0.012322015918062,0.00850797168323561,0.0108455264757437,0.0132812702992737,0.0108447830490305,0.0181156439702699,0.0171973894208719,0.0189670013597839,0.016964330166754,0.0147651314351623,0.0189635971844849,0.0082534924917196,-0.0172762548065063,0.0119361400207765,0.00595214394359424,0.0172444289659155,0.0137985479063535,0.0143869339501994,0.016631416726301
-0.0043882922841888,-0.00447006049207337,-0.00758999909247809,0.0159804778846412,0.0123003590585027,0.0143935209031473,0.0166385644229941,0.0143922292307314,0.026944412576858,0.0241429622088355,0.0303322978865201,0.0244879347912337,0.0189635971844849,0.0303266212426543,0.0107704726318655,-0.0255636564166693,0.0202860145236132,0.00863737155399442,0.0221029185448659,0.0162879444691751,0.0173382225151324,0.0204234685367528
-3.3119236405925e-05,0.000382862626195729,-0.00200673357215514,0.0101033031238065,0.0070855173918052,0.00921864128277283,0.00973046567536333,0.0092157245934482,0.0103652800507231,0.0105669431991,0.0107724461573586,0.00910916035939178,0.0082534924917196,0.0107704726318655,0.00740913966039805,-0.0111827425053939,0.00759592250029192,-0.000287426198223353,0.0110682081135051,0.00785950251023424,0.00941546217964953,0.00926750005677082
0.000931023921038203,0.00185531958426683,0.0079134474367791,-0.015737503268254,-0.011265153097831,-0.0142923357541522,-0.0165634662184557,-0.0142908350623897,-0.0231895665134641,-0.0218888573075542,-0.0255680636408085,-0.0214668556109597,-0.0172762548065063,-0.0255636564166693,-0.0111827425053939,0.0310479410868979,-0.0225145014464886,-0.00397313965901579,-0.0232246676184991,-0.0176345909001839,-0.0202592360622913,-0.0214917292483824
-0.0231975846994504,-0.00916161981702129,-0.0276910007989938,0.00913139940293508,0.0109698377633136,0.00783582585955344,0.00793624172712782,0.00783668610051853,0.0173947359634908,0.0144808146890824,0.0202915240228194,0.0140567011780786,0.0119361400207765,0.0202860145236132,0.00759592250029192,-0.0225145014464886,0.0560045603494608,-0.000174570024308124,0.023910901968152,0.0204414198633284,0.00550072566373546,0.0194663108733057
-0.0295565379811703,-0.0182309276766276,-0.00944549107552134,0.00696622861500018,0.00936109607993586,0.00513382428485241,0.00995210114792862,0.0051275476845331,0.00781124975640907,0.00756131626928838,0.00863768265366039,0.00906023575364145,0.00595214394359424,0.00863737155399442,-0.000287426198223353,-0.00397313965901579,-0.000174570024308124,0.0494870010579752,0.0106425927794275,0.0072946461883198,-0.00152612325552752,0.0144814594491199
-0.021660442986242,-0.00512632339047758,-0.0250842850531687,0.0192861469072402,0.0175835855186188,0.0160626502855095,0.0195385510963286,0.0160600042919236,0.0216031254753934,0.020615154730319,0.0221057548046729,0.0195793691385289,0.0172444289659155,0.0221029185448659,0.0110682081135051,-0.0232246676184991,0.023910901968152,0.0106425927794275,0.0399736973961435,0.0271192022082992,0.020498179979419,0.0353743984346933
-0.0145906355458715,-0.00163806592233042,-0.012561035098591,0.012058945402946,0.010527930775426,0.00905007904326914,0.0126461480701922,0.0090490322157752,0.0163755497442115,0.0157134072740382,0.0162910343632234,0.0154351034777311,0.0137985479063535,0.0162879444691751,0.00785950251023424,-0.0176345909001839,0.0204414198633284,0.0072946461883198,0.0271192022082992,0.039422020594011,0.0199045336070483,0.0244060540061961
0.0074878937919155,0.00655509375637342,-0.0026397546586574,0.0117228030141329,0.00633223434973459,0.0105386204779435,0.011724006401789,0.0105368820767986,0.017185071506226,0.0164602044889334,0.017340781176693,0.0158733762445956,0.0143869339501994,0.0173382225151324,0.00941546217964953,-0.0202592360622913,0.00550072566373546,-0.00152612325552752,0.020498179979419,0.0199045336070483,0.0345865117744292,0.0188416427112891
-0.0177756391922125,-0.00400386615032489,-0.0202125427179926,0.0176261752299222,0.0154852663637581,0.0143890154477129,0.0189119212920966,0.0143867861202634,0.0201898448717776,0.0195752403741403,0.0204258512184913,0.019130711046188,0.016631416726301,0.0204234685367528,0.00926750005677082,-0.0214917292483824,0.0194663108733057,0.0144814594491199,0.0353743984346933,0.0244060540061961,0.0188416427112891,0.0342374106628323
