0.243304375315379,0.0073265126670987,0.000430519641664677,0.0063599710977643,-0.0183680431241137,0.00899074606493516,0.0123413301802612,-0.0289866345738102,0.00323524583831014,0.013394072735309,0.0660632181370952,0.00159715521223588,0.0045800568742674,0.00169979445575348
0.0073265126670987,0.0393478028766675,0.00417750156065965,3.15091081507437e-05,0.000601331688775284,0.0113335584054065,0.00765934330623409,0.0220557321373138,0.048379481318867,0.012102550440516,0.0223565688258909,0.00132984597982286,-0.00155527108891123,0.00032815098990987
0.000430519641664677,0.00417750156065965,0.0284773498069685,-0.000311108959317306,-0.0140504802245777,0.00896211823041823,-0.00174599525286232,0.0286720183236676,0.0245382605311499,0.00239278165382576,0.0255104124592533,0.0016458752962346,-0.00452221387262619,0.000212489437756358
0.0063599710977643,3.15091081507437e-05,-0.000311108959317306,0.032664602816823,0.0162689145340425,-0.00589012189167951,-0.00662143788100174,-0.007960052376708,0.0152177321290573,-0.000858414055601129,0.0106512442815033,-0.00149167015448475,-0.000514075392261545,0.000383010868791845
-0.0183680431241137,0.000601331688775284,-0.0140504802245777,0.0162689145340425,0.0985565449908152,0.0309186934631488,0.0099385202801809,0.0448551821761389,0.0341722564796044,-0.00417850918485187,0.00656607899595858,-0.00315155683120285,0.00424943765242379,0.00165298745122709
0.00899074606493516,0.0113335584054065,0.00896211823041823,-0.00589012189167951,0.0309186934631488,0.0586469756450215,0.00796310601993357,0.0634964660541946,-0.00805316250490268,-0.00778552380432391,0.0341224375827548,-0.00468053325474789,-0.00239979946192167,0.000204390931203368
0.0123413301802612,0.00765934330623409,-0.00174599525286232,-0.00662143788100174,0.0099385202801809,0.00796310601993358,0.0179245198412339,0.0183102163431133,0.00128269216615229,0.00568421145337356,0.00487653836821305,0.0112195065136477,0.00024594376849055,0.000115774163118973
-0.0289866345738102,0.0220557321373138,0.0286720183236676,-0.007960052376708,0.0448551821761389,0.0634964660541946,0.0183102163431133,0.285149006176769,0.072885068016109,0.0142175611551231,0.0383315541139325,0.00702393470470529,-0.000787217957326356,0.00485828074227476
0.00323524583831014,0.048379481318867,0.0245382605311499,0.0152177321290573,0.0341722564796044,-0.00805316250490268,0.00128269216615229,0.072885068016109,0.296450535348278,0.040948483913885,0.0617722074862534,0.0224002044636433,-0.00578667252635033,0.0033882733991027
0.013394072735309,0.012102550440516,0.00239278165382576,-0.000858414055601129,-0.00417850918485187,-0.00778552380432391,0.00568421145337356,0.0142175611551231,0.0409484839138849,0.01317047041974,0.00741272613522699,0.00528538301518598,-0.00026596225565066,0.000174013081721171
0.0660632181370952,0.0223565688258909,0.0255104124592533,0.0106512442815033,0.00656607899595858,0.0341224375827548,0.00487653836821305,0.0383315541139325,0.0617722074862534,0.007412726135227,0.246928596783986,0.00119625390427851,-3.60678427327619e-05,0.00111408543060199
0.00159715521223588,0.00132984597982286,0.0016458752962346,-0.00149167015448475,-0.00315155683120285,-0.00468053325474789,0.0112195065136478,0.00702393470470529,0.0224002044636433,0.00528538301518598,0.00119625390427851,0.0260331984899164,0.000182718033276432,0.00012681381307807
0.0045800568742674,-0.00155527108891123,-0.00452221387262619,-0.000514075392261545,0.00424943765242379,-0.00239979946192167,0.00024594376849055,-0.000787217957326356,-0.00578667252635034,-0.00026596225565066,-3.60678427327619e-05,0.000182718033276432,0.00561208439814531,-0.000249989585045315
0.00169979445575348,0.00032815098990987,0.000212489437756358,0.000383010868791845,0.00165298745122709,0.000204390931203368,0.000115774163118973,0.00485828074227476,0.0033882733991027,0.000174013081721171,0.00111408543060199,0.00012681381307807,-0.000249989585045315,0.000430007462777042
