NaN,NaN,0.53309,0.938025,0.505775,0.887605,0.53309,0.97689,0.47899,NaN,NaN,1,NaN,0.9333,NaN,0.95273,NaN
0.919695,NaN,0.87777,0.248745,NaN,NaN,0.75214,0.155745,0.65456,0.114515,0.578095,0.12297,NaN,NaN,0.410395,0.16534,0.328165
0.37458,0.85368,NaN,0.824415,NaN,0.801005,NaN,1,0.23077,NaN,0.61108,0.85535,0.76923,NaN,NaN,0.78261,0.619565
0.42623,NaN,0.41412,NaN,0.516395,1,0.35246,0.65574,0.32787,0.761925,0.398375,0.663935,0.483605,0.639345,0.27869,0.7459,0.467215
0.37223,0.140685,0.203105,0.29227,0.073975,0.48875,0.03106,0.68159,0.07316,0.83769,NaN,NaN,0.359385,NaN,0.549,0.877475,NaN
0.5,NaN,0.5,0.882355,NaN,0.941175,0.514705,NaN,0.514705,NaN,0.513,0.97059,0.441175,0.985295,0.52941,0.95588,NaN
0.140245,0.78049,0,0.5,NaN,0.5,0.5,0.5,NaN,1,0.55488,0.5,0.5,NaN,0.5,NaN,NaN
1,1,1,0.844195,0,0,0,0.914685,NaN,1,NaN,NaN,0.75397,0,0.3373,0,0.864155
0.47059,NaN,NaN,1,0.67647,NaN,0.70588,1,0.441175,1,NaN,NaN,NaN,1,0.67647,1,NaN
0.5,0,0,0.5,0.5,1,0,0.5,0.5,1,0.613335,0.5,NaN,0.5,NaN,0.5,0.5
NaN,NaN,1,NaN,0,0,1,NaN,1,1,0,0,1,0,NaN,NaN,0
0,1,NaN,1,0.18602,1,NaN,1,0,NaN,NaN,1,NaN,1,0,NaN,NaN
0.46602,0.91785,0.42905,0.940625,0.505975,NaN,0.5112,0.89843,0.49029,0.911915,0.48161,0.940625,0.467885,0.86968,0.49029,NaN,0.45407
0.6,0.708335,0.491665,0.658335,0.6,0.85,0.5,0.625,0.566665,0.73107,0.527195,0.7,0.516665,0.733335,0.516665,0.708335,NaN
0.09222,0.5,0.5,1,0.48,NaN,0.406665,0.5,NaN,1,0,0.5,0.5,NaN,NaN,NaN,0.45222
0.477155,NaN,NaN,0.90861,0.45255,0.85501,NaN,NaN,0.42443,0.905735,0.47589,NaN,NaN,0.878735,0.46661,0.92882,0.469245
0.845325,0.845015,0.8657,0.772365,0.8441,NaN,NaN,0.703075,0.873445,0.667005,0.91898,NaN,0.930305,0.56878,NaN,0.54524,0.931425
0.71007,0.21932,NaN,NaN,NaN,NaN,NaN,0.307585,NaN,0.33029,0.43757,0.3623,NaN,0.40019,0.37676,0.44053,NaN
0.522805,NaN,0.51515,NaN,0.59091,0.651515,0.42424,NaN,0.529645,0.73181,0.53071,0.666665,0.48485,0.70928,NaN,0.69697,0.62121
0.54573,0.83574,NaN,NaN,NaN,0.7503,NaN,0.829725,0.570395,0.802315,0.510095,0.75692,NaN,NaN,NaN,0.80686,NaN
0.5,0.5,NaN,0.5,0.5,NaN,0.5,0.5,0.5,NaN,NaN,0.5,0.5,0.5,0.5,NaN,0.5
0.385415,0.677085,0.385415,0.666665,0.541665,0.625,0.59375,0.697915,0.40625,NaN,0.44968,0.708335,0.458335,0.791665,0.34375,0.666665,0.46875
0.713575,0.771525,0.569535,NaN,0.639075,0.84437,NaN,0.75936,0.633265,0.745065,0.638435,0.73108,0.64287,0.71742,0.64662,NaN,0.64971
NaN,NaN,NaN,NaN,NaN,NaN,0.30271,NaN,0.403835,0.943965,0.342175,0.90714,NaN,0.945475,0.340715,0.847655,0.292135
0.301525,0.59351,NaN,NaN,NaN,NaN,NaN,NaN,NaN,NaN,0.65546,0.480915,NaN,NaN,0.58397,NaN,0.33206
0.43178,0.877675,0.4573,0.854435,0.36249,NaN,NaN,0.78764,NaN,0.79492,0.389275,0.7155,0.413175,0.80218,0.3791,0.780225,0.30881
0.5,0.5,NaN,0.5,0.5,0.5,0.5,0.5,NaN,1,NaN,0.5,0.5,NaN,NaN,0.5,NaN
0.523255,0.95349,0.55814,1,NaN,1,0,NaN,NaN,NaN,0.858065,0.92248,0.534885,1,0.936585,NaN,1
0.625,0.875,NaN,NaN,0.5,1,0.375,0.75,0.75,0.86972,0.63194,NaN,NaN,0.848175,0.64537,NaN,NaN
0.73251,0.658775,NaN,0.428285,NaN,0.44012,0.534475,0.515105,0.533195,0.517215,0.49407,0.497985,0.49164,NaN,NaN,0.500075,0.501625
1,1,0,1,1,NaN,1,NaN,0,1,NaN,1,NaN,NaN,1,NaN,0
NaN,1,0.705015,0.82925,0.581855,NaN,NaN,0.77223,0.58195,0.744335,0.580095,0.717405,0.57718,0.69176,0.573385,1,1
0.59722,0.732145,0.890875,NaN,NaN,0.5,0.5,0.867065,0.636905,NaN,NaN,0.5,0.5,0.5,0.5,0.5,0.5
0.755815,0.61905,0.511905,NaN,NaN,0.583335,0.36905,0.213725,0.44883,0.624445,0.244605,1,NaN,0.166665,NaN,0.63095,0.511905
NaN,0.31662,NaN,0.367615,0.454875,0.41911,NaN,0.46109,0.43628,0.489555,0.44879,0.505165,NaN,0.51112,0.47929,0.511245,0.489915
NaN,NaN,NaN,0.971145,NaN,0.964075,NaN,0.960245,0.47762,0.963475,NaN,0.95171,NaN,0.959955,0.46378,NaN,0.4629
NaN,0.5,0.5,0.5,0.5,NaN,0,0.5,0.5,1,0,0.5,NaN,0.522235,0.809405,0.5,0.5
0.16763,NaN,0.145015,NaN,0.1184,0.815405,NaN,0.779335,0.05436,0.736055,NaN,0.701515,0.081625,NaN,0.054535,0.614975,0.05421
0.472855,0.905,0.440715,0.884285,0.457855,0.92143,NaN,0.885,NaN,0.90799,0.456655,NaN,NaN,0.907145,0.475,0.910715,NaN
NaN,NaN,NaN,1,0.52075,0.999665,0.63688,1,0.30472,0.98207,NaN,NaN,0.6168,0.97289,0.389895,0.901775,0.463355
0.39189,NaN,NaN,0.81081,0.527025,NaN,NaN,0.675675,NaN,NaN,0.389185,NaN,0.384865,0.864865,NaN,0.756755,0.37838
0.51678,1,NaN,0.99888,0.54698,NaN,NaN,1,0.550335,NaN,0.543815,NaN,NaN,1,0.550335,1,0.550335
NaN,0.79106,0.33904,0.784855,0.35163,0.68473,0.263215,0.784055,NaN,0.70539,NaN,0.60633,0.32955,NaN,NaN,0.593205,NaN
0.97561,0.24501,0.92461,0.449,0.694015,0.28714,0.618625,NaN,0.90355,0.32927,NaN,0,NaN,0,NaN,0.5,0.5
NaN,0.97736,NaN,0.76629,0.72044,0.733865,NaN,NaN,NaN,0.67187,0.716105,NaN,NaN,0.617025,NaN,0.59316,0.685955
0,1,1,1,1,NaN,NaN,1,1,1,1,1,1,NaN,1,NaN,NaN
0.42857,1,NaN,1,NaN,1,NaN,0.642855,0.357145,NaN,NaN,1,0.52591,1,0.785715,NaN,0.5
0.828505,1,NaN,NaN,0.806335,1,NaN,NaN,0.84163,NaN,0.85687,0.928055,NaN,0.871945,0.928055,0.857465,NaN
0.503865,0.989505,0.508285,NaN,0.503315,0.99061,0.510495,0.985635,NaN,0.990165,0.508,0.989505,NaN,0.99282,0.510495,NaN,0.51381
0.51729,NaN,NaN,0.48763,NaN,NaN,0.498635,NaN,0.497305,0.496895,0.49707,0.49853,NaN,NaN,0.49796,NaN,0.498545
0.5,0.5,NaN,NaN,1,NaN,1,NaN,0.5,1,0,0.5,0.5,0,NaN,0,0
0.35323,1,0.032005,1,1,1,1,1,NaN,1,NaN,1,0,1,0,1,0
0.428355,NaN,0.276925,0.442955,NaN,0.51334,0.38607,NaN,0.468525,0.668685,0.44062,0.638285,0.442955,NaN,0.56648,0.560985,0.60234
NaN,0.16263,0.30949,NaN,0.185695,0.434935,0.14619,NaN,0.167895,0.69272,0.24216,NaN,0.350515,NaN,0.47031,NaN,0.583225
0.474105,0.9692,NaN,0.9881,NaN,0.989445,0.47341,0.957835,0.421625,NaN,0.465025,0.95489,0.506535,1,0.446015,0.96572,0.46556
0.20683,0.010465,NaN,0.134585,NaN,NaN,NaN,NaN,0,0.70889,0.03352,NaN,NaN,0.96785,0.32389,NaN,0.51723
0.821,0.756235,0.82462,0.699515,0.834875,0.67116,0.841715,0.618465,0.88073,0.593825,0.869425,0.54847,0.85519,0.513675,NaN,0.479885,0.847545
0.352795,0.57598,0.35474,0.547565,0.342375,0.53278,NaN,0.51502,0.37438,0.49977,NaN,0.48694,0.394355,0.476415,NaN,NaN,0.363995
0,0.57127,0.483555,0.663375,0.2807,0,NaN,0.904605,0,1,0.4693,NaN,1,0.60307,0,1,1
0.286655,NaN,NaN,0.834585,0.602445,0.92387,NaN,0.82425,0.476505,0.78418,0.447145,0.7641,NaN,0.57801,0.43891,0.723835,0.448455
0.211105,0,0.28974,0,0,NaN,NaN,0.95007,NaN,1,NaN,1,0,NaN,0.32657,1,0.674225
1,1,1,NaN,1,NaN,1,1,NaN,1,1,0,NaN,1,NaN,0.5,0.5
0.455385,0.80846,NaN,NaN,0.537865,0.81939,0.540205,0.80077,NaN,0.794015,NaN,NaN,0.62846,0.766945,NaN,NaN,0.54661
0.852215,0.641895,NaN,NaN,0.86848,0.53169,0.85642,0.417555,0.84857,0.41722,NaN,NaN,0.779025,0.326415,0.720975,0.332585,0.687325
NaN,0,NaN,NaN,0,0.5,0.5,1,0,0,1,0,0,NaN,0.5,0,1
0.55932,NaN,0.488135,0.7661,0.50339,0.857625,0.48305,NaN,0.48305,0.78631,0.50375,0.79322,0.498305,NaN,0.48644,0.750845,0.5339
NaN,0.97417,0.53019,NaN,0.54206,0.96562,0.550435,0.9726,NaN,NaN,0.524625,0.965795,0.54084,0.97033,0.499825,NaN,NaN
0.5,0,1,1,1,1,NaN,NaN,NaN,1,NaN,0.5,0.5,0.5,NaN,NaN,NaN
0.91371,0.627695,NaN,0.56856,NaN,NaN,0.944345,NaN,0.8989,0.395025,0.89002,0.334155,0.85727,0.30734,NaN,0.262905,0.779175
0,1,1,1,1,NaN,0,1,NaN,1,0,NaN,NaN,NaN,0,1,1
NaN,1,0,NaN,0.579015,NaN,NaN,1,NaN,1,0.67962,1,NaN,1,0.94214,1,NaN
0.57509,0.81864,0.610575,NaN,NaN,NaN,0.5,NaN,NaN,0.603225,0.48853,0.5,0.5,0.582975,NaN,0.45896,0.690325
0.7897,0.85515,NaN,0.86588,NaN,1,0.674355,NaN,0.760195,0.849055,0.766175,0.904505,NaN,0.71513,0.854615,NaN,0.770925
0.5,0,0.166665,0,0.03732,0,0.333335,NaN,0,0.596175,0,1,0,0.5,NaN,NaN,0.166665
0.386365,NaN,0,1,0,0.5,NaN,0.5,0.5,NaN,0.030305,NaN,0.03409,0.5,0.5,0.5,NaN
0.463105,0.828655,0.398165,NaN,0.34221,0.90426,0.34173,0.92466,0.32581,0.862645,NaN,0.86547,NaN,NaN,0.36858,0.821035,0.302565
0,0.5,0.5,NaN,0.5,1,1,0.5,NaN,1,0,0.5,NaN,1,0,0.5,NaN
NaN,0.809435,0.460375,0.879245,0.38113,0.86981,NaN,0.92453,0.42453,0.86943,NaN,0.83396,0.51132,0.932075,0.51887,0.86604,NaN
0.586435,0.821665,0.485775,0.786995,0.71264,0.7656,0.72436,0.97265,0.787745,0.72087,0.741,NaN,NaN,NaN,0.748605,NaN,0.749155
0.601065,0.975175,NaN,0.957445,0.503545,NaN,0.53546,NaN,0.579785,NaN,0.540825,NaN,NaN,0.962765,0.590425,0.962765,0.5
0.59664,0.92017,NaN,0.856425,0.53561,NaN,NaN,NaN,NaN,NaN,0.54148,NaN,0.508405,NaN,0.543785,NaN,0.544455
0.084965,NaN,NaN,0.477125,0.084965,0.97059,NaN,0,0.284315,0.871925,0.54588,0,NaN,0.591505,NaN,0.298995,NaN
NaN,NaN,NaN,0,1,1,NaN,0,1,NaN,1,0.5,NaN,1,0.75,NaN,0.5
0.276465,0.26525,NaN,NaN,0.088915,0.63192,NaN,0.77992,0.22045,0.860735,0.377835,NaN,0.547995,NaN,0.694575,0.673745,0.78828
0.47013,0.776625,0.494805,0.742855,NaN,0.745455,NaN,NaN,NaN,NaN,NaN,NaN,0.516885,0.772725,0.472725,0.794805,0.457145
0.552955,0.263205,0.469035,0.09472,0.469945,0.334015,0.26204,0.435515,0.2319,0.53579,0.240375,NaN,0.28261,0.68293,0.349715,0.714025,0.566485
0.520485,NaN,0.50704,NaN,0.4986,0.48562,0.49412,0.491225,0.492475,0.49557,0.492625,0.4986,0.49375,0.50048,0.49526,0.50145,NaN
0.22369,0.4037,NaN,0.64222,0.09752,0.823245,0.32385,0.88907,0.38338,0.85849,NaN,0.68915,0.79155,NaN,NaN,NaN,NaN
0.44328,NaN,0.421355,NaN,NaN,NaN,0.90467,0.89466,0.48141,NaN,0.37356,0.88942,0.429455,NaN,0.10915,0.40753,0.200665
NaN,0.92857,0.51242,NaN,0.508015,NaN,0.508745,NaN,NaN,0.910555,0.510165,NaN,0.54348,0.903785,0.51154,0.90044,0.512205
0,1,0,1,NaN,1,1,1,NaN,NaN,1,1,1,NaN,1,1,NaN
0.23968,0.937165,NaN,0.89508,0.200805,0.873625,NaN,NaN,NaN,0.826235,0.13413,0.80505,0.123235,NaN,0.09861,0.745975,0.083775
0.49558,NaN,NaN,NaN,0.506075,0.960775,0.4884,0.95525,0.489505,NaN,0.4612,NaN,0.41381,0.98011,0.481215,0.937015,0.418785
0.441175,0.77451,NaN,0.79412,0.40196,NaN,0.382355,0.72549,0.37255,0.762045,0.37666,0.784315,NaN,0.715685,0.392155,0.735295,0.362745
NaN,NaN,NaN,1,1,0.73305,NaN,0.95033,NaN,0.96679,0.49421,0.80791,0.33851,0.922315,NaN,0.966615,0.492875
NaN,NaN,1,1,NaN,1,0,NaN,1,NaN,0.8125,NaN,0.125,0.125,1,NaN,NaN
NaN,NaN,NaN,NaN,0.50739,NaN,NaN,NaN,NaN,0.640395,0.47537,0.470445,NaN,0.522165,0.527095,0.536945,0.445815
NaN,0.73463,0.44984,0.823625,0.574435,0.695795,0.608415,0.762135,0.47249,NaN,0.5002,0.65696,0.46602,0.745955,NaN,NaN,0.47411
1,NaN,1,1,NaN,1,1,1,NaN,1,0.75,0.5,0.5,1,0,1,NaN
NaN,0.825455,0.784885,0.782765,0.790355,0.77793,NaN,0.741555,0.77618,0.716585,0.845645,NaN,0.880735,NaN,0.83422,0.610505,NaN
0.286955,NaN,NaN,NaN,NaN,0.76623,NaN,NaN,0.43913,0.74965,NaN,0.74174,0.47776,0.82174,0.373915,0.752175,0.573915
0.50926,0.91111,0.47037,0.991075,NaN,1,NaN,NaN,0.367595,0.96074,NaN,0.894445,0.510185,0.93746,NaN,1,0.214815
NaN,0.150115,0.45072,0.211525,NaN,NaN,0.308565,NaN,NaN,NaN,NaN,NaN,0.309705,0.65504,0.384005,0.67286,0.45982
0.74809,0.658195,0.564835,NaN,0.77231,0.65637,0.77913,0.62428,NaN,0.59313,0.783025,0.563175,NaN,0.534635,NaN,0.560685,0.838695
0,1,1,NaN,0.5,NaN,NaN,0,0,1,NaN,NaN,1,0,NaN,NaN,0.5
0.442085,0.89841,0.404,NaN,0.413065,0.931285,NaN,0.942435,0.401555,NaN,0.39432,0.89273,0.38068,0.884555,0.384525,0.871615,0.38049
0.320075,0.72538,0.09659,0.5,0.5,NaN,0.5,NaN,NaN,1,NaN,0.530305,0.257575,0.58144,0.14962,0.5,0.5
0.15957,0.68926,0.131795,0.68162,NaN,0.65949,NaN,NaN,0.09183,0.568295,0.08745,0.52303,NaN,NaN,NaN,0.43084,0.095125
0.526665,NaN,0.48111,NaN,0.44237,1,0.406665,NaN,0.51778,1,NaN,0.91111,0.426665,1,NaN,1,0.27889
NaN,NaN,0.897625,0.15863,NaN,0.11296,NaN,0.07312,0.589245,0.08343,0.49321,NaN,0.403395,NaN,0.33169,0.200285,0.2515
0.469455,0.95391,NaN,NaN,0.427115,0.914255,NaN,0.950695,NaN,0.941225,0.425485,0.92176,NaN,0.94212,NaN,0.958735,NaN
0.5,0.65705,NaN,0.32372,NaN,NaN,0.096155,0.5,NaN,0.19231,0.24359,0.5,0.5,NaN,0.5,NaN,0.5
0.4466,NaN,0.502425,0.674755,0.529125,0.59466,NaN,NaN,0.424755,0.682735,NaN,0.6966,0.58738,0.63107,0.5,0.686895,NaN
0.18182,1,NaN,0.954545,NaN,1,NaN,1,0.454545,1,NaN,1,NaN,1,0.81818,0.863635,0.636365
NaN,0.50171,NaN,0.50024,0.500375,NaN,0.500095,NaN,0.50001,0.499995,0.5,0.5,NaN,0.5,0.5,NaN,0.5
0.51461,0.74079,0.57878,0.664175,0.57308,0.647475,0.57319,0.63218,0.57265,NaN,0.57157,NaN,0.580685,NaN,0.56816,0.583275,NaN
0,NaN,0,1,0,0,1,NaN,0,1,0,0,0,1,1,0.5,0.5
NaN,1,NaN,0.833335,0.458335,0.875,0.583335,NaN,0.4375,0.91898,0.527515,1,0.604165,0.854165,0.5,0.854165,NaN
0.702275,0.326135,0.563635,0.39986,0.52539,0.40682,0.68182,NaN,NaN,0.450145,0.46443,0,NaN,0.48542,0.46268,0.49737,0.46843
0.189215,0.436015,0.153565,0.749545,NaN,0.857405,0.3117,0.869285,0.47258,0.80049,0.65192,0.727605,0.80256,0.51371,0.772395,0.39214,0.752285
NaN,0.289435,0.289435,0.12686,0,NaN,0.265995,0,0.61905,NaN,0,NaN,NaN,NaN,NaN,0,0.80729
0.51336,0.79212,0.284875,1,0.81748,0.94565,0.632925,0.955165,0.333335,NaN,0.57971,NaN,0.490265,NaN,NaN,1,0.687045
NaN,0.374475,0.07173,NaN,0.06751,NaN,0.16561,0.874475,NaN,0.889685,0.539665,0.820675,0.714135,NaN,NaN,0.49789,0.847045
NaN,0.77381,0.52976,0.24085,NaN,0.261745,NaN,0.660715,NaN,0.759855,NaN,NaN,NaN,0.225545,NaN,NaN,0.220815
0.47397,0.943365,0.590675,0.99242,0.15203,0.93335,NaN,0.64302,NaN,1,0.58538,NaN,NaN,NaN,0.905035,0.909895,0.84411
0.6175,0.329065,0.65704,NaN,NaN,0.64954,0.66588,0.21,NaN,0.66095,0.357625,NaN,0.5925,0.36448,0.34386,0.702225,0.51525
0.5014,NaN,NaN,0.829805,NaN,0.82079,NaN,0.778385,NaN,NaN,NaN,0.74832,0.493745,0.75655,NaN,0.760495,0.49909
NaN,1,0.5295,1,NaN,1,NaN,1,0.38511,NaN,0.465885,1,0.541495,1,0.42903,1,NaN
0.46513,0.882655,NaN,0.884895,0.50574,0.875355,0.50616,0.88569,0.498485,0.85443,NaN,NaN,0.504245,0.83149,0.50742,NaN,0.507625
1,0.9192,1,NaN,0,0,0,NaN,1,NaN,0,0,0,NaN,NaN,1,0.668055
NaN,1,0.411805,0.99742,NaN,0.978005,0.399595,NaN,NaN,0.9364,0.391035,0.9146,NaN,0.892395,0.386175,0.86996,NaN
NaN,0.87953,0.794005,0.90322,0.79981,NaN,0.81379,0.833215,0.81971,NaN,0.847175,0.74769,NaN,0.735135,0.858445,NaN,NaN
0.51421,NaN,NaN,0.945485,0.535235,0.94215,0.538485,NaN,0.554265,NaN,0.54475,0.937985,0.54393,0.92599,0.55067,0.92129,NaN
0.5,0.5,0.5,0.5,NaN,NaN,NaN,0.5,NaN,1,0,0.5,0.5,0,1,0.5,0.5
NaN,0,0,0.5,0.5,0.5,0.5,0,NaN,NaN,NaN,1,1,0,NaN,0.5,0.5
0.473175,0.13218,NaN,0.24111,0.187785,NaN,0.130725,0.534555,0.13072,NaN,0.18852,NaN,NaN,0.806085,NaN,0.800365,0.5433
0.814335,0.118475,NaN,0.09369,0.59444,0.093415,NaN,0.123635,0.365585,0.183815,0.26781,0.26789,0.19277,0.368055,0.145825,0.455315,NaN
0.495535,0.50039,0.497385,0.499985,0.498505,NaN,0.49917,NaN,0.49955,0.499875,0.49976,NaN,NaN,0.49994,NaN,0.49996,0.49997
NaN,0.9038,NaN,NaN,0.96365,0.759665,0.52728,NaN,NaN,0.96562,NaN,0.819055,NaN,0.93068,NaN,0.38407,0
NaN,1,1,0,1,NaN,0,1,NaN,1,NaN,NaN,1,0,1,0,1
