0.00566270989742903,-0.00236792606839315,-0.00187761408307078,-0.000821233218249635,0.000413435830492222,-0.00222512927047957,-0.00256215029882209,-0.00571926663975545,0.00715435331246362,-0.000747507757072454
-0.00236792606839315,0.109113573619102,0.0727296975002368,0.0749412377834414,0.0538629617864834,0.0445304068288851,0.088227866661063,0.052733135357178,0.0564547478454063,0.021970159585409
-0.00187761408307078,0.0727296975002368,0.121039334598465,0.106566041709431,0.0869079952597469,0.0661755758607556,0.110963055812067,0.0809964229007537,0.0695969182238845,0.031558455185335
-0.000821233218249635,0.0749412377834414,0.106566041709431,0.112819921415873,0.087214580954337,0.0618976642403125,0.10420333223901,0.0750152594541663,0.0804394116387118,0.0334501257127516
0.000413435830492222,0.0538629617864834,0.0869079952597469,0.087214580954337,0.113552434464187,0.0598842307342573,0.10460268321405,0.0617034481433256,0.0737036871678938,0.0320575529572322
-0.00222512927047957,0.0445304068288851,0.0661755758607556,0.0618976642403125,0.0598842307342573,0.062487576383188,0.0644763612198116,0.0519611179725879,0.0553004994370062,0.0286373892362825
-0.00256215029882209,0.088227866661063,0.110963055812067,0.10420333223901,0.10460268321405,0.0644763612198116,0.174926938336299,0.089243881469707,0.0847319582561745,0.0326023007940173
-0.00571926663975545,0.052733135357178,0.0809964229007537,0.0750152594541663,0.0617034481433256,0.0519611179725879,0.089243881469707,0.0846105773858731,0.0640113887510254,0.0227875608865731
0.00715435331246362,0.0564547478454063,0.0695969182238845,0.0804394116387119,0.0737036871678938,0.0553004994370062,0.0847319582561745,0.0640113887510254,0.110697913174635,0.0292327637326981
-0.000747507757072454,0.021970159585409,0.0315584551853349,0.0334501257127516,0.0320575529572323,0.0286373892362825,0.0326023007940173,0.0227875608865731,0.0292327637326981,0.0387530751417836
