0.222713666666667
0.161999319444444
76.4907500470939
45.3206144201135
0.181217445945946
0.274297228571429
0.336122055555556
142.478711051203
0.283879896551724
0.34620440625
148.357365939502
110.653802870335
157.269903656972
0.312336575757576
0.368907566666667
167.224086800522
167.846075431542
0.493637096774194
0.512086194444444
0.55207134375
129.246150225989
0.536466785714286
0.665328617647059
124.996574728828
0.659495806451613
163.290016034106
145.354366226294
129.687408846879
175.955856783122
151.594037740858
0.462679289473684
163.990815255436
0.325690206896552
0.351553441860465
164.043659729362
140.805728311271
152.75708668354
124.077664620927
0.291722838709677
135.886141516508
0.315309566666667
0.302750409090909
0.288023205128205
76.1807179852874
126.60696826189
76.7554094050077
104.437738940387
0.258505222222222
0.207004846153846
77.4829248190117
0.145129774193548
0.17307511627907
0.238581048780488
0.264264297297297
0.182766566666667
70.2521090951003
0.205714882352941
0.191541555555556
61.6727644681113
73.9108721523922
