0.184808932771348,0.0499852006083061,0.231389685308646,0.0324015247776366,NaN,NaN,NaN,NaN,0.00620777798064634,NaN,NaN,0.00244233378561736,NaN,0.00410835794068558,0.0134322182258013,0.728602779809803,0.547796099220451,0.575910536003123,NaN,NaN,0.304993887541439,0.287955545245926
NaN,NaN,NaN,NaN,0.130434782608696,0.0467244701348748,NaN,NaN,0.140953076501735,0.117502054231717,NaN,NaN,NaN,0.181281294132751,NaN,NaN,NaN,NaN,NaN,0.593382993523465,0.35608496584319,0.213227070509581
NaN,NaN,0.0789376719978813,NaN,0.1699604743083,0.210982658959538,0.191318327974277,0.21078824851501,0.141409530765017,NaN,NaN,0.137042062415197,NaN,NaN,0.0556386669637457,0.420344631390718,0.777883293939769,NaN,NaN,NaN,0.334102803189511,NaN
0.395326362853084,NaN,NaN,NaN,0.130434782608696,0.161368015414258,0.162379421221865,0.161342109487879,0.126802994339967,0.114215283483977,0.160631741140216,NaN,NaN,0.1606753113365,0.0622274564726104,NaN,NaN,0.614084922272774,0.365360725357818,NaN,NaN,0.284674873868127
NaN,0.0592322687977791,NaN,NaN,0.288537549407115,0.190269749518304,NaN,0.190078664312089,NaN,NaN,0.360747303543914,0.401085481682497,0.193276667432422,NaN,NaN,NaN,0.370977714831035,NaN,NaN,0.65921763814695,0.339999056884123,NaN
NaN,0.234073302918032,NaN,NaN,0.288537549407115,0.376204238921002,0.389603429796356,0.375983303901108,0.465218185137849,NaN,NaN,0.47910447761194,0.431886055593843,NaN,0.190724766845975,NaN,NaN,NaN,0.666861388986672,NaN,NaN,0.60382993529787
0.140965931583727,NaN,0.231666033369028,NaN,0.0909090909090909,0.0472061657032755,NaN,0.0473591266655964,0.0368815044732518,NaN,NaN,NaN,NaN,0.0403132622929773,NaN,0.731325692920426,0.365683499735173,0.726747567787224,NaN,0.478617528741454,NaN,NaN
NaN,0.71057901344193,NaN,0.122935196950445,0.0909090909090909,NaN,NaN,NaN,NaN,NaN,NaN,NaN,NaN,NaN,0.0552885380526467,0.701007884255873,0.537046672624311,0.40533294024844,0.608782971035914,NaN,NaN,0.4934283015898
NaN,NaN,NaN,0.195679796696315,NaN,0.136801541425819,0.22615219721329,0.136779579386739,0.252054044184773,0.204601479046836,0.303736517719569,0.235006784260516,NaN,NaN,NaN,NaN,0.665477471003148,0.984366907563962,NaN,0.522318946285503,0.222278621342534,NaN
NaN,NaN,NaN,0.0565438373570521,NaN,NaN,NaN,NaN,0.0225488406061713,0.0172555464256368,NaN,0.0177747625508819,0.0150088061873038,0.0342791115675953,NaN,NaN,NaN,NaN,NaN,NaN,NaN,NaN
NaN,NaN,0.479089663431091,0.0660736975857687,NaN,0.0549132947976879,0.0659163987138264,0.0549044790496067,0.234891363885339,0.174198849630238,NaN,0.204341926729986,0.138678306149016,0.308191038644242,0.0529331253779801,NaN,0.815955443661758,NaN,0.430255870914108,NaN,0.463657563522413,NaN
NaN,0.263735366463558,NaN,0.031130876747141,NaN,NaN,0.0278670953912112,0.0406164713437149,NaN,NaN,0.0793528505392912,NaN,0.0368328355923118,0.0794710489151368,NaN,0.707754206291149,0.252687356649035,NaN,NaN,0.201720322633656,NaN,0.121544318059433
NaN,0.797630056033559,0.0207779197899754,0.218551461245235,0.209486166007905,0.161849710982659,0.157020364415863,NaN,0.0811575680116852,NaN,NaN,NaN,NaN,NaN,0.190533787439921,NaN,NaN,0.35212704078787,NaN,NaN,0.569013838890896,NaN
0.166004936776657,0.235579778927708,NaN,NaN,0.1699604743083,NaN,NaN,NaN,0.0767756070841702,0.0640920295809367,NaN,NaN,0.0794088368175205,0.068365643856721,NaN,0.554498902706657,0.950280110410868,0.327617666509964,NaN,NaN,0.310127196080909,0.430515628753925
0.686922199194281,0.253549302387295,NaN,0.103875476493011,0.0513833992094862,NaN,NaN,NaN,NaN,NaN,NaN,NaN,NaN,NaN,NaN,0.545517353491019,0.174851428318101,0.561098141080293,0.223337822613933,0.394911068639567,NaN,NaN
NaN,0.221317247925534,NaN,0.00952986022871664,0.0118577075098814,0.0178227360308285,NaN,NaN,0.0219098046375753,0.0180772391125719,0.025231124807396,NaN,NaN,0.0252920785723456,0.00222809307063055,0.946557750142242,NaN,0.67111941547214,NaN,0.368982416330684,NaN,0.0270717522596038
NaN,0.0366575829021097,NaN,NaN,0.209486166007905,NaN,NaN,0.0961631080430246,0.171991966404966,0.139687756778965,0.189907550077042,NaN,0.132092809556628,NaN,NaN,0.545436072502642,0.677741197113265,0.893130044700127,0.533923358235009,NaN,NaN,NaN
0.749732203153017,0.268095573450912,0.164093175354359,0.0749682337992376,0.0513833992094862,0.0284200385356455,NaN,0.0284154759993578,0.0314953441665145,0.0320460147904684,NaN,NaN,NaN,NaN,0.0196072190215488,NaN,NaN,NaN,0.442565865231543,NaN,0.668444499410108,NaN
0.177060289220595,NaN,NaN,NaN,NaN,NaN,NaN,NaN,0.00812488588643418,NaN,0.00674114021571648,NaN,NaN,NaN,NaN,0.698122409168496,0.526682237430031,NaN,0.274247494057534,0.388184656667094,0.272053341210427,NaN
0.609511445404373,NaN,NaN,NaN,0.130434782608696,NaN,NaN,NaN,NaN,NaN,0.25346687211094,0.168928086838535,NaN,0.253434330466042,NaN,NaN,0.562283442336455,NaN,NaN,0.613222307015234,NaN,0.292296635654933
NaN,0.235732876083162,NaN,0.201715374841169,NaN,NaN,NaN,NaN,0.111648712798978,0.085456039441249,NaN,0.0952510176390773,NaN,0.158685325458981,NaN,NaN,NaN,NaN,NaN,NaN,0.649131977500458,NaN
0.213672775539669,NaN,0.291955968542379,NaN,0.367588932806324,0.32514450867052,0.284565916398714,NaN,0.267664779989045,NaN,0.323574730354391,0.21763907734057,NaN,NaN,NaN,0.280297488417459,NaN,0.55856433710748,0.713248150906363,NaN,0.555432080531419,NaN
NaN,0.0113700154117803,NaN,0.169631512071156,NaN,NaN,NaN,NaN,NaN,NaN,0.25751155624037,0.172455902306649,NaN,0.257606881499551,NaN,NaN,NaN,0.814582121542911,0.512199615509298,NaN,0.360025143825171,0.447558965097302
0.179115338937661,NaN,NaN,NaN,NaN,0.15655105973025,0.111468381564845,NaN,0.157750593390542,NaN,0.198189522342065,0.113297150610583,0.0994716287617735,0.198164077545256,0.14469872998695,NaN,NaN,0.338840505804642,NaN,0.381381705870303,NaN,0.420265601829223
NaN,NaN,NaN,0.0117534942820839,0.00790513833992095,0.0221579961464354,NaN,NaN,0.0459192988862516,NaN,0.060477657935285,0.0525101763907734,NaN,0.0605982796251124,0.00748002673711685,0.730472242542469,NaN,NaN,NaN,NaN,0.257908827386662,0.0601497841881581
0.390197471066297,NaN,0.0839349660897901,0.0451080050825921,NaN,NaN,0.045016077170418,0.0436667201798041,0.0697462114296148,0.0624486442070665,NaN,NaN,NaN,NaN,0.0194798994175128,0.712387222628627,NaN,NaN,NaN,NaN,0.364102785394872,NaN
NaN,NaN,0.0529724688244845,0.0889453621346887,0.0909090909090909,0.0814065510597303,0.0868167202572347,NaN,NaN,0.464256368118324,0.641949152542373,0.499864314789688,NaN,NaN,NaN,NaN,0.799851136657948,NaN,NaN,0.660752916917106,0.704582742403024,NaN
0.709126050811541,0.266513569511212,NaN,NaN,NaN,NaN,0.10075026795284,0.12200995344357,NaN,0.0525883319638455,0.0781972265023112,0.060651289009498,0.0445669653112796,NaN,0.0176655950599994,0.618954726489474,NaN,NaN,NaN,NaN,NaN,0.276015475490237
NaN,NaN,NaN,NaN,0.0118577075098814,NaN,0.0503751339764202,0.0661422379194092,0.0982289574584627,NaN,0.140793528505393,NaN,0.0496209510682288,0.140775452561304,0.0268962663526116,0.513777127529871,0.430299056654401,0.214241890632097,0.0808269388656891,NaN,0.203962154361377,NaN
NaN,0.32526409259316,NaN,NaN,NaN,NaN,0.0112540192926045,NaN,NaN,NaN,0.0306240369799692,0.0217096336499322,0.0107971513898461,0.0306201052766722,NaN,NaN,0.825507896990301,0.242711329609651,NaN,NaN,0.269288499146747,NaN
NaN,0.326494993723017,0.957845406289221,0.0212833545108005,0.0118577075098814,0.0284200385356455,0.030010718113612,NaN,NaN,0.0460147904683648,0.086864406779661,NaN,NaN,0.0869816407754526,NaN,NaN,NaN,0.228564257428109,0.146251107178094,NaN,0.431001731418393,0.109349499200543
NaN,NaN,0.728954368026529,0.0231893265565438,0.0118577075098814,NaN,NaN,NaN,NaN,0.00328677074774034,NaN,NaN,NaN,NaN,NaN,NaN,NaN,0.668402348947834,NaN,0.376041997303132,NaN,NaN
NaN,0.122620615042306,NaN,NaN,NaN,NaN,0.20096463022508,0.278856959383529,NaN,0.322925225965489,NaN,0.251289009497965,NaN,NaN,NaN,NaN,0.598876291762817,0.626128459080659,0.378819707923752,NaN,0.309274832863851,0.292114376133944
0.569534033486249,NaN,0.645433924027312,0.0412960609911055,NaN,0.0467244701348748,NaN,0.0468775084283192,NaN,NaN,0.0614406779661017,0.0503392130257802,0.0393598284707864,0.0614327898318141,NaN,NaN,0.163119690326916,0.762296518808316,NaN,0.438569714487674,0.422972345351239,0.17814832611199
NaN,0.233028159670127,NaN,NaN,NaN,0.447013487475915,0.5010718113612,NaN,0.562716815775059,NaN,NaN,NaN,NaN,0.581461034792656,NaN,0.156750386084695,NaN,NaN,NaN,NaN,0.823704060914609,NaN
0.198326851873414,0.0949304428590384,0.278322797563531,0.254129606099111,0.288537549407115,NaN,0.323687031082529,0.191041900786643,NaN,NaN,NaN,0.535685210312076,NaN,NaN,NaN,NaN,0.47083048478584,NaN,NaN,NaN,NaN,NaN
NaN,0.0133072047521357,NaN,0.167090216010165,0.24901185770751,0.154624277456647,NaN,0.154759993578424,NaN,NaN,NaN,0.255223880597015,NaN,0.348889459494158,NaN,0.431358205315777,0.672533313422667,0.781590878305698,0.637044827536954,NaN,0.543925177101146,NaN
0.230934028828913,NaN,NaN,0.085133418043202,NaN,0.0332369942196532,NaN,NaN,0.122603615117765,NaN,0.167180277349769,NaN,0.0733593690175358,0.167223006804468,NaN,0.66044867105584,NaN,NaN,0.161376348705187,0.482104547531735,NaN,NaN
0.233553780592879,0.0986027332945488,NaN,NaN,NaN,NaN,0.437834941050375,NaN,NaN,NaN,NaN,0.42089552238806,0.341144038594073,NaN,0.374892574084095,NaN,0.894202029488008,0.275073105822172,NaN,NaN,NaN,NaN
NaN,0.0160731600273534,0.173592639929992,NaN,NaN,NaN,0.137191854233655,NaN,0.134471425963119,0.107641741988496,0.176425269645609,NaN,NaN,NaN,0.0373046439825572,0.491546777208811,0.695411135817967,0.851031449447424,0.532041404076296,0.316677134476463,NaN,NaN
NaN,0.279334945956704,NaN,NaN,0.0118577075098814,0.0414258188824663,0.0316184351554126,0.0412586289934179,0.0869088917290488,0.0657354149548069,0.107473035439137,0.0985074626865672,NaN,0.10752343047888,0.00751185663812586,0.71921482565228,0.446611025687093,0.446132761766651,NaN,0.180311963243355,0.399611098160568,NaN
0.296270637822229,NaN,NaN,0.903113087674714,NaN,NaN,NaN,0.860330711189597,NaN,0.694330320460148,NaN,NaN,NaN,NaN,NaN,0.0832317320978623,0.792830293456779,0.267467709935221,NaN,0.595127628489551,0.563925461815373,NaN
NaN,NaN,0.258650270015084,NaN,NaN,NaN,0.202036441586281,0.111414352223471,0.122238451707139,0.111750205423172,NaN,0.120624151967436,0.0941113408377364,0.14148157658236,0.0196072190215488,NaN,0.639223390677608,0.96999274917731,0.606897943265835,0.638761511776849,NaN,NaN
0.639120462007778,0.267315798605795,NaN,0.808767471410419,NaN,0.722543352601156,NaN,0.722587895328303,NaN,NaN,0.737480739599384,0.676526458616011,NaN,NaN,0.515644396345927,NaN,0.764368929093917,0.71777965466961,0.926644648761253,0.787787105009016,NaN,0.849540623161871
0.279585729921058,NaN,NaN,NaN,NaN,NaN,NaN,NaN,0.367354391090013,0.327033689400164,NaN,NaN,0.231028409525997,NaN,NaN,NaN,0.669019391900248,NaN,NaN,0.492050092409375,0.542286735698003,NaN
NaN,NaN,NaN,NaN,NaN,NaN,NaN,NaN,0.0818878948329377,0.0682004930156122,0.0930277349768875,NaN,NaN,0.0930799845936577,NaN,NaN,0.198013911022654,NaN,0.354110765359966,NaN,0.495242603213356,NaN
0.316675593228233,0.123014585055676,0,NaN,NaN,0.193159922928709,0.17524115755627,0.193128913148178,0.231057148073763,NaN,0.272149460708783,0.181275440976934,0.170763458151466,NaN,0.0806569691568259,0.480492562789564,NaN,NaN,NaN,0.343425202433935,NaN,NaN
NaN,1,0.119474478105173,NaN,NaN,0.0895953757225434,0.0916398713826367,NaN,NaN,NaN,0.0703004622496148,0.0545454545454545,NaN,0.0703556297342406,NaN,NaN,0.722976520191049,0.371991107782284,NaN,0.330998899191615,0.328599811020932,0.15754264458565
0.697145052744335,0.309556324443492,NaN,NaN,0.130434782608696,0.173410404624277,NaN,NaN,0.52683951068103,NaN,NaN,NaN,NaN,NaN,NaN,0.292896041615866,NaN,0.365182505597476,0.461882066255128,0.63626949770271,NaN,0.387682570190627
NaN,NaN,NaN,0.444726810673443,0.328063241106719,0.382947976878613,NaN,0.382886498635415,NaN,0.604765817584223,0.645030816640986,NaN,0.619419557393369,0.644948003594813,NaN,NaN,0.711744104381669,0.873393464698055,0.843853853034007,NaN,NaN,NaN
NaN,NaN,0.121886766382258,0.0505082592121982,NaN,0.0375722543352601,NaN,0.0377267619200514,0.0210881869636662,NaN,0.0196456086286595,0.0204884667571235,NaN,0.0197714725895494,0.020307476843747,NaN,0.697028099705773,NaN,NaN,NaN,NaN,NaN
0.283142770649465,NaN,0.0030398286642026,0.239834815756036,0.24901185770751,0.211464354527938,0.19882100750268,0.211269866752288,0.196914369180208,NaN,NaN,0.161329715061058,NaN,NaN,0.0825667632173664,0.468910021945867,0.563634412164795,NaN,NaN,0.448846177223397,NaN,0.376341057270912
0.376737768670097,0.150410810700471,NaN,0.182337992376112,NaN,0.142581888246628,0.182207931404073,0.142558998234066,NaN,NaN,0.38828967642527,NaN,NaN,NaN,NaN,0.35922132813135,0.953724033496585,0.578412468227851,NaN,NaN,0.749920813855618,0.6894587720679
NaN,0.124768057809486,NaN,0.0638500635324015,0.0513833992094862,0.0640655105973025,0.0562700964630225,0.0638946861454487,0.211612196457915,0.162695152013147,NaN,NaN,0.141817903361666,NaN,NaN,0.538567828984801,0.444991728518063,0.523397847063417,0.310598914870548,NaN,0.409748704105401,NaN
NaN,0.0610816824356737,NaN,0.121664548919949,0.209486166007905,NaN,0.128617363344051,0.108524642799807,0.103980281175826,0.0870994248151191,NaN,0.0959294436906377,0.0764223906884141,NaN,0.0319890505140529,NaN,NaN,0.794024844027633,NaN,0.723730862479993,0.400034165707239,NaN
NaN,NaN,NaN,0.182337992376112,NaN,0.15028901734104,NaN,0.150264890030503,0.0643600511228775,0.0649137222678718,0.0545069337442219,NaN,0.0595757714985834,NaN,0.0545246204284305,0.62545720555962,0.32984896670641,0.630251866489247,NaN,0.483131068234362,NaN,0.355037404624421
0.663280394942132,NaN,NaN,0.00381194409148665,0.00790513833992095,0.0120423892100193,NaN,NaN,NaN,0,0.00269645608628659,0.00488466757123474,0,NaN,NaN,NaN,NaN,0.66871309849167,0.0486805800013127,NaN,0.0539720303861258,0.0240292609376424
0.302773443867452,NaN,0.00889495319354728,0.206162642947903,0.209486166007905,0.174373795761079,0.186495176848875,0.174185262481939,0.204856673361329,NaN,0.264830508474576,NaN,NaN,0.264860700988574,0.0674157303370786,0.451881654880923,0.474983725363467,NaN,NaN,NaN,NaN,0.376152584357162
0.578674056307198,0.204494932484154,NaN,0.0470139771283354,0.0513833992094862,0.0481695568400771,NaN,NaN,0.0647252145335037,0.0542317173377157,0.0720338983050847,0.0587516960651289,0.0495443755264568,0.0721530363332906,0.00636598020180157,NaN,0.327179692986857,0.733217532648622,NaN,NaN,NaN,NaN
NaN,0.255643671473917,0.346206547146131,0.111817026683609,NaN,0.105491329479769,0.117899249732047,0.105634933376144,NaN,0.406737880032868,0.619414483821264,NaN,NaN,0.619334959558352,0.151478498901868,NaN,NaN,NaN,NaN,NaN,0.762172422935866,0.365407557142502
0.912005449083669,0.347152903232391,NaN,NaN,0.0513833992094862,0.101637764932563,0.0777063236870311,0.1016214480655,0.0860872740551397,0.0788824979457683,0.121147919876733,0.0747625508819539,NaN,0.121260752343048,NaN,NaN,0.621217459476739,NaN,0.119415948752412,0.371019699742694,NaN,0.107038117093458
0.477580746571036,NaN,NaN,0.128017789072427,NaN,NaN,0.094855305466238,0.0789853909134693,NaN,NaN,0.242295839753467,NaN,NaN,0.242328925407626,NaN,0.410428350808746,NaN,NaN,0.572801649191378,NaN,NaN,NaN
0.186037305265119,NaN,NaN,0.10292249047014,0.130434782608696,0.0968208092485549,0.0782422293676313,0.0969658051051533,NaN,NaN,0.0477657935285054,0.033921302578019,NaN,0.0478880472461163,0.0491771970589171,0.630252783873852,NaN,NaN,NaN,NaN,NaN,NaN
0.157458724355541,NaN,0.248471449791012,NaN,NaN,0.0443159922928709,0.0573419078242229,NaN,0.0501186781084535,NaN,0.0687596302003082,0.0492537313432836,0.0317022742935906,0.0688149955064835,0.0106948467390266,0.713809639925222,0.348641213679561,0.744894544353521,0.361276799857095,0.431462859535499,0.245374728409319,0.288980755051488
NaN,0.196374659358829,NaN,0.106099110546379,NaN,0.102119460500963,0.0862808145766345,NaN,NaN,NaN,NaN,NaN,NaN,0.0652201823083836,NaN,0.700520198325612,NaN,NaN,NaN,NaN,0.237858272816731,0.187857787866487
0.34788556924295,0.123863763944599,NaN,NaN,NaN,0.192196531791907,NaN,NaN,0.408435274785467,0.338537387017255,NaN,NaN,NaN,0.558865066118886,0.0753095457873126,NaN,NaN,NaN,NaN,NaN,NaN,NaN
0.152650024451016,0.0502832297375915,0.147644708510369,0.153430749682338,NaN,0.14354527938343,0.132904608788853,NaN,0.246850465583349,NaN,0.271379044684129,NaN,NaN,NaN,0.0840945984657988,NaN,1,NaN,0.440276928767972,NaN,0.438371826103668,NaN
0.282892438814242,0.11782561213346,NaN,0.039707750952986,NaN,0.0240847784200385,0.0326902465166131,0.0242414512762883,0.027843710060252,0.0221857025472473,NaN,NaN,NaN,NaN,NaN,NaN,0.476059368007448,NaN,NaN,NaN,0.27492272677933,NaN
0.370386326060126,NaN,NaN,0.0797331639135959,0.0909090909090909,0.0751445086705202,0.0723472668810289,0.0751324450152513,NaN,NaN,0.76386748844376,NaN,NaN,0.763769418410579,0.0507050323073495,0.456108266276518,NaN,0.55806634104364,0.280871488150415,NaN,NaN,0.185533978973879
0.35719442051091,0.118850342427304,0.39225304270729,NaN,0.0513833992094862,NaN,0.022508038585209,0.0232782148017338,0.035786014241373,0.0336894001643385,NaN,0.0336499321573948,NaN,0.0394787520862755,NaN,NaN,NaN,0.580432340262783,0.174939291655525,0.459244201621272,0.254062960992371,0.141539015964277
NaN,0.0494258856670443,NaN,0.224269377382465,0.288537549407115,NaN,0.239549839228296,0.158773478889067,NaN,NaN,NaN,NaN,0.132858564974347,0.257029143664142,0.0354903396250438,0.500934731366333,NaN,NaN,NaN,0.485015273997735,NaN,NaN
0.130254057704399,0.0417771517805199,NaN,NaN,0.1699604743083,NaN,0.105573419078242,NaN,NaN,NaN,0.159668721109399,0.0880597014925373,NaN,NaN,NaN,NaN,0.482858549492395,0.928005705042907,NaN,0.695152616164549,0.195209416211272,NaN
NaN,NaN,NaN,0.12579415501906,0.0909090909090909,NaN,NaN,NaN,NaN,NaN,NaN,0.147489823609227,0.0888276284554713,0.221337784054436,0.0555431772607187,0.43509713078111,0.408566875339784,NaN,0.319955530267569,0.276955735796983,0.605473719987117,NaN
NaN,0.243230554109638,0.71473395741937,NaN,0.130434782608696,NaN,0.210610932475884,NaN,NaN,NaN,0.158320493066256,0.123880597014925,0.080251167777012,0.158364359994865,NaN,0.522799317239698,0.565370373394994,0.588842497788897,NaN,NaN,NaN,NaN
NaN,NaN,NaN,NaN,0.0118577075098814,0.0515414258188825,NaN,NaN,NaN,0.0493015612161052,NaN,0.0685210312075984,0.0352247492151007,0.0823597380921813,NaN,NaN,0,NaN,NaN,0.0279479265857606,0.478202901593866,0.101475059441457
0.157121067461519,NaN,0.24368141674439,0.143265565438374,NaN,NaN,0.127009646302251,NaN,0.211703487310572,NaN,NaN,0.156309362279512,0.169385098399571,0.229105148286044,NaN,0.444891489880517,NaN,NaN,NaN,NaN,NaN,0.401265046766136
NaN,0.0794533410902559,0.292871371492395,NaN,NaN,NaN,0.766345123258307,1,NaN,0.66228430566968,0.944337442218798,NaN,0.419404242285014,NaN,1,NaN,0.967679388493657,NaN,0.771013602899898,NaN,0.697450206150895,NaN
0.168205528258389,NaN,0.237083606802768,NaN,NaN,0.0568400770712909,NaN,0.0568309519987157,NaN,0.0706655710764174,NaN,0.0886024423337856,0.0941879163795084,NaN,NaN,NaN,0.80952025404766,NaN,0.424142819510489,0.417141094820348,0.268672804630877,0.354546546596303
