0.0236510759440381,0,0,0,0,0,0,0,0,0,0,0,0,0,0,0,0,0,0,0,0,0,0,0,0,0,0,0,0,0,0,0,0,0,0,0,0,0,0,0,0,0,0,0,0,0,0,0,0,0,0,0,0,0,0,0,0,0,0,0
0,1544.45721267336,0,0,313.813455222428,0,0,0,-210.380406861304,-166.196332433726,0,0,0,253.641805628075,63.9833331451642,-680.057183630487,-65.5597725075161,0,0,580.127098304697,0,680.348661729184,0,0,0,0,296.981154647272,0,-161.174675328353,-391.200611443528,0,0,0,1212.77799147271,0,0,0,0,0,0,0,0,0,515.806563246024,0,0,0,0,0,-15.9016715898752,0,135.252256348471,353.622480321325,0,0,159.228106362776,0,289.893850953593,0,0
0,0,0.00612149345203698,0,0,0,0,0,0,0,0,0,0,0,0,0,0,0,0,0,0,0,0,0,0,0,0,0,0,0,0,0,0,0,0,0,0,0,0,0,0,0,0,0,0,0,0,0,0,0,0,0,0,0,0,0,0,0,0,0
0,0,0,0.0034221912098016,0,0,0,0,0,0,0,0,0,0,0,0,0,0,0,0,0,0,0,0,0,0,0,0,0,0,0,0,0,0,0,0,0,0,0,0,0,0,0,0,0,0,0,0,0,0,0,0,0,0,0,0,0,0,0,0
0,313.813455222428,0,0,3920.52296886428,0,0,0,61.96219212291,151.987927016645,0,0,0,527.46203117328,246.435680211553,-458.652209863222,1356.5758352671,0,0,2355.17107771335,0,-1475.90191708492,0,0,0,0,112.181141316806,0,638.114191123107,-878.655898923067,0,0,0,-545.003123377272,0,0,0,0,0,0,0,0,0,620.301238071972,0,0,0,0,0,-361.479952122468,0,261.896711667418,368.045497374271,0,0,160.712530254723,0,132.287716597783,0,0
0,0,0,0,0,0.0173118304305142,0,0,0,0,0,0,0,0,0,0,0,0,0,0,0,0,0,0,0,0,0,0,0,0,0,0,0,0,0,0,0,0,0,0,0,0,0,0,0,0,0,0,0,0,0,0,0,0,0,0,0,0,0,0
0,0,0,0,0,0,0.0206461208548499,0,0,0,0,0,0,0,0,0,0,0,0,0,0,0,0,0,0,0,0,0,0,0,0,0,0,0,0,0,0,0,0,0,0,0,0,0,0,0,0,0,0,0,0,0,0,0,0,0,0,0,0,0
0,0,0,0,0,0,0,0.031122831705585,0,0,0,0,0,0,0,0,0,0,0,0,0,0,0,0,0,0,0,0,0,0,0,0,0,0,0,0,0,0,0,0,0,0,0,0,0,0,0,0,0,0,0,0,0,0,0,0,0,0,0,0
0,-210.380406861303,0,0,61.96219212291,0,0,0,5934.55656574798,399.228863441978,0,0,0,-652.732224385151,-181.71127600927,-756.823696330987,-451.355134867358,0,0,90.6919763122507,0,154.129775924571,0,0,0,0,-194.591918078692,0,-1402.20542379288,386.30952528799,0,0,0,25.48747308178,0,0,0,0,0,0,0,0,0,297.877889145584,0,0,0,0,0,34.3482371203281,0,-148.743635735406,364.110031961943,0,0,106.905024127021,0,606.561876875201,0,0
0,-166.196332433726,0,0,151.987927016645,0,0,0,399.228863441978,6092.75581954671,0,0,0,-583.892147401513,274.452981170747,-600.684354256402,617.067261454844,0,0,-832.776355774343,0,365.436238321486,0,0,0,0,401.144080913275,0,1938.19378793837,550.115990483464,0,0,0,-359.09432649168,0,0,0,0,0,0,0,0,0,-296.203193776771,0,0,0,0,0,-856.303693878722,0,-11.9505637146416,476.766581480897,0,0,175.954409932255,0,-185.078039233477,0,0
0,0,0,0,0,0,0,0,0,0,0.0147050969732544,0,0,0,0,0,0,0,0,0,0,0,0,0,0,0,0,0,0,0,0,0,0,0,0,0,0,0,0,0,0,0,0,0,0,0,0,0,0,0,0,0,0,0,0,0,0,0,0,0
0,0,0,0,0,0,0,0,0,0,0,0.0384431349270759,0,0,0,0,0,0,0,0,0,0,0,0,0,0,0,0,0,0,0,0,0,0,0,0,0,0,0,0,0,0,0,0,0,0,0,0,0,0,0,0,0,0,0,0,0,0,0,0
0,0,0,0,0,0,0,0,0,0,0,0,0.057248643470654,0,0,0,0,0,0,0,0,0,0,0,0,0,0,0,0,0,0,0,0,0,0,0,0,0,0,0,0,0,0,0,0,0,0,0,0,0,0,0,0,0,0,0,0,0,0,0
0,253.641805628075,0,0,527.46203117328,0,0,0,-652.732224385151,-583.892147401513,0,0,0,4374.9437688398,-201.126815521649,239.881668092404,1996.36237894385,0,0,-439.174487955162,0,1147.06481631624,0,0,0,0,54.5248562241637,0,188.574502640127,46.8370790831312,0,0,0,316.898443704348,0,0,0,0,0,0,0,0,0,-64.1342797903088,0,0,0,0,0,257.027125644296,0,-436.003566997949,591.525044696278,0,0,-326.579862024026,0,486.991630620471,0,0
0,63.9833331451642,0,0,246.435680211553,0,0,0,-181.71127600927,274.452981170747,0,0,0,-201.126815521649,6138.33512094842,642.784921131564,740.18782513475,0,0,978.347472176386,0,-1648.7683040819,0,0,0,0,-546.5943797732,0,-519.503676494822,-514.831735558041,0,0,0,256.834426872308,0,0,0,0,0,0,0,0,0,173.945677523398,0,0,0,0,0,-120.365657110827,0,512.390596952258,587.221071499843,0,0,-448.812314043594,0,-108.0402805648,0,0
0,-680.057183630487,0,0,-458.652209863222,0,0,0,-756.823696330987,-600.684354256402,0,0,0,239.881668092404,642.784921131564,14717.7051552656,-134.477683567533,0,0,-937.36941352586,0,2429.59180331539,0,0,0,0,345.815900818956,0,2349.55129811261,2831.2545950516,0,0,0,-131.199952982153,0,0,0,0,0,0,0,0,0,296.946774374959,0,0,0,0,0,1911.38213516185,0,3636.34701877671,-50.2857713418447,0,0,-626.432582441592,0,1272.74010211016,0,0
0,-65.5597725075161,0,0,1356.5758352671,0,0,0,-451.355134867358,617.067261454844,0,0,0,1996.36237894385,740.18782513475,-134.477683567533,9905.86009497641,0,0,210.086757666719,0,-1601.66820422383,0,0,0,0,-1575.71423032131,0,-807.445181687855,-182.514532215216,0,0,0,452.700963246405,0,0,0,0,0,0,0,0,0,-473.610389116914,0,0,0,0,0,892.392776217275,0,-995.142411661313,1094.35803955165,0,0,-791.577375110121,0,394.854652487414,0,0
0,0,0,0,0,0,0,0,0,0,0,0,0,0,0,0,0,0.0525611545207757,0,0,0,0,0,0,0,0,0,0,0,0,0,0,0,0,0,0,0,0,0,0,0,0,0,0,0,0,0,0,0,0,0,0,0,0,0,0,0,0,0,0
0,0,0,0,0,0,0,0,0,0,0,0,0,0,0,0,0,0,0.0685062002,0,0,0,0,0,0,0,0,0,0,0,0,0,0,0,0,0,0,0,0,0,0,0,0,0,0,0,0,0,0,0,0,0,0,0,0,0,0,0,0,0
0,580.127098304697,0,0,2355.17107771335,0,0,0,90.6919763122507,-832.776355774343,0,0,0,-439.174487955162,978.347472176386,-937.36941352586,210.086757666719,0,0,14812.9110791738,0,-293.144891522634,0,0,0,0,1427.48338625967,0,-1104.65800852415,-1034.65358952941,0,0,0,212.699082206394,0,0,0,0,0,0,0,0,0,1767.50698850474,0,0,0,0,0,189.817548133274,0,572.169217082745,-201.728664112117,0,0,629.030932347947,0,630.206905987087,0,0
0,0,0,0,0,0,0,0,0,0,0,0,0,0,0,0,0,0,0,0,0.0596937778905324,0,0,0,0,0,0,0,0,0,0,0,0,0,0,0,0,0,0,0,0,0,0,0,0,0,0,0,0,0,0,0,0,0,0,0,0,0,0,0
0,680.348661729184,0,0,-1475.90191708492,0,0,0,154.129775924571,365.436238321486,0,0,0,1147.06481631624,-1648.7683040819,2429.59180331539,-1601.66820422383,0,0,-293.144891522634,0,16720.7593920751,0,0,0,0,-187.064980392826,0,-483.179805726709,-1242.896895405,0,0,0,1488.02655804551,0,0,0,0,0,0,0,0,0,160.332381674211,0,0,0,0,0,402.585144327336,0,1680.36570449984,-1657.42003490259,0,0,-1062.37446837474,0,2212.71868141871,0,0
0,0,0,0,0,0,0,0,0,0,0,0,0,0,0,0,0,0,0,0,0,0,0.0969105685963129,0,0,0,0,0,0,0,0,0,0,0,0,0,0,0,0,0,0,0,0,0,0,0,0,0,0,0,0,0,0,0,0,0,0,0,0,0
0,0,0,0,0,0,0,0,0,0,0,0,0,0,0,0,0,0,0,0,0,0,0,0.0435876297025665,0,0,0,0,0,0,0,0,0,0,0,0,0,0,0,0,0,0,0,0,0,0,0,0,0,0,0,0,0,0,0,0,0,0,0,0
0,0,0,0,0,0,0,0,0,0,0,0,0,0,0,0,0,0,0,0,0,0,0,0,0.0610502850084763,0,0,0,0,0,0,0,0,0,0,0,0,0,0,0,0,0,0,0,0,0,0,0,0,0,0,0,0,0,0,0,0,0,0,0
0,0,0,0,0,0,0,0,0,0,0,0,0,0,0,0,0,0,0,0,0,0,0,0,0,0.0506489925150827,0,0,0,0,0,0,0,0,0,0,0,0,0,0,0,0,0,0,0,0,0,0,0,0,0,0,0,0,0,0,0,0,0,0
0,296.981154647272,0,0,112.181141316806,0,0,0,-194.591918078692,401.144080913275,0,0,0,54.5248562241637,-546.5943797732,345.815900818956,-1575.71423032131,0,0,1427.48338625967,0,-187.064980392826,0,0,0,0,8780.5696107816,0,1376.02501380718,357.042194795633,0,0,0,2771.04022435888,0,0,0,0,0,0,0,0,0,848.289484134591,0,0,0,0,0,138.785269043331,0,-31.2840349322731,1022.1363298127,0,0,318.946379961583,0,126.322160179124,0,0
0,0,0,0,0,0,0,0,0,0,0,0,0,0,0,0,0,0,0,0,0,0,0,0,0,0,0,0.0443082735727502,0,0,0,0,0,0,0,0,0,0,0,0,0,0,0,0,0,0,0,0,0,0,0,0,0,0,0,0,0,0,0,0
0,-161.174675328353,0,0,638.114191123107,0,0,0,-1402.20542379288,1938.19378793837,0,0,0,188.574502640127,-519.503676494822,2349.55129811261,-807.445181687855,0,0,-1104.65800852415,0,-483.179805726709,0,0,0,0,1376.02501380718,0,15621.759740453,641.753178664159,0,0,0,-828.16970783425,0,0,0,0,0,0,0,0,0,-382.432263250885,0,0,0,0,0,-107.337389457901,0,1042.99778791753,-675.336710245019,0,0,-335.124784000869,0,350.865430448274,0,0
0,-391.200611443528,0,0,-878.655898923067,0,0,0,386.30952528799,550.115990483465,0,0,0,46.8370790831312,-514.831735558041,2831.2545950516,-182.514532215216,0,0,-1034.65358952941,0,-1242.896895405,0,0,0,0,357.042194795633,0,641.753178664159,9247.5307709403,0,0,0,964.144032195904,0,0,0,0,0,0,0,0,0,-1670.54414041108,0,0,0,0,0,196.181157376063,0,1084.72352651089,-989.576286853485,0,0,-595.83472041606,0,-166.115123184892,0,0
0,0,0,0,0,0,0,0,0,0,0,0,0,0,0,0,0,0,0,0,0,0,0,0,0,0,0,0,0,0,0.0734354293701599,0,0,0,0,0,0,0,0,0,0,0,0,0,0,0,0,0,0,0,0,0,0,0,0,0,0,0,0,0
0,0,0,0,0,0,0,0,0,0,0,0,0,0,0,0,0,0,0,0,0,0,0,0,0,0,0,0,0,0,0,0.0596259729066859,0,0,0,0,0,0,0,0,0,0,0,0,0,0,0,0,0,0,0,0,0,0,0,0,0,0,0,0
0,0,0,0,0,0,0,0,0,0,0,0,0,0,0,0,0,0,0,0,0,0,0,0,0,0,0,0,0,0,0,0,0.0469233460835147,0,0,0,0,0,0,0,0,0,0,0,0,0,0,0,0,0,0,0,0,0,0,0,0,0,0,0
0,1212.77799147271,0,0,-545.003123377272,0,0,0,25.48747308178,-359.09432649168,0,0,0,316.898443704348,256.834426872308,-131.199952982153,452.700963246405,0,0,212.699082206394,0,1488.02655804551,0,0,0,0,2771.04022435888,0,-828.16970783425,964.144032195904,0,0,0,10359.088565072,0,0,0,0,0,0,0,0,0,1041.91775375188,0,0,0,0,0,1845.11120559225,0,-470.286937262154,690.75109793896,0,0,812.086912548809,0,824.197794596819,0,0
0,0,0,0,0,0,0,0,0,0,0,0,0,0,0,0,0,0,0,0,0,0,0,0,0,0,0,0,0,0,0,0,0,0,0.0608767375930304,0,0,0,0,0,0,0,0,0,0,0,0,0,0,0,0,0,0,0,0,0,0,0,0,0
0,0,0,0,0,0,0,0,0,0,0,0,0,0,0,0,0,0,0,0,0,0,0,0,0,0,0,0,0,0,0,0,0,0,0,0.0587537214417119,0,0,0,0,0,0,0,0,0,0,0,0,0,0,0,0,0,0,0,0,0,0,0,0
0,0,0,0,0,0,0,0,0,0,0,0,0,0,0,0,0,0,0,0,0,0,0,0,0,0,0,0,0,0,0,0,0,0,0,0,0.0614059642361875,0,0,0,0,0,0,0,0,0,0,0,0,0,0,0,0,0,0,0,0,0,0,0
0,0,0,0,0,0,0,0,0,0,0,0,0,0,0,0,0,0,0,0,0,0,0,0,0,0,0,0,0,0,0,0,0,0,0,0,0,0.0380967421807515,0,0,0,0,0,0,0,0,0,0,0,0,0,0,0,0,0,0,0,0,0,0
0,0,0,0,0,0,0,0,0,0,0,0,0,0,0,0,0,0,0,0,0,0,0,0,0,0,0,0,0,0,0,0,0,0,0,0,0,0,0.0573316915806592,0,0,0,0,0,0,0,0,0,0,0,0,0,0,0,0,0,0,0,0,0
0,0,0,0,0,0,0,0,0,0,0,0,0,0,0,0,0,0,0,0,0,0,0,0,0,0,0,0,0,0,0,0,0,0,0,0,0,0,0,0.0235959000229025,0,0,0,0,0,0,0,0,0,0,0,0,0,0,0,0,0,0,0,0
0,0,0,0,0,0,0,0,0,0,0,0,0,0,0,0,0,0,0,0,0,0,0,0,0,0,0,0,0,0,0,0,0,0,0,0,0,0,0,0,0.0267261825223251,0,0,0,0,0,0,0,0,0,0,0,0,0,0,0,0,0,0,0
0,0,0,0,0,0,0,0,0,0,0,0,0,0,0,0,0,0,0,0,0,0,0,0,0,0,0,0,0,0,0,0,0,0,0,0,0,0,0,0,0,0.020392948232,0,0,0,0,0,0,0,0,0,0,0,0,0,0,0,0,0,0
0,0,0,0,0,0,0,0,0,0,0,0,0,0,0,0,0,0,0,0,0,0,0,0,0,0,0,0,0,0,0,0,0,0,0,0,0,0,0,0,0,0,0.0200876943571082,0,0,0,0,0,0,0,0,0,0,0,0,0,0,0,0,0
0,515.806563246024,0,0,620.301238071972,0,0,0,297.877889145584,-296.203193776771,0,0,0,-64.1342797903088,173.945677523398,296.946774374959,-473.610389116914,0,0,1767.50698850474,0,160.332381674211,0,0,0,0,848.289484134591,0,-382.432263250886,-1670.54414041108,0,0,0,1041.91775375188,0,0,0,0,0,0,0,0,0,6539.88367840166,0,0,0,0,0,705.432430501821,0,-940.11896518504,72.3561285982925,0,0,-120.35421233675,0,1238.20263501878,0,0
0,0,0,0,0,0,0,0,0,0,0,0,0,0,0,0,0,0,0,0,0,0,0,0,0,0,0,0,0,0,0,0,0,0,0,0,0,0,0,0,0,0,0,0,0.0447145324573298,0,0,0,0,0,0,0,0,0,0,0,0,0,0,0
0,0,0,0,0,0,0,0,0,0,0,0,0,0,0,0,0,0,0,0,0,0,0,0,0,0,0,0,0,0,0,0,0,0,0,0,0,0,0,0,0,0,0,0,0,0.0208679826964444,0,0,0,0,0,0,0,0,0,0,0,0,0,0
0,0,0,0,0,0,0,0,0,0,0,0,0,0,0,0,0,0,0,0,0,0,0,0,0,0,0,0,0,0,0,0,0,0,0,0,0,0,0,0,0,0,0,0,0,0,0.04431718382805,0,0,0,0,0,0,0,0,0,0,0,0,0
0,0,0,0,0,0,0,0,0,0,0,0,0,0,0,0,0,0,0,0,0,0,0,0,0,0,0,0,0,0,0,0,0,0,0,0,0,0,0,0,0,0,0,0,0,0,0,0.0378742955356,0,0,0,0,0,0,0,0,0,0,0,0
0,0,0,0,0,0,0,0,0,0,0,0,0,0,0,0,0,0,0,0,0,0,0,0,0,0,0,0,0,0,0,0,0,0,0,0,0,0,0,0,0,0,0,0,0,0,0,0,0.0283333999057824,0,0,0,0,0,0,0,0,0,0,0
0,-15.9016715898752,0,0,-361.479952122468,0,0,0,34.3482371203281,-856.303693878722,0,0,0,257.027125644296,-120.365657110827,1911.38213516185,892.392776217275,0,0,189.817548133274,0,402.585144327336,0,0,0,0,138.785269043331,0,-107.337389457901,196.181157376063,0,0,0,1845.11120559225,0,0,0,0,0,0,0,0,0,705.432430501821,0,0,0,0,0,4943.03759665624,0,1093.17494017413,736.83409712698,0,0,134.901015305426,0,874.672226858127,0,0
0,0,0,0,0,0,0,0,0,0,0,0,0,0,0,0,0,0,0,0,0,0,0,0,0,0,0,0,0,0,0,0,0,0,0,0,0,0,0,0,0,0,0,0,0,0,0,0,0,0,0.0341454039922661,0,0,0,0,0,0,0,0,0
0,135.252256348471,0,0,261.896711667418,0,0,0,-148.743635735406,-11.9505637146416,0,0,0,-436.003566997949,512.390596952258,3636.34701877671,-995.142411661313,0,0,572.169217082745,0,1680.36570449984,0,0,0,0,-31.2840349322731,0,1042.99778791753,1084.72352651089,0,0,0,-470.286937262154,0,0,0,0,0,0,0,0,0,-940.11896518504,0,0,0,0,0,1093.17494017413,0,8043.86482981365,-373.549954722172,0,0,579.798527729294,0,661.415801099679,0,0
0,353.622480321325,0,0,368.045497374271,0,0,0,364.110031961943,476.766581480897,0,0,0,591.525044696278,587.221071499843,-50.2857713418447,1094.35803955165,0,0,-201.728664112117,0,-1657.42003490259,0,0,0,0,1022.1363298127,0,-675.336710245019,-989.576286853485,0,0,0,690.751097938959,0,0,0,0,0,0,0,0,0,72.3561285982925,0,0,0,0,0,736.83409712698,0,-373.549954722172,4937.17958150566,0,0,379.79355725564,0,-107.997637390569,0,0
0,0,0,0,0,0,0,0,0,0,0,0,0,0,0,0,0,0,0,0,0,0,0,0,0,0,0,0,0,0,0,0,0,0,0,0,0,0,0,0,0,0,0,0,0,0,0,0,0,0,0,0,0,0.0579838059262222,0,0,0,0,0,0
0,0,0,0,0,0,0,0,0,0,0,0,0,0,0,0,0,0,0,0,0,0,0,0,0,0,0,0,0,0,0,0,0,0,0,0,0,0,0,0,0,0,0,0,0,0,0,0,0,0,0,0,0,0,0.0277681500468015,0,0,0,0,0
0,159.228106362776,0,0,160.712530254723,0,0,0,106.905024127021,175.954409932255,0,0,0,-326.579862024026,-448.812314043594,-626.432582441592,-791.577375110121,0,0,629.030932347947,0,-1062.37446837474,0,0,0,0,318.946379961583,0,-335.124784000869,-595.83472041606,0,0,0,812.086912548809,0,0,0,0,0,0,0,0,0,-120.35421233675,0,0,0,0,0,134.901015305426,0,579.798527729294,379.79355725564,0,0,2535.1870596572,0,315.044796545262,0,0
0,0,0,0,0,0,0,0,0,0,0,0,0,0,0,0,0,0,0,0,0,0,0,0,0,0,0,0,0,0,0,0,0,0,0,0,0,0,0,0,0,0,0,0,0,0,0,0,0,0,0,0,0,0,0,0,0.0230434050201997,0,0,0
0,289.893850953593,0,0,132.287716597783,0,0,0,606.561876875201,-185.078039233477,0,0,0,486.991630620471,-108.0402805648,1272.74010211016,394.854652487414,0,0,630.206905987087,0,2212.71868141871,0,0,0,0,126.322160179124,0,350.865430448274,-166.115123184892,0,0,0,824.197794596819,0,0,0,0,0,0,0,0,0,1238.20263501878,0,0,0,0,0,874.672226858127,0,661.415801099679,-107.997637390569,0,0,315.044796545262,0,4019.03967144753,0,0
0,0,0,0,0,0,0,0,0,0,0,0,0,0,0,0,0,0,0,0,0,0,0,0,0,0,0,0,0,0,0,0,0,0,0,0,0,0,0,0,0,0,0,0,0,0,0,0,0,0,0,0,0,0,0,0,0,0,0.05306802272809,0
0,0,0,0,0,0,0,0,0,0,0,0,0,0,0,0,0,0,0,0,0,0,0,0,0,0,0,0,0,0,0,0,0,0,0,0,0,0,0,0,0,0,0,0,0,0,0,0,0,0,0,0,0,0,0,0,0,0,0,0.00312531989779238
