13.3357187464113
12.0644018460289
10.4437820351197
5.40692392431479
14.2552023545221
19.777001577999
14.8547065556865
0.339093425212961
22.1594091923418
24.0334156272358
11.1868834868638
22.3934201503565
16.2433476660601
15.5543547155474
33.2856692354248
20.258769487431
25.0079591965313
49.0551039108819
23.2541581566789
38.1437018957211
16.0113174980401
20.8670432601377
9.52337747257837
27.6444926555074
16.5731252404369
24.0168421749759
33.5297734148406
0.673923273548163
19.2132989116629
18.6079735913958
29.6137808037064
28.1583549975455
27.3433661664774
26.915979390166
34.5679159791761
30.1174328490415
33.7466856212993
8.30241919682012
29.8834160518037
21.3128599482351
26.2173393968794
19.32999895481
24.5953997736942
25.7298000558698
21.2183007747761
20.3894126713978
15.7047905792653
13.3632619155326
0.236378980090655
10.9238481981774
7.11769625945216
15.177080883421
15.303855646919
19.8643318881279
10.923012143544
24.1273257748829
16.4059980041855
16.3481721432493
16.2163631332248
7.25994094291921
