0,0,0,0.192086469026959,0
0,0,0,0,0.130786924630051
0.788592380006656,0,0,0,0
0.833572492511499,0.0430915355870992,0.031090910492227,0,0.0281093618217599
0,0.190630180936866,0,0.307175526035358,0.313664477215222
0,0,0.0396431712386733,0,0.160047409717075
0.785280525531834,0,0,0,0
0,0,0,0.391412005321578,0.172842921767577
0.658027837037118,0,0.0381412293035284,0,0.105471285812866
0.662747366066313,0,0,0,0
0.683835203867286,0.052290540731728,0.0428517181755894,0.27135018499765,0.13311971273034
0.679786775497733,0,0,0.0804743088236267,0
0,0,0,0,0.108926061287602
0.632313223956657,0,0.0342571647131599,0,0
0,0,0.025135280020202,0.226426533759589,0
0,0,0,0.170038985193569,0
0,0,0,0.280153955110767,0
0,0,0,0.169774230058974,0
0,0,0,0.259309783364111,0
0,0,0.021683404241098,0,0
0,0.043902295362558,0,0.0977727474302205,0
0.622895990309961,0,0,0.437425123938497,0
0.621166405683077,0,0,0,0
0.638167622394029,0,0,0.185380883355507,0
0,0,0,0.387075316216914,0.248550872798835
0,0,0.020318055472888,0.208130630183409,0
0.716446331043589,0,0,0,0
0,0,0,0.350051958195164,0
0.704322870346626,0,0,0,0.221696015539142
0.596761257304358,0,0,0,0.1054137807652
0,0,0.026658594997115,0.218592429326926,0
0.676496745434606,0,0.0267976493021929,0,0
0,0.0489747411372234,0.0260863156120809,0,0.159435300431927
0,0,0.0301127376139823,0,0.208430239987732
0,0.0624163759615501,0,0.41452181913253,0
0.578259612289326,0,0,0.175234804709994,0
0.68292403467899,0,0,0.470271307824176,0
0.691031803623944,0,0,0,0.0792707082066093
0.630212624330945,0.0665752733282555,0,0,0.140884811000077
0,0,0,0.416778856654951,0
0,0.0536112014201,0.0257260827081017,0,0
0.667003126346975,0,0.0366392873683833,0.5045749687258,0
0,0,0,0.154129849155762,0
0,0,0.041966356112052,0.21905707458814,0.17571945204079
0,0,0,0.281898029559911,0
0,0,0.0366140283190213,0,0.192091778056074
0,0,0,0,0.191206839267002
0.740376798467926,0,0.0420673923095003,0,0
0,0.0685195953823651,0,0,0
0,0,0,0,0.165827944897385
0,0.0520231747943795,0,0,0.0837969944028421
0.666413867231191,0,0,0,0
0,0,0.221314673933846,0,0.103130191427914
0,0,0,0,0.143517264293199
0,0,0.0420764596605533,0,0
0,0,0,0,0.10440935926598
0,0,0.029417789922559,0,0
0,0,0.0747674985464712,0,0
0,0,0,0.346718691050615,0
0,0.0647320075139645,0.0382856592524448,0,0
0,0.0517344426806121,0,0,0.136117642548624
0.609408503882017,0,0.138711753508466,0,0.118606077644593
0.706363452840174,0.0498386276216154,0.0248550341058695,0,0
0.758054571941445,0,0.0386081978827606,0,0.0811153423467171
0,0.0433438874545319,0,0,0
0.821339909756058,0,0,0,0
0,0,0.0385512031047128,0,0
0,0,0.0320084616520027,0,0
0,0.0495845433615001,0,0.228224221123488,0.128845170853886
0.712905320245961,0,0,0,0
0,0,0.0429702414072115,0,0
0.692313987811066,0,0,0,0
0.760171539875928,0,0,0,0.151816520561249
0.711928677822578,0,0,0.0165756570891497,0
0.768028328086381,0,0,0,0.158338870856442
0,0.240139653948787,0,0,0.291394689089376
1,0,0,0,0
0.739749346631675,0,0.0304753021225179,0,0
0.661454269673343,0,0.402773741547205,0,0
0,0,0.0235638433159148,0.228045511407637,0
0.762179385751933,0,0.0349974491598484,0.325470767723702,0
0,0,0,0,0.0757622613540522
0.755506571875972,0,0,0,0
0.63160938667947,0,0.0369171369113662,0,0
0.661579760040593,0,0,0,0
0,0,0.0288996555766702,0,0
0.591414276438911,0,0,0,0
0,0,0.0313145502292712,0,0
0.663996813635892,0.0742642095178809,0,0,0
0.651142235147124,0,0,0,0
0,0,0,0.134677627529239,0
0.751201706668995,0,0.0270672734624347,0,0
0,0,0,0.270031042539531,0.1523078692463
0.791533219482652,0,0,0,0.157879469420094
0,0.0438543658316726,0.0245852156452479,0.309738355738237,0.136752753852838
0,0.124020837219186,0,0,0
0,0.0563252832895134,0,0,0
0,0.0728886897278931,0,0.443920891165783,0
0.596728520686814,0.056700635037411,0,0.364554582580436,0
0,0,0.023800371644813,0,0
0,0.0597121109840048,0,0,0
0,0,0.0275429855587538,0,0
0,0.0646263315603257,0.0272319106508409,0,0
0,0,0,0.407391963357889,0
0.739454717073783,0,0.026155486547257,0,0
0.753171359824532,0.0456231387606116,0,0,0.0692354384440412
0,0.0626981785045871,0,0.361059814803783,0.221437881769622
0.561853110797082,0,0,0,0
0.705446827548955,0,0,0,0.155945382983617
0,0,0,0.269939702018096,0
0,0,0.0333037975167246,0,0
0.704666604830833,0,0,0.240635941833297,0
0.666468428260431,0,0,0,0.231477624147008
0,0,0.111671617332397,0.196911631354951,0
0,0,0,0,0.193898075497738
0.681876462917596,0,0,0,0
0.710237285916162,0.0361504155721313,0,0.109376964979515,0
0,0,0,0,0.187799984665321
0.615950371287804,0,0,0,0.15981994530631
0,0.0525937094511838,0,0.258148832098913,0.136961049914381
0,0,0.0184836008212688,0,0
0,0.0787233882829044,0,0,0
0,0.047912784422787,0.0291822978623525,0,0
0.601109771334726,0.0495400786159799,0,0.183673874625206,0
0,0.0650490353748811,0,0,0
0,0,0,0.170283221805233,0
0,0.0378995547173341,0,0.165721490836163,0
0,0.045173294127362,0,0.268768160547514,0
0,0,0.0353005577521933,0,0
0,0,0.0573827959060392,0,0
0.699488763156028,0.0527738782901746,0.0298888388097651,0.24329209772112,0.134803971681959
0,0,0.0247107984573327,0.291757510772225,0
0.746498545948571,0.0562998748635019,0,0,0
0,0,0,0.180849599226915,0
0.699374184994626,0.073608787619629,0,0,0
0,0,0,0,0.0460455695555499
0.733698528489041,0.0453742516785441,0.0225247248852349,0.291089004057372,0.16782784266619
0,0.0694949324626712,0,0,0.179726275973113
0,0.0711320435477323,0.0411431701700212,0,0.181962583382319
0,0,0.0293034765324973,0.232575471760555,0
0,0,0,0.220030711595613,0
0.706799941074088,0,0,0,0
0,0,0,0.170690944712509,0.15794975336724
0.65565443226521,0,0,0,0.17439236332967
0.844801152328938,0,0,0,0
0,0.0726911969620762,0.0401334558634706,0,0.140500166125693
0,0.0537821308314503,0.0458834517669709,0.282702223281243,0
0,0,0.0300654578549199,0,0
0.671057010819452,0,0.0393400626463284,0.427513353587101,0
0.562960699690639,0.0566140154032808,0,0.317540689554748,0
0,0,0,0.181191795238379,0
0.62470196037778,0.0577250565770577,0.0299387092405569,0,0.136223068469343
0,0,0,0.38630355499957,0
0,0.0580305351534236,0,0.425495257573652,0
0,0.0568213250609658,0,0.456731068353157,0
0,0,0,0,0.0691811281212462
0.682580300194783,0,0,0.298998563703395,0.303875840212641
0,0,0.0224514088752916,0,0
0,0,0,0.188522864915311,0.133941395966979
0.743486777134564,0.0517817947472699,0.0247221974129422,0,0.147009098576431
0.716539084793296,0,0,0,0.165635622460194
0.631009215357838,0.0671741037322091,0.0385330684026067,0,0.147833337592966
0,0.0581194646444639,0,0,0
0,0,0.053499378983603,0.373334524731439,0.142152477828609
0,0,0.015857242588752,0,0
0.53371871606986,0,0.0303245250278643,0.385417287186513,0
0,0.0681840886661673,0,0,0
0,0.0535927225648189,0.0379346232331052,0,0
0,0,0,0.237737534997319,0
0,0,0.0357150652289043,0,0.232784905563933
0.604661694338202,0,0,0,0
0,0,0.0421379881141277,0.303051964814043,0
0.682569387988935,0.0738322662756849,0,0,0
0,0,0,0.285648947929284,0
0.580305650885798,0,0,0,0
0.665158963558689,0,0,0,0
0.786268080161064,0.0402665805859991,0,0,0
0,0.0588949991020431,0,0,0
0,0.0504518946312573,0,0,0
0,0,0,0,0.250649807038618
0,0,0.0375816442099685,0,0
0,0,0.0913672276528819,0.443282831291409,0.209478109745189
0,0,0.0274159131104246,0,0.180751143711504
0.713041722819059,0,0,0.296994367334512,0
0,0.0641002616490415,0.0352468013138074,0.333827763547189,0
0,0.0744536177845123,0.0450233487527956,0,0.11266133360595
0,0.0633992200768143,0,0,0
0,0,0.0200703872555531,0.166625629620804,0
0.671171588980854,0,0,0.233468358451977,0
0,0.0373971608393789,0,0.219273511910672,0.137401921946482
0,0,0.204267406286174,0,0.0983483272420579
0.627882868382429,0,0,0,0.187346972678713
0,0,0,0.500401765916748,0
0,0,0,0.31209864776315,0
0,0,0,0.354399899393049,0
0,0.119248095378612,0,0,0
0.666468428260431,0.110013287451876,0,0,0
0.723435598889137,0,0.0117253802474623,0,0
0,0.0772664460368341,0,0.438884586617952,0
0.681074415787779,0,0,0,0
0,0,0.03383747589299,0.346537333783417,0
0,0.0576967608299085,0,0.0334253357426051,0
0,0.0787343601032275,0,0.348095417750508,0.202426074066501
0.688118244662567,0,0.0390680421147369,0,0
0,0,0.0323115702443476,0,0
0,0.0470517852595326,0,0,0
0,0.0966929201153311,0,0,0.088303473304879
0.639602577463021,0,0.0185598313369078,0,0
0,0,0.0430622102536067,0,0
0,0,0.071138615121453,0,0
0.680261456452115,0,0,0,0
0.650814868971688,0.0770960940897114,0,0.366740798104353,0.215601758376569
0,0.0590832524402194,0,0,0
0,0,0,0.315169145436614,0.219693561990441
0,0.0569362404422452,0.0298911056475284,0,0
0,0,0.0410848800561088,0,0.135623738083676
0,0.0543699894150807,0.0270037372382701,0,0
0,0.0489626143884452,0,0.333922413507807,0
0,0.0483083474186483,0.0240421460839633,0.299945725197408,0
0.768224747791642,0.053967496848489,0,0,0
0.635019451006924,0,0,0,0
0.579285359639024,0,0.102037556838528,0,0.152963426789685
0,0.0615738556535769,0,0,0.187911161090807
0,0,0,0,0.170345924808955
0,0.0664788368022572,0,0,0
0.721067650220154,0.0548602565442577,0,0,0
0,0.0589977877345443,0.0334093673896994,0,0
0,0,0.0276437626890292,0,0
0.717892198318429,0.0661831751177594,0,0,0
0.731188721144036,0.0473266582318392,0,0,0
0,0,0,0.453282632725058,0
0.711530382309132,0,0,0,0
0.729039016592009,0,0,0.10103254502492,0
0,0,0.0417850090909909,0,0.249913742428502
0,0.0427681556196797,0.0251637774092259,0,0
0,0.0658453585446516,0,0,0
0,0,0.0211276403883391,0,0.0556138983310757
0,0.0490122763120132,0,0.18127453121794,0.135999437728423
0.804551481059139,0,0,0.276622121615271,0.0445113987783372
0.719987341841216,0,0.0244388426925344,0.383688436157609,0
0.59923832803182,0,0.0209657234052489,0,0
0.730283008058664,0,0,0.116896672689846,0.0728039461241597
0,0,0.0519760640066901,0,0
0,0,0,0.26524162215471,0
0.661170552321299,0,0,0.136251596804406,0
0,0,0,0.248078208666759,0
0.58164239610216,0.0682499195881063,0,0,0.142793978582564
0,0,0,0.234455233216179,0
0,0,0.0410537919953554,0.339422701429016,0.174907352978761
0.656434654983332,0.0422859729896882,0,0.228668347861771,0
0.904010781259378,0,0.0417234806374167,0.388859103936247,0.0744275053032433
0.608977471751027,0,0,0,0
0.954588855364168,0.0570471135739319,0.0307131257872809,0.300828021683446,0.0484738160349631
0,0.0783838393171139,0,0.0835348781795437,0
0,0,0.0697545487499976,0,0
0,0,0,0.277021901868509,0
0,0,0,0,0.218781787512459
0.696842553237924,0,0.0225339865366676,0,0.197635903595982
0.76546941581506,0,0.0164164390815525,0,0
0,0,0.0359870857604959,0.321157244693314,0
0,0,0,0,0.0950360364965369
0,0.0646650216635705,0,0,0
0.73119417724696,0.0724908168751216,0.0445777532153313,0,0
0,0.0639766843043491,0,0,0
0,0,0,0,0.149465203056713
0.647121087292191,0.0825023141878918,0,0.380648385324623,0
0.69145737965201,0,0,0,0.177625424898408
0,0,0,0.201730836692414,0
0,0,0.036058976900988,0,0
0,0,0,0.191616528663053,0
0,0,0,0,0.113521353541033
0,0,0,0.35686807913531,0
0,0.0625659391964816,0.0502085782192772,0,0
0,0.0513648655749898,0,0.271784383418386,0
0,0.0452581813688097,0.0408549579401206,0,0
0,0,0,0.297065189333016,0
0.667832453991412,0.0452090969094692,0,0,0.121375265162164
0,0.0637139380808207,0,0,0.110644184322846
0,0.0665331184396455,0.0396347515555526,0.313709020869324,0
0,0.0665960620404468,0,0.206154233103658,0
0,0,0.0255557460418908,0,0.118703836225624
0.736764858332288,0,0.0209846353088738,0,0
0.694818339053148,0,0,0,0
0.712337885541873,0,0.0237506955144008,0,0.195044981726174
0,0,0.0576496350941719,0.197404075905297,0
0.682291126739815,0,0,0,0.12819089120045
0,0,0.0481982169572289,0.323861056505365,0
0.728226057256344,0,0,0.370164743882502,0.175357809185473
0,0,0,0.14132496707108,0
0,0,0,0.328172593872242,0.128088021059626
0.630949198225675,0,0,0,0
0,0.0737213931439982,0,0.347822058074039,0.177431824571268
0.486070569235218,0.0651316127594186,0.0318789280655305,0,0
0,0,0.0323322956181832,0,0.136925907940808
0,0,0.0444397999457384,0,0
0,0,0.0568277444880059,0,0
0.674641670440471,0,0,0.126457642487904,0.198965548086999
0,0,0,0,0.111256932552969
0,0.0766808973101138,0,0.130855225273525,0.124676054898152
0,0.0479809252016361,0.0265680510201709,0,0.203199836430087
0.708022108129048,0,0,0.186412104604754,0
0.738952755604782,0,0,0,0.083416183198303
0.710619213120836,0,0,0.288702898406836,0
0.64567522001735,0,0,0,0
0.710117251651835,0,0,0,0.217530094308278
0.765327557139038,0.092928430816032,0,0.245149354990303,0
0,0,0,0.311197818417691,0
0,0.0556086501831428,0,0,0
0.718765174786257,0,0,0,0
0.581118610221463,0,0.029417789922559,0,0.160111304214481
0,0,0.0215501141806181,0,0
0,0,0.0709190556923826,0,0
0.647803100157681,0,0.0152986289970907,0,0
0.791576868306044,0.052589667201591,0,0.121394200538777,0
0.781117519000878,0,0,0.171311795503134,0
0,0,0.0340809990355577,0,0
0.620915424948576,0.0493622196338993,0,0,0
0,0,0,0.136592469040196,0
0,0.071318564493226,0,0.361311994069485,0
0.734915239441077,0,0,0,0
0,0.329841214661355,0,0,0
0,0,0.0264672738898956,0,0.141226007616224
0,0,0.0329054817383226,0.41243223923274,0
0.711994151057666,0,0,0,0
0,0,0.0361820338081366,0,0
0,0,0,0.387694181344029,0
0,0.12006116501098,0,0.164053533488215,0
0.737981569284323,0,0,0,0
0,0,0,0,0.127034400797403
0,0,0.0432416142708706,0,0.165138523270376
0.611765540345153,0.0532589482413038,0,0,0
0,0.0585658444923483,0.0316726458290736,0,0
0,0,0,0,0.102279755667442
0.624772889715792,0,0,0.238544376269997,0
0,0,0.0368769814995598,0,0.247858895391929
0,0,0.056643159127283,0,0
0.750072293363742,0,0,0.552014455630349,0.0736186009660848
0,0,0.044306380351672,0.548004739116909,0
0.72045111058975,0,0.010791766922964,0,0
0,0.047431179257023,0.0271087242101058,0.117945764910678,0
0,0,0,0.310019658068744,0
0,0,0.0429598787202937,0,0
0,0.0501568104109871,0,0,0
0.684620882688331,0,0.0312194725768006,0,0
0,0.0506950070710495,0,0.367016805332168,0
0,0,0,0,0.195336979579319
0.79872981923931,0,0,0,0
0,0.114846085572114,0.132691680077171,0.250404082524175,0
0,0,0.0345991333814464,0,0
0.744528892793034,0,0,0,0
0.640497378342545,0,0.0403543106284057,0,0
0,0,0,0.198184441664516,0
0,0,0,0,0.165040125744371
0,0.0488621356128541,0,0,0
0.599369274501994,0,0,0,0
0,0,0.0318645498374321,0,0
0,0,0.188532961537398,0,0.0783723515730825
0,0,0,0.222063369141465,0
0.714034733551214,0.0653712604138455,0.0335246522816596,0,0
0,0,0,0,0.178729521813581
0,0,0.0385570321161041,0,0.129275180821428
0.744632558748588,0.0670609207436123,0.0416127294209829,0.227713905601557,0
0,0,0,0.475786819165624,0
0,0,0.0209981068018669,0,0
0,0.0588949991020431,0,0.268679467577424,0
0,0,0,0.522560446906667,0.172396938175684
0.90486193331551,0,0,0.354440936438911,0
0,0.0368358656102151,0,0,0.177167301352008
0.801125048422913,0.0719456906443288,0,0,0
0,0.0531971595689576,0,0.33774680142703,0
0,0,0.0434171322805404,0,0
0,0,0,0,0.13060738109234
0.802734598785471,0.0708173255437259,0.0351723195015858,0.475184501234421,0.154520535691466
0,0,0.0345991333814464,0,0
0,0,0,0,0.166295652618397
0.701218347782913,0,0,0,0
0,0.0387045398505176,0,0,0.126203772331127
0,0,0.0314833324924444,0,0
0.727265783141733,0,0.0221218754313064,0,0
0,0,0,0,0.13064507884581
0,0,0.0311880606820811,0,0
0,0.0618400666624704,0.0348582005543908,0,0.136315715490582
0,0,0,0,0.153854116083523
0.522455682804,0,0,0.219084873877273,0.088672783499885
0,0,0,0,0.131597745802132
0,0,0.0521360379859833,0.293140194462646,0.25726033174023
0,0,0.0367390282299669,0,0
0,0,0.0482590977428708,0,0
0,0,0.0157405975941338,0,0
0.70580147423901,0,0,0.250341865067546,0.17021749686917
0.643689198553042,0,0,0.222404903265093,0.179102026733458
0.614482679601268,0.0564910155228159,0,0,0
0.777445561733077,0,0,0.245082504318818,0
0,0,0.0206095060424504,0,0
0.673381310665044,0,0,0,0
0,0,0.0283815212307815,0,0
0.564253796083609,0,0.0333756886572166,0.355176293825248,0
0,0,0,0.360716295016646,0
0,0.0755259688550444,0,0.384887776917324,0
0.765076576404537,0,0,0,0.136192399110589
0,0.0610200674593711,0,0,0
0,0.0479572491683071,0.0257216137993684,0.185956063885414,0
0,0.0476228973805645,0,0,0.176559664681678
0,0.0417853115044156,0,0,0.0996140772356685
0,0,0,0.182973597294203,0.134054489227388
0,0,0.0528717887571453,0.205234209010941,0.199403225394229
0.656892967628941,0.063187290705309,0,0,0
0,0,0,0,0.175307332532522
0,0,0,0,0.131026528995323
0,0,0,0,0.128331459094743
0.825961228932623,0,0,0,0
0.677893507783131,0,0,0.420880575577663,0
0.689482270393549,0.191116405816451,0,0,0
0,0,0,0.269189783099356,0
0.651856984630158,0,0.0579702307206906,0.249346385761469,0
0.708976926140735,0,0.0152905331479362,0.0820443067717744,0
0.694943829420398,0.0505933733670034,0.0265279603751578,0,0
0,0.0544485245500254,0,0,0
0,0,0.0237326903458812,0,0
0,0,0,0,0.149992332660311
0,0.0622442916217448,0,0,0
0.713740103993322,0.126844637291831,0.103922270521698,0.123305732610552,0
0.771536602266465,0.0627062630037726,0,0,0
0.679688565645102,0,0,0.221525916218238,0
0,0,0.0259801628379669,0,0
0.711983238851818,0,0,0,0.15814335369438
0.989600667826998,0,0.0246682466741766,0.268175109046021,0.01677019705063
0,0.0467642080742203,0.0312203145451127,0.227358471833363,0.260978352544279
0.713843769948876,0.046294152193007,0,0.164273942137765,0
0,0,0.0224580798549949,0.168327343248413,0.0907122958570808
0.646193549795123,0,0.0315394853021801,0.367496012125785,0.179308405960079
0.650089207282806,0,0,0,0
0,0.0753752506916578,0,0,0.14146625092647
0,0,0,0.305072046491002,0
0,0.0412950443752386,0,0,0.106229713497074
0,0,0.0355939513255528,0,0.169878856032918
0.770079822785777,0,0,0.224127135415632,0.115072711938048
0.844195524904382,0,0.0403633779794587,0,0
0,0.0419550859873108,0,0,0
0.628908615732127,0,0.0168453895531551,0,0
0,0.0700400586934641,0.0407519787388753,0,0.0749865821555448
0,0,0.0283923372852519,0,0.179963324558489
0.724695958664564,0,0.0301734240992445,0.41643798441916,0
0,0,0.0238432472619353,0.226720411958989,0
0.680594278730474,0,0,0,0
0.724395873003748,0,0.038499389670124,0.262938914371571,0
0,0,0,0,0.178967209343931
0.703864557701016,0.0744056882536269,0,0,0.150594857770849
0.705506844681118,0,0,0,0.202582615585146
0,0,0,0,0.232618779870678
0,0.0626098264777742,0,0.371561989105326,0.180943466148695
0,0.0451011110989202,0.0224148804039064,0,0
0.601704486553434,0.054797890407684,0,0,0.194756817542873
0.72514881520725,0,0,0,0
0,0,0.0197027709371451,0.248538882600954,0
0,0,0.0343497812274874,0.385524513016024,0
0,0.0453725192858615,0,0,0
0,0,0.0225848932361512,0,0
0.653537464330727,0,0.025240331758831,0,0.22578718020804
0,0.0533900326209542,0,0,0
0,0.0769592350677856,0,0.252784231184184,0.225611470340174
0.731052318570937,0,0,0.167105498302258,0.0969547882536356
0,0,0,0.382074753612253,0
0,0.0535546099258016,0.0264262117429839,0,0
0,0,0.0755259176952659,0,0
0,0,0.0213790650796816,0,0
0,0.0466527574783061,0,0,0
0.766211445812714,0.0637664873255264,0.0399572901858684,0,0
0,0.0531492300380722,0.025207948362213,0,0.0901589695095458
0,0.0425949163514193,0,0,0
0,0,0,0,0.168138369923582
0,0.080179753064747,0,0,0
0,0,0.0452208874721657,0.513161639628549,0
0.667352316934107,0.0634817974613517,0.0350926563459055,0,0
0.695314844419225,0.214406115577155,0,0,0
0,0,0,0.227358471833363,0
0.632504187558994,0.0477828549715916,0,0.226725045173845,0
0,0,0,0.340541291872679,0
0,0.056384184640722,0,0,0
0.632984324616299,0,0,0.383865160209951,0
0,0.0635020087093155,0,0,0
0.627991990440908,0,0,0,0
0,0.0609449971097915,0,0.346415546421503,0
0.625662234492391,0,0,0,0.0970467963299
0,0,0,0,0.136735502338539
0.485544600913352,0,0,0.351131497256475,0
0.664717019221851,0,0,0,0
0,0,0,0.204289695068274,0
0.840201657564068,0,0.0347429156624305,0,0
0,0,0,0.237286789380672,0.219756178597899
0.730539444896089,0.0477707282228134,0,0.202572758020426,0.144345975924553
0.726114545424785,0,0,0.385770073403361,0
0.681952848358531,0.0680189338970924,0,0,0
0,0,0.066735120849331,0,0
0,0,0,0.181191795238379,0
0,0,0,0.264802128631282,0
0,0.0410392277224407,0,0,0
0,0,0.0312888378123565,0.276068783383968,0
0,0,0,0.244168437216629,0
0,0,0,0.371700985550989,0
0.769905227492211,0,0,0,0
0,0,0.0258271836723433,0,0.0999246044930611
0.776016062767008,0,0,0,0
0,0,0,0,0.23768816929486
0.637589275484093,0,0,0,0.0935581567715388
0.65408307462312,0,0,0.337770629389144,0
0,0,0,0,0.230673831369642
0,0.0669217518647763,0,0,0
0,0.0408942842013295,0,0.178572043181562,0
0,0.082845905403275,0.0674805866394784,0,0
0,0,0.0505622049103462,0.115733073873301,0
0,0,0.0281365084519694,0,0
0,0.0481154743666516,0.029137155407467,0.0885056558315628,0
0.672841156475576,0.0511234855278803,0,0.221251232766095,0.22065836890127
0,0,0,0.277729459965714,0
0.610379690202476,0,0.0301218049650353,0,0
0,0.0687147782912718,0,0.375621347206502,0.150183377207555
0,0,0.0272392940652698,0,0
0,0.0600066177400476,0.035003925839172,0.278902987099806,0
0,0,0.0536671249780845,0,0
0,0,0,0,0.235960462085005
0.669965790234667,0.0476581226984442,0,0.197402090241788,0
0,0,0,0.284897043347034,0.215266312265188
0,0.0546298483174714,0,0,0.202443964525775
0,0,0,0.280367082994116,0
0,0,0.0330952484425043,0,0.143203542310936
0.696515187062489,0.0699413123105557,0.049131506447761,0.249826254442922,0
0.580223809341939,0,0,0,0
0,0.0781245578789508,0,0,0
0,0.0591438861841106,0,0,0.206878242645743
0,0.0490088115266479,0,0.315813162301516,0
0,0,0.0261794502607544,0,0
0,0.0434870985829605,0.0210981714974167,0,0
0,0.0661531469779276,0,0,0.159576507271194
0,0,0.0236628069759795,0.192051388971625,0
0.711061157457674,0,0,0,0
0.690257037008746,0,0.040126979184147,0,0
0,0,0.0447798256102279,0.402869283771172,0
0,0.0585693092777135,0.0331859219530349,0,0
0,0,0.0495738636455635,0,0
0,0,0.0235736878684866,0,0.264994121706239
0,0.141530130062268,0,0.347098614668758,0
0,0,0.0215949975683307,0,0
0,0,0,0.237460203993831,0
0,0.081509075716532,0.0469249018022073,0,0.112858767602934
0,0.0446004496136476,0,0.173538386185077,0
0,0,0,0,0.164953229227899
0,0.205076026052876,0,0,0
0,0,0,0,0.05929901346896
0,0.0818780753579267,0,0.257805312311776,0.0900918802872697
0,0,0.0370602715244179,0,0
0,0,0,0,0.166673269098065
0,0.0431590989017208,0,0.163369141465287,0
0,0.0972911730550571,0,0,0
0,0.0663916397038994,0,0.184734880827095,0
0.608240897856297,0,0.0429650600637526,0,0
0.718519650154681,0,0,0.348182786944924,0
0.663522132681511,0,0,0,0.0959637845988703
0,0,0,0.377607010715964,0.142006798374524
0.612458465416492,0,0.0266064577285599,0,0
0,0,0.176078307198097,0,0
0,0.0395880601186458,0.0181214249134926,0,0
0.603428615077395,0,0.0409896728700517,0,0
0.700940086533792,0.0428443808977144,0.0272435039068301,0,0
0,0.0698206222870009,0,0.384623021782729,0
0,0.0550519746677993,0,0,0.0845145296087101
0,0,0.0229411105989497,0,0.180530068750479
0.711252121060012,0.04796360127481,0.0254967434932527,0,0
0.671204325598398,0,0,0.238315363078573,0
0.676644060213552,0.069074538505026,0,0.45215940906654,0.135653129552483
0.659850175413709,0,0,0,0
0,0,0.0369022405489219,0,0
0.715889808545348,0.0545143554719644,0,0,0.140252894420733
0,0,0.0343718019371878,0.306587769636557,0.307798962353362
0,0,0,0.289098045445219,0
0,0.0556467628221601,0.0277500449967296,0,0
0.417476988885918,0.120568178602756,0.114909956994202,0,0
0,0.0705095371104498,0,0,0
0,0,0,0.461515855523123,0.149555294298055
0.775666872179877,0.0723909155637581,0.0632817554339825,0.19171117862367,0
0,0.0449203647957018,0,0.178378771933308,0
0,0,0.0591243749761577,0,0
0,0,0.0412623410695757,0,0
0,0.0992268331457537,0.0770822637367292,0.268011622750409,0.103762746952232
0.708676840479919,0,0,0,0.194302527666317
0,0,0,0,0.0984959235310655
0,0.0784490927748253,0,0.51870097893211,0
0,0,0,0,0.165258644925499
0.782508825246479,0,0,0,0
0,0.0627998122086332,0,0.384009451758305,0
0.783294504067525,0.0814057096198033,0.0447260691718419,0.536941283930025,0
0,0,0,0.265637431080929,0
0,0,0,0,0.193904464947479
0.64232517282206,0,0,0.264741896838162,0
0,0.0633079807288638,0,0,0
0.820985263066003,0,0,0.265206542099376,0.107256498070386
0,0,0,0,0.0992000408924784
0,0.0691738623521619,0,0,0.127504664298311
0.693017825088252,0,0.030501662207365,0.221131431067691,0
0,0,0,0.39647081405585,0
0.639487999301619,0,0,0,0.0764516829810616
0,0,0,0.338294844555642,0
0.733813106650444,0,0,0.29309055287491,0
0,0,0,0.31344029440771,0
0,0,0.0343679159295936,0.313356896540312,0
0,0,0.0320155859992587,0.382971611630693,0
0,0,0.0299729061073856,0.406193946373848,0
0,0,0,0,0.194624555933243
0.71872698206579,0,0,0.397400766466115,0
0.812479198607603,0,0,0,0.119195184910675
0.684833670702364,0,0,0,0
0,0.0356485991584036,0,0.131394001972426,0
0,0.0478076859333756,0.0290939559563785,0,0
0,0,0.0386405812793786,0,0.140634344570246
0,0,0,0,0.173945101847829
0,0,0,0,0.154381245687121
0.639215194155423,0,0,0,0
0,0,0.0243149438170737,0,0
0.762604961779999,0,0,0,0
0,0.0768518267214642,0,0,0
0,0,0.0418549572276859,0.376500996141194,0.225717535205868
0,0.0812093717824415,0.0671360272994624,0,0
0,0,0.0265842427184799,0,0.194469292304547
0,0.0603144061733236,0.0527681618879676,0,0
0.650443853972861,0.101587506907916,0,0,0.220080762644721
0,0,0,0,0.122420579139724
0,0.0524366391812943,0,0,0
0,0.0409785939785495,0.024086252270157,0.1108569461819,0.137345694788765
0.730184798206033,0.0494875293712743,0.0293589169075074,0.279346451950253,0
0,0,0.0673387473622914,0.167755472157688,0
0,0.0691057215733129,0,0,0
0,0.0559672554684418,0,0.359448117921937,0
0,0.0519088368773276,0.0256243340759278,0,0
0,0,0.0313145502292712,0.402427804584235,0.120181077005648
0,0,0,0,0.0909640401768599
0.757858152236184,0.0525965967723214,0.0280118971417831,0,0
0.767728242425565,0.0622968408664504,0,0.388016520720399,0
0,0.0747562090397405,0,0,0
0.614002542543962,0,0,0.282001284062403,0
0,0,0,0.216700092002409,0
0,0,0.0314327496269271,0,0.108562501597362
0,0,0,0,0.229278375546298
0,0,0.0286981660829128,0,0.110138778848366
0,0.120168573357302,0,0,0
0,0,0.0293368314310139,0,0.185609042349273
0.738963667810629,0,0,0,0
0,0,0,0.331064381829855,0
0.83493651824248,0,0,0,0.0893507041173614
0.6312056350631,0,0.0292738781079884,0,0.272899148925295
0,0,0,0.230770503630455,0.163252357706954
0.736786682743983,0,0,0.491770086641118,0.0947868479566539
0,0,0,0.217924584499911,0
0,0,0.0607552028298425,0,0
0,0.058752365437842,0,0,0.144381756843101
0,0.0642786980953498,0,0,0
0,0,0,0,0.169029698162394
0,0.0356116414478414,0,0,0.0858422572648043
0,0,0,0.388859103936247,0
0,0,0,0,0.0936444143430368
0,0,0.0482001599610259,0,0.159739438239579
0,0,0,0,0.192333299256268
0,0.0587795062565362,0,0,0
0.722666288376864,0.0564783113098101,0,0,0
0,0,0,0.402405962285631,0
0,0.438008348977802,0,0.566906931951312,0
0,0,0,0.21176505629356,0.104224065223503
0,0,0.0314255605128779,0.233712595063641,0.136956577299563
0,0,0.0322571661380293,0,0
0.744054211838652,0.0700400586934641,0,0,0.168366473279321
0,0,0.0297416238887395,0.319857296982453,0
0.749864961452633,0,0,0,0
0,0,0.0416140247568477,0,0
0.746176635876059,0,0,0,0
0.632045874913384,0,0,0.185075753062886,0
0.8085562606053,0,0,0,0.0806342167812508
0.652789978230149,0.123076105742939,0,0,0
0.690300685832138,0,0,0.344750236624902,0
0,0,0.0322539277983675,0.3538928933103,0
0,0.0734470976359192,0,0.255025383398529,0
0.663134749373912,0.0866358031285857,0.0722234589081575,0,0
0,0,0,0.351545177154279,0
0,0,0,0,0.19143941523756
0,0,0.0949404116357171,0.203585446410251,0.121408490300815
0.64674461619044,0,0,0.397070484435708,0
0.730212078720653,0.0402781298705499,0.0182740802451501,0.212667209414693,0.183699235821811
0,0.0485006430064174,0.0296768570955034,0.281633274425316,0
0,0.139047033883868,0,0,0
0,0.0536978210542303,0,0,0
0,0.0541597924362581,0.0288420778974834,0,0
0,0,0,0.23530112587121,0
0,0,0,0,0.140776829299461
0.705490476372346,0.0548123270133724,0.0298683725031025,0.244265072840756,0
0.776512568133085,0,0.110376281467675,0,0.23972832059703
0.733742177312433,0,0,0,0
0.700247161462454,0,0,0.324523606229688,0
0.805757279805326,0,0,0.287169304289695,0
0,0,0.0278310034882747,0.3200558633334,0
0.791593236614816,0.0464281238937951,0,0.175473746218966,0
0.766975300222063,0,0,0.310854298630554,0.114634395685844
0,0,0,0,0.118925550131623
0,0.0455821388004566,0.0226712273715349,0,0
0,0,0,0.180187711390428,0
0,0,0,0.300166133846958,0
0.679513970351537,0,0,0.323845833085125,0
0,0,0.0310801592045498,0.315455742869813,0.199155314744294
0.789214375739984,0,0,0,0.0871361208372735
0,0.0581252392867393,0.0362830700055848,0,0.108067319242467
0,0.0594210690133273,0,0,0.14911058859611
0,0.04742251729361,0,0,0
0,0.0581789434599,0.0321379952384749,0,0.122547729189562
0.680648839759713,0.0925686706022779,0,0,0.232724844736371
0.704546570566507,0,0,0.374040097165134,0
0,0,0,0.283839346584328,0
0,0,0.0288163654805687,0.273501320466234,0
0,0,0,0,0.217471311370665
0,0.0766052494963068,0,0,0
0,0,0,0,0.185807115291231
0.692925071338546,0,0,0.339217516199705,0.165546170163826
0,0.0548960593263649,0.0282367674478988,0,0
0.712168746351231,0,0,0,0
0,0,0.0305787994581092,0,0.175826794796432
0.590955963793301,0.0572163105925996,0,0,0
0.75201466600466,0,0,0,0
0,0.0489626143884452,0,0.306123124375343,0
0.698899504040244,0.034724656394348,0,0.106604978720306,0
0.749952259099416,0.0450589562103102,0.0222675359492943,0.199267952052845,0
0,0.0556819881400397,0,0,0.172655071945204
0.65365204249213,0,0.0348484855354054,0,0.234392491118665
0,0.0987810307620969,0,0,0
0.802281742242786,0,0.0422092315866873,0,0
0,0,0,0.160370127678164,0.108995706289774
0.662851032021868,0,0,0,0
0.715747949869326,0.0489146848575598,0.0218076917173181,0.192719895686477,0.100388478544228
0.581620571690464,0,0.0365421371785292,0.392234731902332,0
0.696313311254303,0,0,0,0.057741648989189
0,0,0,0.206238954746729,0.164912336749559
0,0,0.025296290268187,0,0.20454162087561
0,0,0,0.34517450672809,0.0721074961024357
0.75140358247718,0,0.027317273284326,0,0
0,0,0.0629112893766721,0,0
0,0,0,0.172613066989668,0.125316916707133
0,0,0,0,0.221706238658727
0,0.045812547027243,0,0,0
0.664635177677992,0,0,0,0
0,0.0736492101155564,0,0,0.259637845988703
0,0,0,0.397667507264219,0
0,0,0.0421638948314221,0,0
0.668738167076784,0.0514872879912271,0,0,0
0,0,0.0233111880555008,0,0
0,0,0,0,0.177200526490659
0,0,0,0.324309154570666,0
0,0,0,0.113629594328945,0
0.688865730763145,0.0528166106430122,0.0268199938458593,0,0.22955887238991
0.720352900737119,0,0,0.40866940688231,0.15080123699747
0.77133472645828,0.0790756414617005,0,0,0
0.699445114332637,0,0,0,0
0,0,0,0,0.170276918751757
0,0.0458743356995893,0,0,0.142171646177831
0,0.0472764188440437,0,0.246209037416519,0
0,0.0575604792722103,0,0,0
0.724090331240008,0,0,0.417414930865815,0.133682623252485
0,0.0590359003735616,0,0,0.339888056840545
0,0.0681015112816299,0.0362642876355464,0,0
0.65065118588397,0,0,0,0
0,0,0.0434935570965591,0,0.121474940578117
0.682842193135131,0.0540373700200207,0,0,0
0,0,0,0.244567555582031,0
0.6766549724194,0,0,0.0869297008928867,0
0,0,0,0,0.0767372913844659
0.541025529105581,0,0,0,0.221255143507041
0.663653079151685,0.0397231867478889,0.0215378084899033,0,0.0966487336110614
0,0.044342900568167,0,0,0.103497584787998
0,0.0666001042900395,0.0424682987596317,0,0.149620466685409
0.56683998886955,0,0,0,0.0464229943517264
0.582951860803902,0,0,0,0.152858639813939
0,0.0554111574173259,0,0,0
0.706363452840174,0.239309260389592,0,0.424655983796986,0
0.77572688931204,0.056749142032524,0.0298669476336513,0.271491167106822,0.179563983949702
0,0.0535823282087233,0.0313607937196418,0.377607010715964,0
0.629890714258434,0.0625249392363266,0,0,0
0.561525744621647,0,0,0.274572916873507,0.168025915608148
0,0,0.154590628206159,0,0.0970480742198482
0,0.0491208395867897,0,0.247364693579026,0
0,0,0,0,0.131002888031283
0,0.0575067750990496,0.0319688243745422,0,0
0.598201668476274,0,0.030497258065425,0,0
0,0,0.108044676911176,0,0
0.64247794370393,0,0,0.448586538525182,0
0.670003982955135,0.0840597352095531,0,0,0
0,0,0.0315458324479173,0,0
0.562797016602921,0,0,0,0
0,0.1371119512574,0,0.37308565490492,0
0,0,0,0,0.155140951261277
0.705048532035508,0,0,0,0
0.687299829223978,0,0,0.236975040209686,0
0.880183979790595,0,0,0,0.208453880951772
0,0.0751408002152787,0,0.410977409768141,0
0,0,0,0,0.171949676693843
0,0,0,0.277225763322147,0
0.717586656554689,0.0436002815715574,0,0,0
0,0.0749421525210067,0,0.344859448117922,0.168636108058374
0.672011828831139,0.0761513626134645,0,0,0
0,0,0.0334657144998148,0,0
0,0.0429073244985156,0,0,0
0,0,0,0.291032081703435,0
0.648419639788085,0,0,0,0
0,0,0.0536282649021429,0,0.134762440258645
0.618983964513507,0.0601602232245718,0.0329942122450561,0.343936776473859,0
0,0.0739379422293237,0,0,0
0,0,0,0,0.166429192117975
0,0,0,0.225665362747629,0
0.614771853056236,0,0,0,0
0,0,0.029339616403123,0,0
0,0,0,0.31250570878259,0
0,0,0.0669825299994929,0,0
0.744719856395371,0,0.0560719160109406,0,0
0.725388883735903,0,0.025272715155449,0.244126076395094,0
0.659561001958741,0,0,0,0
0,0,0.0432778836750829,0.421938934228206,0
0,0.0600788007684894,0,0,0.101026145628339
0,0,0.0618011865406055,0,0
0,0.0550779605580383,0,0.336756617223645,0
0.683109542178404,0,0,0,0.112663250440872
0.750175959319297,0,0.0365039247705199,0,0
0,0,0,0,0.104666215145552
0,0.0368895697833758,0,0.12915284975808,0
0.685979452316388,0.109590006173093,0,0,0
0,0,0,0.246553219091493,0
0,0.0599852515636288,0,0,0.141896899838986
0.600460495086779,0,0,0,0
0.672699297799554,0.0535413282485683,0.0285966117511186,0,0.106599662637054
0,0,0,0.222945665627503,0
0.698081088601655,0,0,0.171098005731949,0
0.705086724755976,0,0,0,0
0,0.0604068004497291,0.0346580711632913,0,0
0,0.0494274730916107,0,0,0
0,0,0,0.325471429611538,0.269564495105681
0,0,0.0472927771877883,0,0.0732563191657934
0,0,0.0240131305605935,0,0.145685843535155
0,0,0,0,0.141669435428221
0,0.0912208690952117,0,0,0
0,0,0,0.246553219091493,0.102193498095944
0,0.0486738822746778,0.0299844993633748,0,0
0,0.173348408999433,0.162448783229494,0.256084403936909,0
0,0.0360932466136054,0,0,0
0.611640049977903,0,0,0,0.109000817849567
0,0,0.0276043197119484,0.258864332850155,0.134791831727452
0.588789890932503,0.0619457426161093,0.0339067763617526,0,0
0,0,0.0277986200916567,0,0
0.644616736050109,0,0,0,0
0,0.0645541485318838,0,0,0
0.660019314604351,0.0514168373554679,0,0,0
0.651169515661743,0.065728133306462,0.0400680414023021,0,0
0,0.0397757359925946,0.0196438979220934,0.139568316753043,0.197449331663557
0.754049792395284,0,0.0378374730432511,0.311914642944607,0.270214302144299
0.69097178649178,0,0,0.203650311418227,0.21680936437754
0,0,0.0268405896861084,0.31099064752487,0.109375239604365
0.735089834734643,0,0,0,0
0,0,0.228687078007911,0,0
0.767788259557728,0,0.0310369597534613,0,0
0.743383111179009,0.0646696413773908,0,0,0.218129424693945
0.6959477523584,0,0,0,0
0,0,0,0,0.121279423416055
0,0.0358316553185322,0,0,0
0.67269384169663,0.0510969221734137,0,0,0
0.702358673294013,0,0,0,0
0.676365798964432,0,0,0,0.150878549339331
0.583715715213252,0,0,0,0
0,0,0.0264149423209608,0,0.156883354205536
0.733011059520627,0,0,0,0
0.71311265215707,0,0,0,0
0,0,0,0.217230264159436,0.0603034349681805
0,0,0.0353646768774971,0,0
0,0.113061143644804,0,0,0
0,0,0.0499812467750185,0.201020631043863,0
0,0,0,0.304222844396789,0
0.739503822000098,0.0779016566871224,0,0.372417148190068,0
0,0,0.0212739485742595,0.224515001687814,0
0,0,0,0,0.119644363227439
0,0,0,0,0.140810054438112
0.691942972812239,0,0,0.15371947869714,0
0,0,0.0344980971839981,0.374979977892946,0
0.753722426219848,0,0,0.175069332750872,0.101514938533493
0.700432668961867,0.350784109801358,0,0,0
0.75241841762103,0.0736902100757113,0,0,0
0,0,0,0,0.119807294195824
0.7554902035672,0,0,0.299945725197408,0
0,0,0.0316326847176469,0.417377203259136,0
0,0,0.0290157824369426,0,0
0,0.0544652710126239,0.0258556162945739,0,0.105029135890817
0,0.0642226840652789,0,0,0
0,0,0,0.44776712138361,0
0,0,0,0,0.152578781915301
0.629819784920423,0,0,0.314995068935618,0
0,0.0730336332490043,0,0,0
0,0.0563732128203988,0,0,0.148794310833951
0,0,0.165068600015894,0,0
0,0,0,0.236671895580575,0.120815549364889
0,0,0,0,0.184007207299307
0,0.0644097824750001,0,0.471429611538029,0
0,0,0,0,0.177714877194776
0,0.0721841833703006,0.0410531443274231,0,0
0,0.0758880389257086,0.0410162272552785,0,0
0.622972375750896,0,0.0309878665241883,0,0
0,0,0,0,0.106507015615815
0.601715398759282,0.0612158278325053,0,0.265375985385517,0.116596595701178
0,0,0.0248841143960325,0,0
0,0,0,0.342544826353726,0
0,0,0,0.190828882137633,0.0704947989879112
0.59573550995466,0.0772583615376486,0.0411081961016738,0,0
0.632084067633852,0.0694585522163366,0.041058325670882,0,0
0,0.225545400526301,0,0.234935763785469,0.0661518899992333
0,0,0,0.305205747833972,0.215772995629616
0,0,0.0329799635505441,0,0.211044163876607
0,0,0,0.277882356055943,0
0,0.101768253211134,0,0,0
0,0,0,0,0.147556674419199
0,0.0525117095308738,0,0,0
0,0,0.0437960180209716,0.404744412011941,0
0.665922817968038,0,0.0410356572932493,0,0.150392312214072
0,0,0,0.323512903503372,0
0,0,0.0471781399637604,0,0.188561607074399
0.759276738996404,0,0,0,0
0.801005014158587,0,0,0,0.128068213765431
0,0,0.0216727824870073,0,0
0,0,0,0.267846812679123,0
0,0.0630140514370486,0,0.318698993268601,0.184472359240422
0.481842089469176,0.131347703338147,0.133044659100308,0.18058484409232,0.466940348097222
0.640371887975295,0,0,0,0
0,0.0446096890412881,0,0,0.298703580647635
0,0.061359038960934,0,0,0
0,0,0.0269278953233906,0,0
0,0.0575246764901031,0.0478387612547685,0.246451288364674,0
0,0,0,0.171896242462752,0
0.7980205258592,0.0514711189928562,0,0,0
0,0.0474779538594533,0,0,0
0,0,0,0,0.109037237713088
0,0,0.0177099614760637,0,0
0.631969489472449,0,0.0383232239925217,0,0.0843432923556623
0.744114228970815,0.0673710190337984,0,0,0
0,0.0675211597329575,0,0,0.253596621258977
0,0.0646505850578821,0,0,0
0,0.0825086662943947,0,0,0
0,0,0.0331418805336343,0,0.127874613438291
0,0,0.0475816370856212,0,0.161278656682087
0,0.0645541485318838,0,0,0
0,0.0675240470540951,0,0.334489651383677,0
0,0.0700400586934641,0,0,0
0,0,0,0.397323987477082,0
0.579798233313873,0.101511859094109,0,0,0
0.641244864443123,0,0,0.364121046047537,0.200365476525162
0,0,0,0,0.109902369207964
0,0.0766808973101138,0.0402429117440395,0.425168284982427,0
0,0,0,0,0.235600097119636
0.727500395567462,0,0,0,0
0,0,0,0.29698907223182,0
0,0.0521144141423299,0,0,0
0,0,0.0281686975482077,0,0
0,0,0,0,0.102380070028369
0,0,0.0405680410460847,0,0
0.708420403642494,0,0.0290129974648334,0.285604601444239,0
0.641468564663004,0,0.0301924655364559,0,0
0.744632558748588,0.0670609207436123,0.0416127294209829,0.227713905601557,0.0939453574258185
0.6273972752222,0,0.0264425977416726,0,0.203078436885015
0,0,0,0.484088216410847,0.105619521046847
0,0.0520924705016836,0,0,0
0,0,0.0460479594217906,0,0
0,0,0,0.295036503114182,0
0,0.0489626143884452,0.0232944134560526,0,0
0.697333602501078,0.0792205849828118,0,0.418039091095623,0
0,0,0,0,0.182665422853784
0,0,0,0.49242535559924,0
0.752080139239747,0,0.027312869142386,0,0
0,0,0.0327642901290679,0,0.232020727374958
0,0.0706550580957886,0.042990966781047,0,0
0.885105384627976,0,0,0.354724886320764,0.100314360927237
0,0.0780748959553828,0.0387752962093097,0,0
0,0,0.033062217377954,0,0
0.738363496488998,0,0,0,0
0,0,0,0.246056803214127,0
0,0.0419106212417906,0,0.186869469099766,0
0,0,0,0,0.145609170138268
0,0,0.0199618381100894,0,0.0621402739796049
0,0,0,0.359989542172184,0.237490096352902
0.668012505387902,0.0492201634339257,0,0,0
0,0.0613301657495572,0,0.34677428962888,0
0.679001096676688,0,0,0.126751520687304,0
0,0.0710506210916499,0.0440026240913948,0.283648060999583,0.197044240550004
0,0.040007299147836,0,0,0
0,0,0,0.368629164101851,0
0,0.0628743050939852,0,0.390965231031949,0
0.69526573949291,0.0718688879020667,0.0548497666225756,0,0.162313747540062
0,0,0,0.303437183534878,0
0,0,0.0394501661948298,0,0
0,0,0,0.207887717347418,0
0,0,0.0351787961809095,0,0
0.645282380606828,0,0,0,0.132733789966008
0.766800704928498,0.0730059149660827,0,0,0.239987093311524
0,0.0464795182100457,0,0.233328700118478,0.128541033046234
0.632296855647885,0,0,0,0
0,0.0430147328448371,0,0.302416552491015,0
0,0,0.0172996638409131,0.108775970823984,0
0,0,0.0639838274726618,0.319311901405188,0.0967969688450431
0.726720172849341,0,0,0.282824672530993,0
0,0.0791668808096511,0,0,0.0943926189076597
0,0.106446290918393,0.0934190396626013,0,0
0,0,0,0.218158230906191,0
0.730119324970946,0.0374133298377499,0.0174386533791977,0,0.100908579753112
0,0,0.0294363132254245,0,0
0,0,0,0.260364832575472,0
0,0,0.023815462307637,0.222129557925114,0.110673575791653
0,0,0,0,0.321331177958954
0,0.0413649175467702,0,0,0
0,0,0.0643536458620398,0,0
0.708256720554777,0.0568865785186772,0,0.138809793292429,0
0.669589319132916,0,0,0,0
0.703559015937277,0,0,0.278820251120245,0.119225215324456
0,0,0.0293379324664989,0.217013164949068,0
0.762430366486433,0.0588320555012418,0,0,0
0.734729731941663,0,0,0,0.114206941498198
0,0.0460568143954903,0.0225859295048429,0,0.194476320699261
0,0,0,0.431587935108517,0
0.755304696067787,0.0582465067745216,0.0307878666666753,0.311393075329455,0.178168528126358
0.701736677560686,0,0,0.340556515292918,0
0,0.0650738663366651,0,0,0
0,0.0929850223103304,0.0540427723788539,0,0.132050118843765
0,0,0.033509108251283,0.18143470807437,0
0.717024677953525,0,0,0,0
0.815992928890611,0.107863965596991,0,0.146740533349219,0
0.652724504995062,0,0,0.56199307665323,0
0.663183854300228,0,0,0.209235982870343,0.0855841234952846
0.727773200713658,0.0633091356573189,0,0,0
0,0.065644978457697,0,0,0.150016612569326
0,0,0,0.23614900418975,0
0,0.0633992200768143,0,0.323994095960499,0.0653161499731643
0,0.0408226786371151,0,0,0
0,0.042033043658028,0,0,0
0,0.0613116868942761,0,0.183487222255317,0
0.608950191236407,0.0694625944659293,0,0.444126738282931,0
0.711148455104457,0,0,0,0.14669409870422
0,0,0.0290710285115729,0.236624901544184,0
0,0.0389459198976271,0.0193665017466633,0,0.126523244818156
0,0.0686414403343749,0.0450758098553168,0.209565603012913,0.0997661461394945
0,0.0951100906676584,0.0839883468994938,0,0
0.64186686017645,0.0603837018806277,0.0367940800042176,0,0.210571983540777
0,0.0756732222330657,0,0,0
0.736219248039895,0,0.0521774887336544,0,0
0,0,0.0390272390349981,0,0.129547371380377
0.700530878814498,0.0544294682305168,0.0445518464980368,0,0
0.557433667428702,0,0,0.292003071159561,0
0,0,0,0,0.201580749865822
0,0.0681136380304081,0,0,0
0,0,0.0273051618939909,0,0
0,0,0,0.460644149242469,0
0.604481642941712,0.0609536590732045,0,0.364330202603867,0
0,0.0599344347116057,0,0,0
0.742908430224628,0,0.0276452523252736,0,0
0,0,0,0,0.0667001047869757
0,0,0.0392409694526772,0,0
0.724930571090293,0.0460302510410237,0,0,0
0,0.055371312385626,0.0287955105731466,0.339879404036192,0
0,0.0412632838427242,0.0174359331738818,0,0
0.603674139708971,0,0.029417789922559,0.321199605514849,0
0.654001233079261,0,0.0276043197119484,0,0.200392312214072
0,0,0,0.331399297075118,0
0.692559512442643,0.0440778444877286,0,0,0
0,0,0.0274466125704185,0,0
0.697824651764231,0.0685317221311433,0,0.397605951695426,0
0,0.0636521494084745,0,0,0
0,0.0349850927609662,0,0,0
0,0.0334946575896989,0,0,0
0,0,0.0249457723831932,0,0.0811000076673397
0,0.047331855409887,0,0.174680142703018,0
0.627484572868983,0,0,0,0
0,0,0,0.252679652906019,0
0.719665431768705,0,0,0,0.288094538298362
0.70948434371266,0,0.0487759367528948,0.317301748045776,0
0,0.200835706230088,0,0.348704354560076,0
0,0.0472013484944641,0,0,0
0,0,0,0.301133813863903,0
0,0,0,0,0.172673601349452
0,0,0,0.371120509918389,0
0,0.0483851501609104,0,0,0
0.727729551890267,0,0,0.154533600736019,0
0,0.056608818225233,0,0,0
0,0,0,0.261288827995208,0
0,0,0,0,0.600455567766504
0,0,0,0.416651774190346,0
0.631118337416317,0,0,0,0
0,0,0.0216457747342279,0.1062329977562,0
0,0,0.0364657123625106,0,0.267265571089018
0.655812659250004,0.0710985506225353,0,0,0.338497073632019
0,0.0679883282930331,0,0,0
0,0,0.0415939470509444,0,0
0,0,0.0371574217142721,0,0
0,0,0,0.189366110018996,0
0.747988062046802,0,0.0260450591647894,0,0
0,0,0.0450285300962545,0,0
0.658617096152902,0,0,0,0
0.735640901129959,0.0481703334682675,0,0,0.172839727042707
0,0,0,0.218476598955541,0.132110179671327
0,0,0.0348789259282263,0,0.214686150228742
0,0,0.0145214274782576,0.119801698404188,0
0.666304745172713,0,0,0,0
0.647693978099203,0.0818347655408617,0,0,0
0,0.061998291860815,0.0491114287418578,0,0.0954194034809722
0,0,0,0,0.122004625961612
0,0,0,0.151347934579006,0
0.593744032387427,0,0.0288025053868161,0,0.103206864824801
0.552566823620561,0,0,0,0
0,0,0,0,0.081060393078948
0.631249283886491,0.06378438871658,0.0324404561628874,0,0
0.713881962669344,0,0,0,0
0.861294951467965,0,0,0,0.0971509443606716
0,0,0.0453594884096909,0.22075481688873,0
0,0,0,0.246958294447423,0
0,0,0.0239687653072268,0,0
0,0,0,0.38780339283705,0
0.653935759844174,0,0,0,0
0.798162384535222,0,0.030497258065425,0.245648418419015,0
0,0,0,0.172669989343606,0.212000664502773
0,0.116424295305967,0,0,0
0.615524795259738,0.0776816428164316,0,0.476228298352561,0
0,0,0,0.319924147653939,0.292816980601631
0,0,0,0,0.100435121527334
0,0,0,0.314270963642501,0.152309147136249
0,0.0577013805437288,0,0,0.155655940910369
0.68967869009881,0.0619405454380615,0,0,0
0,0,0.0300654578549199,0,0.242792061747642
0.678160856826403,0,0,0,0.155694277608812
0,0,0,0.396773958684961,0
0,0,0.0300834630234396,0.244787964231581,0
0,0,0,0.234712707584573,0
0,0,0,0.234072000158853,0.149909269813684
0.724264926533574,0,0,0.363442611015137,0
0.778804131361134,0.0597098011270947,0,0,0.107047563063869
0,0.0857921278921574,0.0483523619251308,0,0.149638357144683
0.779055112095635,0,0,0.343916919838764,0
0.728711650416573,0.0529430753088423,0,0,0.188851049147647
0,0,0.152391147907861,0,0
0,0.0402446369453529,0,0,0.112273494006696
0.74805353528189,0.0761675316118354,0.0387727055375803,0,0
0,0.0870752534057396,0,0,0.130490454162088
0,0,0.0397804768403339,0,0
0,0.0659868372803976,0.0506476970774179,0,0
0.792237056759839,0,0,0,0.160924042221484
0,0.0505899085816381,0,0.262077798296301,0
0.630987390946143,0,0,0,0
0,0,0,0.370113778519092,0.201886165563422
0,0,0,0,0.118354333324814
0,0.0776475724270071,0,0,0
0.749150211969599,0,0.0308056775348152,0,0.128674572545812
0,0,0,0,0.0692379942239374
0,0,0,0.395058345412786,0
0,0,0.0669825299994929,0,0
0,0,0.023681330278845,0,0
0,0,0,0,0.110441638766069
0,0,0.283200640206798,0.457191742287352,0.160307460321517
0.699123204260125,0,0,0,0
0,0,0.0657551992676689,0,0
0,0,0.0214086635041905,0,0
0.675983871759757,0.0739431394073716,0.0443562507824638,0.471111243488678,0
0.636257986370655,0,0,0,0.172257009226365
0.755692079375385,0,0.0197598952487793,0.165296558845138,0
0,0,0.0153976574239487,0,0
0,0,0,0.38819721609976,0
0,0,0,0.30494430213856,0.234204641296292
0,0,0,0.544182336861196,0
0.625443990375434,0,0,0,0.171476218468065
0,0,0.0169977858176397,0.207112646690892,0
0,0,0.0242981044508323,0,0
0,0,0.0467280107507695,0,0
0,0,0.0211900108102255,0,0
0.656549233144734,0.0853503677580933,0,0,0
0,0,0,0.267520501975735,0
0,0.0507227253539712,0.0288935027313128,0,0
0,0,0.0358944692461683,0,0
0,0.128797621309354,0,0.124475950305461,0.0798892069414982
0,0.0628217558492795,0,0.303475573029394,0
0.631549369547307,0,0,0,0.114178188974366
0,0,0.0204681848996092,0.228561783920097,0
0.708513157392201,0,0,0.263868204893999,0
0.744054211838652,0.0301927171366552,0,0,0
0,0,0.0211336637001101,0,0.149230071306259
0,0,0,0,0.195370843662944
0,0,0.0298774398541555,0,0
0,0,0.0359942101077519,0,0
0.837888269924324,0.0454978290232366,0,0,0
0,0,0.0193041960915701,0.170181291078414,0
0,0,0,0.377777777777778,0
0.752385681003486,0,0.0401043108065143,0,0
0.740922408760319,0,0,0.46458767697226,0
0,0.0475189538196082,0.0264021184959,0,0
0,0,0,0.288136322418803,0.139433766963989
0.698015615366568,0.0634211637174606,0.0349475787290566,0,0
0,0,0,0,0.194397091522478
0,0.0726796476775255,0.0465809901301236,0.299598895971089,0
0,0,0,0,0.138384619316584
0,0.0655289081479625,0,0.248787090539637,0.149962941191505
0,0.0402561862299035,0,0,0
0,0.0713393532054173,0,0,0
0,0.137892105428799,0,0,0.135599458174662
0,0,0,0.367149182899466,0
0,0.0940960634841073,0,0,0.25786157896082
0.88757154314959,0,0,0,0
0,0,0.0412053462915279,0,0.166945459657014
0.742302802800072,0,0.0299631910884001,0,0
0.754655419819839,0,0,0,0
0,0.0522853435536802,0,0,0
0.616725137903001,0,0,0,0
0.729251804606042,0,0,0,0
0,0,0.0387008143970882,0.389631527041428,0.169761290157692
0,0,0.0415000352007521,0,0.109979681549825
0,0,0.0197027709371451,0.240485693294414,0
0,0.0564696493463971,0,0,0
0,0,0.0277563921424667,0,0
0,0.0399622569380883,0.0174470730623184,0,0.185048048662049
0,0.0456260260817493,0,0,0
0.82772355017705,0.0651316127594186,0,0,0
0,0.0692483552375139,0,0.463054744742956,0
0,0.0500349654589772,0,0,0.168432284611649
0.711104806281066,0,0,0,0
0.690835383918682,0.114414142329918,0.0611444512571915,0,0
0,0.0837935242006596,0,0,0.106673780254045
0,0.0519400199456144,0,0,0
0.815932911758447,0,0,0,0.118429089886779
0.653712059624293,0,0.0276906538473321,0.267954038508634,0
0,0,0,0.467965952489691,0
0,0.0463744197206344,0,0,0
0,0,0.0527338354875524,0,0
0,0,0,0,0.0954194034809722
0,0,0.0417234806374167,0,0
0.645102329210338,0,0,0,0.106701893832903
0.723233723080952,0,0,0.235761137917568,0
0,0,0,0,0.117719860965574
0.722464412568679,0.0700417910861467,0,0,0.261085695299921
0,0,0,0.228667024086098,0
0,0.0640887123644908,0,0,0.186250543103228
0,0,0,0.137865279349761,0
0.703509911010961,0.0516299216554282,0,0,0.113658087765482
0.646046235016177,0.0470038557286472,0,0,0
0,0,0,0,0.0697676796074322
0,0.0740696040732017,0,0,0
0.749079282631588,0.0645674302091171,0.0363465414629562,0.319129882250154,0
0.714973183254129,0,0,0,0.140585145807243
0.710417337312651,0.0500008950695527,0.0246455135297508,0,0
0,0.0532346947437474,0,0,0
0.628270251690028,0.0562207622643296,0.0265096313726719,0.288485799196468,0
0,0,0,0,0.0786931019500601
0,0,0,0,0.163300917524983
0,0,0.0247184409389345,0.271366070305726,0
0.768246572203338,0,0,0,0
0,0,0,0.22893045544502,0.102052291256677
0.657094843437127,0,0,0.325204026925597,0
0.73863084553227,0,0,0,0
0,0.0591346467564701,0.0324566478611965,0,0
0.767848276689891,0.0581760561387624,0,0,0
0,0,0,0,0.146616147417384
0,0,0,0.204549816988013,0
0,0.042033043658028,0,0,0
0,0,0.0355706352799878,0.387314919613722,0
0,0,0,0.183863174546441,0
0.757749030177705,0,0.025505875611099,0,0
0,0.0638802477783508,0,0,0.158140797914484
0,0,0.0224677948739803,0,0
0.665780959292016,0,0,0,0.256357502491885
0.638658671657182,0.0420041704466513,0,0,0
0.652146158085126,0,0,0,0
0,0.0783803745317487,0,0.221458403658916,0.0810648656937665
0.768797638598655,0,0.0603879751121939,0.217189227113573,0
0,0,0,0,0.101145628338488
0.748113552414053,0.0407337491460747,0,0,0.101959005290464
0.655256136751764,0,0,0,0
0,0.0495400786159799,0,0,0
0,0,0.0129022576473553,0,0.0866626626114959
0,0.0390377367098051,0,0,0.0854767807396427
0.677358809696586,0,0,0,0
0.601971835596707,0,0,0,0
0,0,0.0357649356596961,0,0
0,0,0,0,0
0,0.0630140514370486,0,0.38113685854795,0
0,0,0,0.187842444219403,0
0,0.0392843139349625,0,0,0
0.614504504012964,0,0,0,0
0.741457106846864,0.0433646761667232,0,0,0
0,0.0588736329256244,0,0,0.15467388248524
0,0,0,0,0.261267794617528
0,0,0,0.216490935446079,0
0.531331671040642,0,0.034347190555758,0,0
0,0,0.0398964094002265,0.451785442438924,0
0,0.0588026048256375,0,0.32888147574512,0
0,0,0,0,0.1310418636747
0,0.102609618590652,0,0,0
0,0.083210862795077,0,0,0.124265852224806
0,0,0.0252038680542391,0.223722060059702,0
0,0.0429361977098924,0,0,0
0,0,0.0224870306115715,0,0
0,0,0.0313822315282029,0,0
0,0,0.0507908316904697,0,0
0,0,0.0626936729513988,0,0.106777928284816
0,0,0.114909956994202,0,0
0,0,0,0.289323749197461,0.234671710072329
0,0,0.0285110548172537,0.322405565152929,0
0,0,0.0333964140310522,0,0
0.594093222974558,0,0,0,0
0,0,0.15851938188386,0.273194204510104,0.247674240294426
0,0.0619555595079774,0.0334268544238732,0,0.128811945715235
0,0.0709062550347662,0,0,0
0.58852254188923,0,0,0.419159005314959,0
0,0,0.0202641047341223,0.28582501009379,0.131356224601937
0,0.0405218197745695,0,0.0885658876246831,0
0,0.0501175428435147,0,0,0.169983643008664
0.730102956662174,0,0,0.292230760575313,0
0.718257757214332,0.0435690985032705,0,0.198572307936697,0
0.772442315351837,0,0,0,0.0972429524369361
0,0,0.0660576601920815,0,0.208477521915813
0,0,0,0.262477578549539,0.155632299946329
0,0,0,0,0.148409665959568
0,0,0,0.345858898751018,0
0,0,0,0.402070385152532,0.207697370102487
0,0,0,0.239409463672286,0.207462238352033
0.641228496134351,0.0673935401386723,0.0403918753684826,0,0.13542438725177
0.637163699456027,0,0,0,0
0.705375898210944,0.107080924104454,0.106171621250788,0,0
0,0.0524366391812943,0,0,0.114864415876505
0,0,0.0320084616520027,0.417320280905198,0
0,0,0.0249303578864031,0,0
0,0.0514301190327012,0,0,0
0.695876823020389,0.046352476079988,0.022888260895669,0.281849711747847,0.224129118000358
0.69336155957246,0,0,0,0
0,0,0,0,0.0972231451427403
0,0.0494436420899816,0.0221990126820505,0,0
0,0,0.0335434346516981,0.347184660087502,0.119631584327958
0,0,0,0.335908077017269,0
0.692564968545567,0.0448926465127801,0,0,0
0.638047588129702,0,0,0.510290370193867,0.0918419505712168
0,0.0439317460381623,0,0.167670750514618,0
0,0.0388015538407435,0,0.17893608149163,0
0.73761601038842,0.0640488673327909,0,0.301489909519933,0.161842206149206
0.660777712910776,0,0,0,0
0,0,0.0300654578549199,0,0
0,0.0560053681074592,0.0275014700442895,0,0.155903851560304
0,0,0,0,0.108721598895903
0,0,0,0.44699469827843,0
0.720854862206121,0,0,0,0
0,0.0672070191931785,0.0402461500837014,0,0
0.662201755773921,0,0,0.244500043022709,0.196414240805582
0,0,0.0319143555014307,0.355515842285366,0
0.875420801938008,0.0824555395854615,0,0,0
0,0,0,0.419362866768597,0
0.570681085327994,0,0,0.197573519191438,0
0.684609970482483,0,0.0422001642356343,0,0
0,0,0.0276367031085664,0,0
0,0,0.03436143925027,0,0
0.727342168582668,0,0,0,0
0,0.0706666073803393,0,0,0
0,0,0,0.361139903231998,0
0.690829927815758,0,0,0,0
0,0,0.0423711485697776,0.368075825870548,0
0,0.0538710603224907,0,0,0
0,0,0,0.456657598803307,0.195177243335804
0.681429062477835,0,0,0,0
0,0.0537590322623489,0,0,0
0.81957758851163,0.0636302057678282,0,0,0
0.686585079740944,0.0722373100792338,0.0426399307617074,0.331767306712205,0.156929358243668
0.757552610472444,0,0,0.201086819827512,0
0.640824744517981,0,0,0,0
0,0.0601908288286311,0,0.448429009220098,0
0,0,0.107785609738231,0,0
0,0,0.110098431924692,0,0.456239297671685
0,0,0,0.143358948392605,0
0.755572045111059,0,0,0.247761826280918,0
0,0,0,0.337404605415566,0.103112300968641
0.644038389140173,0.063195952668722,0.0338672686178786,0,0
0.660095700045286,0,0,0,0
0,0.0662969355705837,0,0.30154881753738,0
0,0.0822511172489142,0.0559857761759366,0,0
0.711754082529013,0,0,0,0
0.708305825481092,0,0.034822578818111,0.400704910545859,0.13892069414982
0.546805178932895,0,0.0290939559563785,0,0.183881335139418
0.770494486607995,0.0581662392468942,0,0.274497461660147,0
0.839470539772262,0,0,0,0.0837816597234646
0,0,0,0,0.0617248958519692
0,0,0.0407085849874071,0.524556038733676,0
0,0.0516697666871281,0,0,0.190118077031206
0.776425270486302,0,0,0.385412653971658,0
0,0.0720611834898358,0,0.389520991772734,0.290719963196769
0.675116351394853,0.0941543873710883,0,0.489527610651099,0
0,0,0.0262514061680397,0,0
0,0,0,0.24334107742102,0
0.705364986005096,0,0.0436723134458907,0,0
0,0,0,0.376322286425342,0
0,0.0636128818410022,0,0.378688535440784,0
0,0,0,0.455346398999226,0
0.747158734402366,0.0588898019239953,0,0,0
0,0,0.0377824212690004,0,0
0,0,0.0252889068537581,0,0
0,0,0.0282612492957421,0.358837857336696,0
0,0,0,0,0.0997776471490275
0.80858354111992,0.0460342932906164,0.0177597671400623,0.12174036787726,0
0.707869337247178,0,0.0393957620885115,0.343002852736575,0
0.66111599129206,0.0628217558492795,0,0,0
0.70874776981793,0,0,0,0
0,0.059356970484071,0,0,0
0,0,0,0,0.136359802693792
0.628308444410495,0,0,0,0.192571625731592
0.654268582122533,0,0,0,0
0.658966286740033,0,0,0,0
0,0,0,0.149598565027171,0.1397487668362
0.750421483950873,0,0,0,0
0,0.0652805985301226,0.0428517181755894,0.329097251179815,0
0.748015342561422,0,0.0266975846066431,0,0.19177166662407
0,0.0437995067300568,0.0244650084770017,0,0
0.727069363436472,0,0.0411872115894218,0,0
0.729000823871541,0,0,0,0
