0.0482415734281991,0.00110016537237061,0.0442268300757342,0.00684248707760513,0.0230333702666375,-0.00547815919281929,0.0221943566634768,-0.00515621528771936,0.0194344990829546,-0.0148078670755293,0.0167706165395485,-0.0130448001751043,0.0114561109340217,-0.0142274713307849,0.0129466599679411,-0.00536719666401271,0.00907841792199377
0.00110016537237061,0.0893226505305186,0.00716807196232015,0.0651240281263925,0.0274320816439143,0.0580990396416275,0.00517293513626553,0.0535314167984659,0.0115197061574973,0.0371358931774401,0.025521217382654,0.0446926585143049,0.010018178714343,0.0373484570479292,0.000806575917066261,0.026888943921947,-0.0069400852283276
0.0442268300757342,0.00716807196232015,0.0713514253747782,0.0109521911381531,0.0258973636732673,-0.0018473410646632,0.0138872173953843,0.00292734010145026,0.0374678905569955,-0.0159553506965122,0.0159582090636526,-0.00533867325639932,0.0165069945134192,-0.0112142092723726,0.0113428151291565,-0.0101116145076918,0.0146050744120348
0.00684248707760513,0.0651240281263925,0.0109521911381531,0.0997922734010852,-0.000731340003695851,0.0471389798171409,0.0127150903217878,0.0517702515694718,0.0158081069277207,0.0294597906554617,0.00887184054902668,0.0265201218435455,-0.00227622841982468,0.0387160955423464,0.0316537884332987,0.0395774257986865,0.00844625990282842
0.0230333702666375,0.0274320816439143,0.0258973636732673,-0.000731340003695851,0.0729725726580804,0.0279759756623361,0.0313038811072907,0.0110499676931848,0.0189812000994071,0.000360468574963982,0.0422646319156994,0.0076922757477947,0.0278404947412747,0.00892088663281539,0.00894868809220238,-0.00109191946489944,0.00137816571200171
-0.00547815919281929,0.0580990396416275,-0.0018473410646632,0.0471389798171409,0.0279759756623361,0.0966010976149195,0.00345920609226869,0.0521479817127027,-0.011807713069674,0.0391114378373273,0.0375571864429527,0.0357564767548873,0.0171762889739029,0.0567655462057341,0.00936253107952601,0.0257127402501386,-0.000716978852146667
0.0221943566634768,0.00517293513626553,0.0138872173953843,0.0127150903217878,0.0313038811072907,0.00345920609226869,0.0809121463430266,-0.00962500564047786,0.0288810879386614,-0.00649217981157427,0.022671825634553,-0.013416666032576,0.0173001951937609,-0.00232749173724755,0.0120597749806151,-0.00736127212342765,-0.00657788127422479
-0.00515621528771936,0.0535314167984659,0.00292734010145026,0.0517702515694718,0.0110499676931848,0.0521479817127027,-0.00962500564047786,0.0828311605813498,-0.00391168639939041,0.0291110456595575,0.0192083731892997,0.0645730547690351,0.00190202357089196,0.0578618221168621,0.00490915119154741,0.0370738882447411,0.00736982031530716
0.0194344990829546,0.0115197061574973,0.0374678905569955,0.0158081069277207,0.0189812000994071,-0.011807713069674,0.0288810879386614,-0.00391168639939041,0.0642189194901605,-0.00658917850893974,0.0237411292395962,-0.00432005200519863,0.0150080037912021,-0.0144701061050594,0.023439075723291,-0.0088568876518235,0.0126869923150611
-0.0148078670755293,0.0371358931774401,-0.0159553506965122,0.0294597906554617,0.000360468574963982,0.0391114378373273,-0.00649217981157427,0.0291110456595575,-0.00658917850893974,0.0534787668996207,0.00106223268270402,0.0277528763693461,0.0109000512644331,0.0268069060600457,-0.00522968366401264,0.0272154597247569,0.00480547665668868
0.0167706165395485,0.0255212173826541,0.0159582090636526,0.00887184054902669,0.0422646319156994,0.0375571864429527,0.022671825634553,0.0192083731892997,0.0237411292395962,0.00106223268270402,0.0702771291526871,0.00778304265159886,0.0265878816135915,-0.00105243795564595,0.0386234198816241,-0.0160881204248406,0.0160001837537448
-0.0130448001751043,0.0446926585143049,-0.00533867325639932,0.0265201218435455,0.0076922757477947,0.0357564767548873,-0.013416666032576,0.0645730547690351,-0.00432005200519863,0.0277528763693461,0.00778304265159886,0.079452153464493,0.00435159834270302,0.0546159233495603,-0.0116249345732209,0.0386888492662861,-0.000976087002458966
0.0114561109340217,0.010018178714343,0.0165069945134192,-0.00227622841982468,0.0278404947412747,0.0171762889739029,0.0173001951937609,0.00190202357089196,0.0150080037912021,0.0109000512644331,0.0265878816135915,0.00435159834270302,0.0626789915733999,-0.00937577614273376,0.0114126926780968,-0.00464631084038132,0.0228336222093622
-0.0142274713307849,0.0373484570479292,-0.0112142092723726,0.0387160955423464,0.00892088663281539,0.0567655462057341,-0.00232749173724755,0.0578618221168621,-0.0144701061050594,0.0268069060600457,-0.00105243795564595,0.0546159233495603,-0.00937577614273376,0.088284366938303,-0.000686663338758606,0.0552443044167767,-0.000992819098638225
0.0129466599679411,0.000806575917066261,0.0113428151291565,0.0316537884332987,0.00894868809220238,0.00936253107952601,0.0120597749806151,0.00490915119154741,0.023439075723291,-0.00522968366401264,0.0386234198816241,-0.0116249345732209,0.0114126926780968,-0.000686663338758606,0.070284583226935,0.00492053551490534,0.0350502063109548
-0.00536719666401271,0.026888943921947,-0.0101116145076918,0.0395774257986865,-0.00109191946489944,0.0257127402501386,-0.00736127212342765,0.0370738882447411,-0.0088568876518235,0.0272154597247569,-0.0160881204248406,0.0386888492662861,-0.00464631084038132,0.0552443044167767,0.00492053551490534,0.061739863067289,-0.00125988755979005
0.00907841792199377,-0.0069400852283276,0.0146050744120348,0.00844625990282842,0.00137816571200171,-0.000716978852146667,-0.00657788127422479,0.00736982031530716,0.0126869923150611,0.00480547665668868,0.0160001837537448,-0.000976087002458966,0.0228336222093622,-0.000992819098638225,0.0350502063109548,-0.00125988755979005,0.0522398722422907
