0,0,0.0298774398541555,0,0
0.750072293363742,0,0,0,0
0,0,0,0,0.135455695555499
0,0.0663344707453735,0,0,0
0,0.13603671286573,0,0.194328945016977,0
0.850426394443505,0,0,0,0
0,0.0615432500495176,0,0,0.187844710813505
0,0,0,0.454963827829736,0
0,0,0,0,0.200745009839753
0,0,0.0413996466712362,0,0.148225010862065
0,0,0,0.331274862161858,0
0.65022015375298,0,0.0677798092242292,0,0
0,0,0.0170311407161562,0.160425064368592,0
0.78893065838794,0,0.0325330726772151,0.272335074098343,0
0.720374725148815,0,0,0,0
0.524405148378719,0,0,0,0
0.64232517282206,0,0,0,0
0,0.0466175321604265,0,0,0
0,0,0,0.182151532601285,0
0.648419639788085,0,0,0.148924763209626,0
0,0,0.0348886409472118,0,0
0,0.0481841926097283,0,0.278049151790738,0
0,0,0,0.279749541642673,0.131245048176451
0.739411068250391,0,0.0286121557814952,0,0
0,0,0.0328413626130188,0,0.177478467554374
0,0,0,0.156032776685663,0
0,0.0749485046275096,0,0,0
0,0,0.0158167633429795,0,0
0,0,0,0,0.394851381399034
0,0,0,0.399994043009472,0
0.686470501579542,0,0,0,0
0,0,0,0.24005877563988,0.0826769238633169
0.715649740016696,0,0,0.304137460865882,0.167448948296573
0,0,0,0,0.120306949165538
0.728520686814236,0,0,0,0
0,0,0,0,0.167041301403123
0,0.080296400838709,0,0,0.107836021161858
0,0.0581494927842957,0,0,0
0,0.0544525667996182,0,0,0
0,0,0,0.228566417134952,0
0.673261276400718,0.0642532896693382,0.0346289261063351,0.300818093365898,0
0,0,0.0249812645858866,0,0
0,0.0334946575896989,0,0,0
0,0.0442037316893312,0.0214001142874833,0,0.183046234058323
0,0,0,0,0.0547548368134536
0,0,0.0595395301208011,0.330471992216199,0
0,0.0397231867478889,0,0,0
0,0.044573886259181,0,0,0
0,0,0.0245242700928128,0.262585466266886,0
0.638173078496953,0,0.0297011446429669,0,0.189477215222225
0.656074552190352,0,0,0,0
0,0,0,0.346655149818312,0
0.621455579138045,0,0,0,0
0,0,0,0.139568316753043,0
0,0,0,0.282172713012053,0
0.713041722819059,0,0,0,0
0,0,0.0341211544473641,0,0
0,0,0.040259751110281,0,0
0,0.0503652749971271,0.0277754983464714,0,0
0.659457336003186,0,0,0,0.247801390344264
0,0,0.0435855259429543,0,0
0,0,0,0.435407689812884,0
0.664324179811328,0,0,0,0
0,0,0.0234114470514302,0,0
0,0,0,0,0.197384159276203
0,0.079598824051847,0,0,0
0,0,0.041966356112052,0,0
0,0,0,0,0.278095049454341
0,0,0.0269410429824176,0,0
0,0,0,0,0.179464947478723
0.716217174720784,0.0708398466485997,0,0,0
0.740802374495993,0,0.224775163696451,0,0
0.703062510571199,0,0.0204783532861473,0,0
0.715442408105587,0,0.0608866794201118,0,0
0,0,0,0.440982771059616,0
0.640251853710968,0,0,0,0
0.765076576404537,0,0,0,0
0,0,0.0305556129461307,0,0
0,0,0.0855958587076136,0,0.0764516829810616
0,0,0.0394721869045301,0.336538194237605,0
0,0.0491936000794591,0,0,0.231073171978429
0,0,0,0.397537115360431,0.083634063434457
0.807099481124612,0.047912784422787,0,0,0
0,0,0.0225859295048429,0,0
0,0.0657344854129649,0,0,0
0,0,0.0904229278074996,0,0
0.624014491409366,0,0,0,0
0.742706554416443,0,0.0284582698807663,0,0.144631584327958
0,0,0,0.235925947988854,0
0.656440111086256,0,0,0,0
0,0.104996278243054,0,0,0
0,0,0,0,0.221057070565083
0,0,0,0.389631527041428,0
0.674919931689591,0,0,0.4178663383703,0
0,0,0,0.232774038111502,0
0,0,0,0.331096814333843,0
0,0,0,0.337689879073092,0
0,0,0,0.292230760575313,0
0,0.172537071759747,0,0,0
0,0,0,0.281811984141167,0
0,0,0.0291227124125754,0.240662417346756,0
0,0.0851263116378098,0,0,0
0,0,0.0164251825986393,0,0
0,0.0651316127594186,0,0,0
0.751687299829224,0,0,0,0.0711362997418662
0,0.0491208395867897,0,0.247364693579026,0
0,0,0.031522710702732,0,0
0,0.051998921296823,0.0289581399909624,0.287056783357492,0
0,0,0,0.10143960604436,0
0.746253021316994,0,0,0,0
0.736050108849253,0.0550069324580515,0,0,0
0.755037347024514,0.0513758373953129,0,0.29210500188638,0.118494901219107
0,0,0,0.224490511837864,0.0588617834232116
0,0.0785640081561048,0,0,0
0,0,0,0,0.0957778516114192
0.680659751965561,0,0,0,0
0,0.0651316127594186,0,0.310094451394267,0
0,0.0554925798734083,0,0,0
0,0,0,0.427248598452506,0
0.870341170115833,0,0,0,0
0.70392457483318,0,0.0520019707239846,0,0
0,0.14679082917511,0,0,0
0,0,0.0258556162945739,0,0.156379865565977
0.770336259623201,0.0630140514370486,0,0,0.184472359240422
0.74409240455912,0,0,0,0
0,0.0379330476425311,0,0.170105173977218,0
0,0.079921626555039,0,0,0
0,0,0.0345181748899013,0,0
0.646684599058277,0,0,0.306712866437653,0
0.546805178932895,0,0,0,0
0,0.0546356229597467,0,0.310094451394267,0
0,0,0,0.0796370207104704,0
0,0,0.0425563815984328,0,0
0,0,0,0.166177531555503,0
0,0,0,0.337011444040693,0
0,0,0.0390945964999636,0,0
0,0.056700635037411,0.0293918832052645,0.364554582580436,0
0,0,0.088579017204068,0.227187042883713,0
0.620178851053846,0,0.0243444127079961,0,0
0,0,0,0,0.136491425358448
0,0,0,0,0.146296035985381
0.730675847469187,0,0,0,0
0,0,0.0252199302189616,0.318527564318951,0.133563140542336
0.674123340662698,0,0,0.184047841252821,0
0,0,0.0159786803260697,0,0
0,0.0659377528210571,0,0,0
0,0,0,0.210565715533846,0
0,0,0,0.3335431517775,0.275996115214558
0,0,0,0,0.117739668259769
0,0,0.0263733620397032,0,0
0.693001456779481,0,0,0,0
0.73116689673234,0,0.0348633818978497,0.181191795238379,0
0,0.0365026687509276,0,0.145768220117419,0
0,0,0.0398374716183816,0.484210003772761,0.0907250747565619
0,0.0579693239453049,0,0,0
0,0.0572295922698329,0.0351787961809095,0,0
0.718623316110235,0.0645870639928533,0,0,0
0,0,0,0.339292971413064,0
0.739252841265598,0,0,0,0.125138651059371
0,0.274365958714772,0,0,0
0.697328146398154,0,0,0.21796231210659,0
0,0,0,0.372477379983188,0
0,0,0,0,0.155363943057224
0,0,0,0.388859103936247,0
0,0,0,0.382334875531992,0
0,0.0579052254160485,0,0.301865861811058,0
0,0,0.0312888378123565,0,0
0.71872698206579,0,0,0.397400766466115,0
0,0.0691293976066418,0,0,0
0.735520866865632,0.0439502248934434,0.0232951906575714,0,0.152077849055639
0,0.0704142555129066,0,0,0
0.535550875431714,0,0.1762764935854,0,0.115670764433767
0,0.0707907621892593,0,0,0
0,0,0,0,0.164175633194469
0,0.0749485046275096,0.0370278881277999,0,0
0,0,0.0283457699609152,0,0
0.679803143806505,0,0,0,0
0,0,0,0.0730975688859766,0
0,0,0,0.358051534586949,0
0,0,0,0,0.114766657295474
0.660739520190309,0,0,0,0
0,0,0.0240282859902108,0,0
0,0,0,0,0.179189562194904
0,0,0,0,0.067896848723388
0,0,0,0,0.0757296751603752
0,0,0,0,0.120821938814629
0,0,0.0250545805958299,0,0.162824264574335
0.673905096545741,0,0,0.287966217244826,0
0.702287743956002,0,0,0.468285644314714,0
0,0,0,0.104266528993997,0
0,0.052166385922808,0,0,0
0,0.0572394091617009,0,0,0
0.643236342010356,0,0,0.263028931117333,0
0.686121310992411,0,0,0,0
0.754720893054927,0,0,0,0
0,0,0.0407960201582758,0,0.159856365169832
0,0.0688920598091249,0,0.389682492404837,0.13175492626575
0,0,0,0.159514968593422,0
0.589733796738342,0,0,0.384174923717427,0
0,0,0.0276186979400468,0,0
0,0.0869043239943894,0,0.319311901405188,0.0967969688450431
0.707411024601568,0,0,0,0.0848116390216475
0,0.0726865772482559,0,0,0
0,0,0,0,0.232780432949114
0,0,0,0.414966607758649,0
0,0.0426255219554786,0,0.154533600736019,0
0,0,0.0299117662545706,0,0
0,0.0634817974613517,0,0.363502180920421,0
0.654001233079261,0,0,0,0
0,0,0,0.276751851631223,0
0,0,0,0.369421443842127,0
0,0,0,0,0.182190047793084
0,0.0822823003172011,0.0452208874721657,0,0
0,0,0,0.318289946585652,0
0.624461891849128,0.179497248094224,0,0.285604601444239,0.759430827817108
0,0,0.0279458350126823,0,0
0,0.0574859863868583,0,0,0
0,0,0.047638631863669,0,0
0,0.0673063430403145,0,0,0
0,0.0677411736036482,0,0,0
0,0,0.0356166197031855,0,0
0,0,0.0330706370610747,0,0
0.750230520348536,0,0,0.261373549638278,0.109624428144248
0,0,0.0223386498882676,0,0.105439977509137
0.873805795472526,0,0,0,0
0.761742897518019,0,0,0.291892535890868,0.170450072839727
0,0,0,0.201885056558316,0
0,0.0734470976359192,0,0,0.127057402816469
0,0,0,0.250656923677714,0
0.657995100419574,0,0.0263413672438446,0,0
0,0,0.0259721965223988,0.3106610273823,0.22956526183965
0,0,0,0.356294222381075,0
0,0.0568305644886063,0,0,0
0,0,0,0.321647703580151,0
0.732509098051626,0,0.0298341756362738,0,0
0.746918665873713,0,0,0.296768663582269,0
0,0.0501175428435147,0,0.328627310815909,0
0,0,0,0.473370266674609,0
0,0.0718636907240189,0,0,0
0.768317501541349,0,0,0,0
0,0.0438832390430494,0.0217515389075824,0,0
0,0,0.0303245250278643,0.385417287186513,0
0,0.0575154370624626,0,0,0.176743680834207
0.590077531222549,0,0,0,0
0,0,0.0284462880240176,0.359405095212565,0
0.724226733813107,0,0,0,0
0,0.0479156717439246,0.0247702543735234,0,0.184994377284228
0,0,0,0.335936538194238,0
0,0.0491422057632085,0,0,0.139589030592685
0.708071213055363,0,0,0,0.232020727374958
0,0.073550463732648,0,0.412199254714296,0
0,0,0,0.237286789380672,0
0,0,0.037530478443312,0,0.122943875073479
0,0.0455584627671277,0,0,0
0,0,0.0268199938458593,0,0
0,0,0.0198121620509208,0,0.133914560278069
0.5868966232179,0,0,0,0
0,0.0633686144727549,0,0,0
0.738303479356835,0,0,0,0.094319779180617
0,0,0.0200703872555531,0.166625629620804,0
0,0,0,0.268130762560976,0
0.843939088066957,0,0.0461574153023596,0,0
0,0,0.0628607712779479,0.42111091254476,0.15237240268868
0.749581244100589,0.0570014938999566,0,0,0
0.778624079964644,0,0,0,0.113573747028906
0.803291121283712,0,0,0.170046927847607,0.079832340838807
0.685635717832181,0,0,0,0
0,0,0,0,0.150982697370103
0.794692303075605,0,0,0,0.150526490658624
0,0.0465372646327992,0,0,0
0.617298028710013,0.0458443075597574,0,0.196613781828531,0
0,0,0,0,0.103413882996396
0,0,0,0,0.0955133283921589
0.704131906744289,0,0,0,0
0,0,0,0,0.223306795818744
0,0.0592287734255582,0.0322480987869763,0,0
0,0,0.0336639008871172,0,0.096243003552534
0,0,0.147941021544609,0,0
0.726922048657526,0,0,0,0
0,0,0,0.27041758503604,0
0,0,0.0278869619976307,0,0
0,0,0.0491114287418578,0,0
0.636623545266558,0,0,0,0.179726275973113
0,0,0,0.244255806411046,0
0,0,0.0231435068278125,0,0
0.685433842023996,0.0714074939842664,0,0,0.126815242671301
0,0,0,0,0.199877961509955
0,0.217197000188831,0,0,0
0.70054724712327,0,0,0,0
0.711874116793339,0,0.0770822637367292,0.268011622750409,0
0,0,0.115692339856494,0,0.0454666854090526
0.85050277988444,0,0,0,0
0,0,0,0,0.106607968921716
0,0.0615444049779726,0,0,0
0,0.0784132899927182,0,0.496599882183965,0
0,0,0,0,0.177272727272727
0.633186200424485,0.0480109533414679,0,0,0.222651877220334
0,0,0.0152986289970907,0,0
0.722240712348798,0.0647320075139645,0,0,0
0.628908615732127,0,0.0168453895531551,0.136952536023246,0
0,0.0500349654589772,0,0,0
0.539959406594246,0.0401354962063488,0.0200728483936961,0.267922929780319,0.115408158049429
0,0,0,0,0.182586193677001
0,0,0.0592105148111617,0.275014396060444,0
0,0,0,0,0.201980090474608
0,0.0681015112816299,0,0,0
0.80266366944746,0,0.0488478278933869,0,0.101268305773507
0,0,0,0.18905634651152,0
0.70859499893606,0,0,0,0
0,0.0556611994278484,0,0,0
0.851637649292616,0.0766808973101138,0,0,0
0.762986888984674,0,0,0,0
0.685330176068441,0,0,0,0
0,0,0.0320084616520027,0,0
0,0,0,0.370540696173626,0
0,0,0.0255557460418908,0,0.118703836225624
0,0,0.0313145502292712,0,0
0,0,0.210332816472734,0,0
0,0.0622442916217448,0,0,0
0,0.0717886203744393,0,0,0
0,0,0,0.266371464691593,0
0,0,0,0.0948822832482807,0
0,0.0696831858008476,0,0.399791505331507,0.168826513660643
0,0,0.0209981068018669,0,0
0,0.0490492340225754,0,0.235433503438507,0
0,0.0538710603224907,0,0.316382385840895,0
0.614908255629334,0.0559066217245507,0,0.341898161937478,0.187799984665321
0,0,0,0.156063885413978,0
0,0.0543041584931417,0,0.160370127678164,0
0,0,0.124290779326517,0,0
0.621493771858512,0,0,0,0.191206200322028
0,0,0.0228115770124775,0,0
0,0,0.0426107857047511,0,0
0,0,0,0.402869283771172,0
0.778667728788036,0,0,0.385632400733372,0
0,0.0474340665781606,0,0,0.147966877092545
0,0,0,0.343284816954919,0
0,0,0,0.15031274200274,0
0.726660155717177,0,0,0,0
0,0,0,0,0.179102026733458
0,0,0,0,0.191020267334577
0,0,0,0.363442611015137,0
0,0,0.101688463822986,0,0.245497354767807
0,0,0.0213278345462319,0,0
0.602664760668045,0,0,0,0
0,0.0548908621483171,0,0,0
0,0,0,0,0.151144350448539
0,0,0.0242458376486908,0,0
0.635908795783524,0,0,0,0
0.68983146098068,0,0.0423750345773717,0,0
0,0,0.0429151896329608,0,0
0,0,0,0,0.20731847573287
0.70349354270219,0,0,0,0.193898075497738
0,0,0,0.420740255356327,0
0,0,0.0411431701700212,0,0
0.615950371287804,0,0,0.217851114950061,0.15981994530631
0,0,0.030497258065425,0,0
0,0,0,0.321842960491915,0.188524548265903
0.723877543225975,0,0,0.115833018936611,0
0.740360430159154,0,0.0423277548183094,0,0
0.649740016695675,0.0525428925991607,0,0,0
0.715376934870499,0,0,0,0
0,0,0.027202053159159,0.313613047133033,0
0,0,0,0.287169304289695,0
0,0,0,0,0.144737649193651
0,0,0,0.293157403546395,0
0,0,0.0324404561628874,0,0
0.589144537622558,0,0,0,0
0,0,0.0513206240591409,0,0
0,0.067464568238659,0,0,0
0,0,0,0.283258209063892,0
0.651349567058233,0,0,0,0
0,0,0,0.418504398244673,0
0,0.0527738782901746,0.0298888388097651,0.24329209772112,0
0,0,0,0.218592429326926,0
0.783108996568111,0,0,0,0
0.695538544639106,0,0,0.251186433946903,0
0,0,0,0.49640859659922,0
0.672437404859205,0,0,0,0
0,0,0.0193041960915701,0,0
0,0,0,0,0.128088021059626
0,0.0762980385272583,0,0.197721120178974,0
0,0,0,0,0.131411173869706
0,0,0.0297416238887395,0.328351303588094,0
0,0.0450208435712929,0,0,0
0,0.0642527122051107,0,0.437176915999815,0
0,0.093585007642739,0,0,0
0.750808867258472,0,0,0,0
0,0,0,0,0.120484575868326
0,0,0.0259029608204295,0.319043174943574,0
0,0,0.0436664844344994,0,0
0.632236838515722,0.0530216104437871,0,0,0
0,0,0.0440026240913948,0,0
0.739187368030511,0.0548845100418142,0.0269095663209049,0,0
0.578139578025,0,0,0,0
0,0,0,0.202787871567284,0
0.680179614908256,0,0,0,0
0,0.0613688558528021,0,0,0
0,0.0697686505065228,0,0,0.211702916144862
0,0.0472302217058409,0,0.109542436938636,0
0,0,0,0.422747761164393,0
0,0,0,0,0.11461969995144
0,0,0,0,0.167037467733279
0,0,0,0.335176029070114,0
0.937680392402922,0,0.0404281447726948,0,0
0.711923221719654,0,0,0,0
0,0.0516634145806253,0,0,0
0,0,0.0512182925258279,0.108887167980514,0
0,0,0,0.231697808489373,0
0,0,0,0.449593931812315,0
0,0,0,0,0.137327165384517
0,0,0.0279824282508607,0,0
0,0,0,0,0.154003629207453
0.719469012063444,0,0.0342616983886864,0.301861890484039,0
0,0,0.102409965899636,0.218158230906191,0
0.829742308258903,0,0,0.375474408106802,0
0,0,0,0,0.16613399953996
0.766686126767095,0,0.0703614136026198,0.217718075494927,0
0,0,0.0984948132485139,0,0
0,0,0.0756450885948203,0,0
0.693634364718656,0,0,0,0
0.659631931296752,0,0,0,0
0,0,0.0446878567638326,0,0
0.77057087204893,0,0.0367416189016964,0,0
0,0,0,0,0.150920719707619
0,0,0.0198063978063228,0.13784476082683,0
0,0.0953075834334752,0,0,0.19096404017686
0.739356507221152,0,0,0,0
0.607433394623556,0,0.0354754280939308,0,0
0,0.0503739369605402,0,0,0
0,0,0,0,0.0875207657116569
0,0,0.0319034099133738,0,0
0,0.0541072431915524,0,0.356787328819258,0
0.695314844419225,0,0,0,0
0,0,0.0577713966654557,0,0
0,0,0,0,0.239988371201472
0,0.0671076953460426,0,0.288547354765261,0
0,0,0,0.200599008492021,0
0.687698124737425,0,0,0,0.113521353541033
0.916145154162188,0,0,0.365693029659194,0
0.749875873658481,0.0610893631666752,0.0281224540578371,0,0
0,0.0572521133747067,0,0,0
0.75927128289348,0.0680189338970924,0,0.110742439586188,0
0,0,0,0.277073529119755,0
0.581014944265909,0.0474525454334417,0.0392325497695565,0,0
0,0,0.0347448586662276,0,0
0,0.0541060882630973,0,0.327042089447522,0
0.761115445681767,0.0485087275056029,0,0.318840637265609,0.142631047614179
0,0,0.0394028864357674,0,0
0,0,0.0224014089109134,0,0.133996345234748
0,0.057605521481958,0,0,0
0,0.0548816227206765,0,0,0.187272216116748
0,0,0,0,0.118146037263271
0,0,0.0407888958110199,0,0.22473547678074
0,0,0.0423581952111304,0,0
0,0,0.0230865120497648,0,0.140264395430266
0,0,0.040643818194171,0,0.218098116390216
0,0,0,0.350138665501744,0
0,0,0,0.364896116704063,0
0,0,0,0,0.206837350167404
0,0,0.0424890241334673,0,0
0,0,0.0257476500502493,0,0
0,0.0578705775623964,0,0,0
0,0.0498149515882865,0,0,0
0,0,0.0440142821141772,0.237899035629422,0
0,0,0.0388089749417925,0,0
0.772649647262946,0,0,0,0
0.532749712190571,0,0.0206280293453159,0.190103453068843,0.127279116722468
0,0.0477499395106222,0.0254670155351573,0,0
0,0.085494733814977,0,0,0
0,0,0,0.199860341666501,0
0.636045198356622,0,0,0,0
0,0,0.0519566339687193,0,0
0.713740103993322,0,0.103922270521698,0,0
0.694185431113972,0,0.157426766081967,0,0.077161550847241
0,0.0599084488213666,0,0,0
0,0.192635714199095,0,0,0
0,0.0806850342638399,0,0,0
0,0,0.0402914868389667,0,0
0.780277279150594,0.0572249725560126,0,0,0.174118894880773
0,0.0439161545040189,0,0,0
0,0,0,0,0.172696603368518
0,0.050496936841005,0,0,0
0,0,0,0,0.188933473049301
0,0.0518303017423828,0.0186084064318348,0.216700092002409,0
0.487180340569944,0,0,0,0
0,0,0,0,0.0666739080430393
0,0,0,0.386797323325589,0
0.674472531249829,0.0745298430625469,0,0,0
0,0,0.0330952484425043,0,0
0.638249463937888,0,0,0,0
0,0.0675858357264413,0,0,0
0.696869833752544,0.122341571245515,0,0,0
0,0.0553008617498668,0,0.207986338635055,0
0,0,0,0.34369717307705,0
0.677762561312957,0.0798378942420465,0.0557221753274658,0,0.18425000638945
0,0.0667444703469232,0.0460783998146115,0,0
0,0.0470460106172573,0,0.116641183984962,0
0.278261249120203,0,0.107785609738231,0,0
0,0,0,0.291044657572328,0
0,0,0,0,0.067973522120275
0,0.0832784261096986,0.0510887589393557,0,0.174702890587063
0,0.125494525927855,0,0,0
0,0,0,0,0.112663250440872
0,0,0,0.495436945255257,0
0,0,0,0.259034438024132,0
0,0,0,0,0.0783723515730825
0,0,0,0,0.119212436424975
0,0.0644559796132029,0.0358789252157916,0,0
0.791440465732946,0,0,0,0
0,0.0926229522396662,0,0,0
0,0,0,0,0.249913742428502
0,0,0,0.228668347861771,0
0.477885323628745,0.0398675528047726,0,0,0
0,0,0,0,0.297437830654024
0.638325849378823,0,0.115125630415678,0,0
0.770761835651268,0.0735158158789958,0,0,0
0,0.0548140594060549,0,0,0
0.713549140390984,0,0,0,0
0.758676567674773,0,0,0.107100070821999,0
0,0.044117112055201,0,0,0.144835407774682
0,0,0,0.212585135322968,0
0.652789978230149,0,0.111856850361052,0.203076454663993,0
0.724139436166324,0,0,0,0.169174738671506
0,0.0818561317172805,0,0.466399925868562,0
0,0,0.0301924655364559,0,0
0.731286930996666,0,0,0,0
0,0.0740055055439453,0,0,0
0,0.0467809545368189,0,0,0
0,0,0,0.442257567032691,0
0,0,0.0440194634576361,0,0
0.708464052465886,0,0,0,0
0,0,0.0311898741522917,0,0
0,0,0,0,0.238478544227771
0.587273094319651,0.076750193017418,0.0442623389322715,0,0
0.738363496488998,0,0,0,0
0.658513430197347,0.0570748318568535,0,0,0.240757660950239
0.808610821634539,0,0,0.150910426719088,0
0,0.0531971595689576,0,0.297827684120649,0
0,0.0589302244199227,0,0,0
0,0,0,0,0.118717254070079
0,0,0.0320084616520027,0,0.103422189281059
0,0,0,0,0.166806169652669
0,0,0,0.470064798819192,0
0,0.0652650069959791,0,0,0
0.744452507352099,0,0,0,0
0,0,0,0.436919441631421,0
0.648332342141302,0,0,0.392347252834535,0
0,0,0,0,0.105961356607969
0,0,0.121489615519056,0,0
0,0,0.0295289945065454,0,0
0,0,0.018646035938705,0.140999318255528,0
0,0,0.103381467798177,0,0
0,0.0649393171716495,0,0,0.189620338896414
0,0,0,0.466677918759887,0
0,0.0746251246600901,0.0421898015487165,0.466352931832172,0
0,0.0806267103768589,0,0,0
0.76193931722328,0,0,0,0
0,0,0,0.325885109509343,0
0.854354788548731,0,0,0,0
0.736061021055101,0,0,0,0
0,0,0,0.358412263457834,0
0,0,0.034307682811884,0.24084443650179,0
0,0,0.028985989712054,0,0
0,0,0,0.214858720041302,0
0,0.0675240470540951,0.04061337780135,0,0.176702149410893
0,0.0612533630072951,0,0,0
0,0,0,0,0.150152068903826
0,0,0.0181379404457678,0.162737700469278,0
0.638047588129702,0,0,0.510290370193867,0
0,0.0359119228461595,0,0.105491683379335,0.0858352288700897
0,0,0,0.404082524175453,0.330946660873566
0,0,0,0.159262127439884,0
0.742788395960301,0,0,0,0
0,0,0.022470709379676,0,0
0.631931296751982,0,0,0,0.0970519078896925
0,0,0,0.195656030129134,0
0,0,0,0,0.203678406215657
0,0.0569558742259814,0.0306790584540387,0,0
0.682716702767881,0,0,0.434446628674305,0
0,0,0,0.337137202729625,0
0,0,0,0,0.180871265366627
0,0,0,0.39629739944269,0
0,0,0,0,0.13214851636977
0,0,0.0445809915549931,0.523105842483933,0
0,0.0603675328822568,0,0.333977350198235,0
0.574882284579416,0,0,0.353328964873613,0
0,0,0.0398549586525554,0,0
0,0,0.0188335358051235,0,0
0,0,0,0.297217423535408,0.237870907557441
0,0,0.0404592328334481,0,0
0,0,0,0.244168437216629,0
0,0,0.0218867719718593,0,0
0,0,0.0308858588248415,0,0
0.652937293009095,0,0,0,0
0,0.0423489165904895,0,0,0
0.552659577370267,0.0484492486901668,0,0.196985100904801,0
0,0.0613780952804426,0.0362183032123488,0,0
0,0,0.0423711485697776,0,0.132087177652261
0,0,0,0,0.184984154164643
0,0,0.0448646701093671,0,0
0,0,0,0,0.126757737623636
0.681658218800639,0,0,0.465113215914431,0.154271347151583
0,0,0,0.430955170336835,0
0,0.0752770817729769,0.0416341024627508,0.451290350337232,0.0659576507271194
0.750306905789471,0,0,0,0
0,0,0.101830950768105,0,0
0,0,0.0216418239598404,0,0
0,0,0,0.307005420861381,0
0,0.0984374395467137,0,0.520535732014853,0
0,0.0563870719618597,0,0,0
0.699063187127962,0.0547372566637928,0,0,0
0,0.0856962688303866,0,0.234584963232131,0
0,0,0,0.252784231184184,0
0,0.0661312033372813,0,0,0.231267411250543
0.769223214626721,0,0,0,0
0,0,0,0.327619917528776,0
0,0,0,0.309351813241728,0
0,0,0,0.197402090241788,0
0,0,0,0.334501565364733,0
0,0,0.0239959025935927,0,0
0,0.0646627118066603,0.0311179182450064,0,0.125387839599254
0,0,0,0,0.218244434789276
0,0,0,0,0.241090551281724
0.645102329210338,0,0.0346373457894557,0,0
0,0.0567040998227762,0,0,0
0,0,0.0379670066297232,0,0
0,0,0.0406872119456392,0,0
0,0.0666601605697031,0.0478193312167977,0.190020055201446,0
0,0,0.0422195942736051,0,0
0,0.0605505890423853,0,0,0
0,0,0,0,0.219514657397705
0,0,0,0,0.157879469420094
0,0,0,0.309979282910718,0
0,0,0,0,0.121224474148286
0.696313311254303,0,0,0.0582388488446748,0
0,0.0773750093116107,0,0,0
0,0,0,0,0.0490176221023845
0,0.052854145817802,0,0.328886108959976,0
0,0.0550906647710441,0,0,0.119839880389501
0,0.0674570612037011,0,0.374458410277794,0
0,0.0520150902951939,0,0,0
0,0,0.0594261882326379,0,0
0,0,0,0.393111733285677,0
0,0.0498386276216154,0.0248550341058695,0,0
0,0.10077847952514,0,0,0
0,0,0,0.288659213809628,0
0,0,0.0249303578864031,0.29773899115056,0
0.823435053278845,0,0,0,0
0,0,0.036058976900988,0,0
0,0,0,0,0.165138523270376
0.721836960732427,0,0.0255317823283934,0,0.236050553326348
0.735815496423525,0,0,0,0
0,0,0.0338180458550191,0,0
0,0,0,0,0.0895845579778669
0,0,0.025135280020202,0.226426533759589,0
0,0,0,0.293357955560851,0
0,0,0.066334862067132,0,0
0,0,0.0350084595146986,0,0.149771257699287
0,0.0355198246356634,0.0173602207925888,0,0.165605592046413
0,0,0.0305111829259707,0.394481841107206,0
0,0,0.0814384782497888,0,0.0625858103100161
0.640682885841959,0,0.077835501542065,0,0
0,0,0.0348484855354054,0,0.234392491118665
0,0,0,0.258696213339687,0
0,0,0,0.384970512896884,0
0,0,0.0341911025840591,0,0
0,0,0,0,0.190380683415544
0,0.0783584308911024,0.0428853969080721,0,0
0.782137810247652,0.0561809172326297,0,0,0
0,0,0,0.374494152220965,0.15408349732921
0,0.0702808612763461,0,0.433384960584579,0
0,0.0601267302993748,0.0296336576444149,0,0
0.716326296779262,0,0,0,0.0939051038924528
0.655365258810242,0,0,0.27543337106094,0
0,0.0461330396735248,0,0,0
0.727500395567462,0,0,0.400000661887837,0
0,0,0,0,0.201267666828533
0,0.0557339599205178,0,0,0
0.725383427632979,0,0,0,0
0,0,0,0,0.175283691568482
0,0,0.0926968899180188,0,0
0.848560407243522,0,0.0338219318626133,0.428704751692778,0
0,0,0,0.295501148375396,0
0,0,0,0.0873546328839115,0
0.603270388092601,0,0,0,0
0,0,0,0,0.118754951823549
0,0,0.0386405812793786,0,0
0,0.05871771758419,0.0296490721412051,0.443654150367679,0
0,0,0,0,0.10614409487055
0.687447144002924,0.0791824723437945,0.0523355197091505,0,0.121922841004933
0.691108189064878,0.0744362938576862,0,0,0
0.753171359824532,0,0,0,0
0.817291481386505,0,0,0,0.104913486850512
0,0,0,0.29436799639933,0.197815447133693
0,0.0735597031602885,0.0418160971517443,0,0
0,0,0.0469229587984102,0,0
0,0,0,0,0.134669154292432
0,0,0,0.152487043545601,0
0,0.0558748611920363,0.0294472588134814,0,0.208935006517239
0,0.0492201634339257,0,0,0.157351061926547
0,0,0,0,0.128456053364684
0,0.0929821349891927,0,0,0
0.733600318636411,0,0,0,0
0,0,0,0,0.177324481815626
0.576939235381736,0,0.0153310123937088,0,0
0,0,0,0,0.192333299256268
0,0,0,0.179795873791227,0.195534413576303
0.667150441125921,0,0,0,0
0,0,0,0,0.102052291256677
0.88508356021628,0,0,0.231991686688774,0
0,0,0.0977992178891582,0,0
0.793693836240527,0,0.0357649356596961,0,0.0969937638970532
0.663543957093207,0,0.0424015889625985,0,0
0,0.047456010218807,0,0,0
0,0,0,0.143327177776454,0.154119917192731
0,0.0690514399359246,0,0,0
0,0,0,0.476163433344585,0
0,0,0,0,0.0862128453497585
0,0,0,0,0.0876805019551716
0,0.0619295736177383,0,0,0
0,0,0.0364857900684138,0.283489207918826,0
0,0,0.0213532878959736,0,0.110441638766069
0,0,0,0,0.125637028139137
0,0.0573358456876993,0,0,0
0,0.054907031146688,0,0,0
0,0,0,0.143361595943951,0
0,0,0.274388470319095,0,0
0,0.0546974116320929,0,0,0
0.728493406299616,0,0,0.298821177763216,0.176102819025226
0.742902974121704,0,0,0,0
0,0,0,0,0.115912924578935
0,0.0544773977614022,0,0,0
0,0,0.029137155407467,0,0
0.65755861218566,0.0838293269827667,0,0,0
0.683698801294188,0.0520924705016836,0,0,0
0.698648523305744,0.0434050986626506,0,0.151432656222077,0
0,0.0397231867478889,0,0,0
0,0.047025221905066,0,0,0
0.728100566889094,0,0,0,0.200444066756971
0.706150664826141,0.0366914995533314,0,0.0873691944163142,0
0,0.0710985506225353,0,0,0
0,0.0730746332091593,0,0,0.176739847164362
0,0,0,0.223798839048735,0
0,0,0,0.28841762474931,0
0,0.0589897032353588,0,0,0.215484831446316
0,0.051991414261865,0.030501662207365,0.221131431067691,0.102986428808751
0,0.0529344133454293,0,0,0
0,0,0,0.214385470238213,0.128743578603011
0.776256131295661,0.0508001055604608,0,0,0
0,0.0855172549198508,0,0.0610637861308023,0.0399081197127303
0,0,0,0.395136448177492,0
0,0,0,0,0.148409665959568
0,0.041583776489006,0,0.288031744140638,0
0.624789258024563,0,0,0,0
0,0,0,0,0.0788592276433153
0,0.0538860743924066,0,0,0
0,0,0.0202496617392306,0,0.240020318450175
0,0,0,0.288702898406836,0
0,0.0551992280458206,0,0,0
0,0,0.0278248506429173,0,0
0.807759669578407,0,0,0,0.117500702839471
0,0.0530048639811885,0.0300654578549199,0,0
0,0,0,0,0.0993636108058374
0,0.0639224026669608,0,0.310019658068744,0
0,0,0.0253390363517228,0.277284009451758,0.216804891762721
0,0,0,0,0.154183811690137
0,0,0.0247107984573327,0,0
0.651169515661743,0,0,0,0
0.713385457303267,0,0.0552862948089868,0,0
0,0,0.0489197190338789,0,0.116958238556496
0,0,0.0192494033844924,0,0
0,0,0.0283329461358545,0,0
0.735248061719436,0,0,0.314845482284572,0.0937619802182636
0.605758371025911,0.070278551419436,0,0,0
0,0,0.0295719996572542,0,0
0,0,0.0279605370747469,0,0
0.688123700765491,0,0,0,0
0,0.0870752534057396,0,0.186266489280726,0
0,0,0,0,0.112998057607279
0.663653079151685,0,0,0,0
0,0,0,0.170038985193569,0
0,0,0,0,0.183477521915813
0,0.0661814427250768,0.0369540539835108,0,0.06796329900069
0,0.0507643027783536,0,0,0
0,0,0,0.136416406875691,0
0,0,0.0498322831505755,0,0
0,0.0491248818363824,0,0,0
0,0.0694585522163366,0,0,0
0,0,0,0.106699628680924,0
0.722289817275113,0.0535823282087233,0,0,0
0.695674947212204,0,0,0.26823004573645,0
0,0.0524603152146232,0,0,0
0,0.39255382977163,0,0,0
0,0.0627998122086332,0,0,0
0.680015931820538,0.0910349256139455,0,0,0
0.622590448546221,0,0,0,0
0.736835787670299,0,0,0.402070385152532,0
0,0,0.052833576349136,0.348348258904046,0
0,0,0,0.418332307407187,0
0.736061021055101,0,0,0,0
0.703509911010961,0,0,0.373415275047491,0
0,0.040007299147836,0,0,0
0,0,0.404489413900029,0,0.32652388376313
0,0.0519088368773276,0.0256243340759278,0,0
0,0,0,0.234259314416579,0
0,0,0.0334980978964329,0,0
0,0.0653712604138455,0,0.424133092406161,0
0,0,0.262556224862793,0,0
0,0,0,0.286948233752308,0
0,0,0,0.453972319850678,0
0,0,0,0.450414672729559,0
0,0,0.0436813807969437,0,0
0,0.086649084805819,0,0,0.105940910368799
0,0.0563351001813815,0,0,0.168699363610806
0.750994374757885,0.0506505423255293,0,0,0.134791831727452
0.568755080995848,0,0,0.281563776202485,0
0,0.0492807971778168,0.0273051618939909,0,0.219167071331817
0.658589815638282,0,0.159224044594269,0,0
0,0.0403006509754237,0,0,0
0,0,0,0.357434655123343,0.197830142868096
0,0.0723909155637581,0,0,0
0,0,0.0253896192172402,0,0.236234569478876
0.721422296910209,0,0,0,0
0.69508568809642,0,0,0,0
0,0,0,0.165296558845138,0
0,0.0570228600763754,0,0,0
0,0,0.025936574786119,0,0
0.657160316672214,0.0525538644194838,0,0,0
0,0,0,0.456731068353157,0
0.730206622617729,0,0,0,0
0,0,0.0317702493864804,0,0
0.560341770287155,0,0,0.268395517695571,0
0,0,0,0.281849711747847,0
0,0.048128756043885,0,0,0
0,0.0583671967980763,0.0304047063178906,0.347285928926484,0
0.581620571690464,0,0,0,0
0,0,0.0450758098553168,0,0
0,0.0412632838427242,0,0,0
0.706799941074088,0,0,0,0
0,0.0770874321262983,0,0,0
0,0,0,0,0.187300329695607
0,0.0685351869165085,0.0366107899793595,0,0
0,0,0.0295321033126207,0,0
0,0,0,0,0.152102767909628
0,0.0488344173299324,0,0,0
0.727129380568635,0,0,0.334795443564134,0
0,0,0.0482001599610259,0,0.159739438239579
0,0.055636945930292,0,0,0
0.837468149999182,0.0528604979243048,0.0261794502607544,0.274848924101322,0
0,0.06378438871658,0.0361911011591896,0,0.147738773736806
0.686230433050889,0,0,0,0.234967541595318
0,0,0,0.212317070749191,0
0,0,0.0287701219901981,0,0
0,0,0,0.176874300880973,0
0.851604912675073,0,0,0,0
0,0,0.0436515880720552,0,0
0,0.0536978210542303,0,0,0
0,0.0907421512505854,0,0,0
0,0,0,0,0.104224065223503
0.719900044194434,0.0421941561775102,0,0.0505397695306553,0
0.654748719179839,0,0,0.236129809442492,0
0.7886251166242,0,0,0.366294685702561,0
0,0,0,0.292885367645599,0.345396401461906
0.638658671657182,0.0420041704466513,0,0.160243045213558,0
0.634168298950791,0.033313333822253,0,0,0
0,0,0.0286981660829128,0,0
0,0.0515034569895981,0,0,0
0,0.0402429045526702,0,0,0
0,0.0450941815281898,0,0.187780888650609,0.141029851509188
0,0.0544485245500254,0.0370278881277999,0.236790373503306,0.191121859585452
0,0,0,0,0.226820993176068
0,0,0,0,0.154932655199734
0,0,0,0.192719895686477,0
0,0,0.0307131257872809,0,0.164953229227899
0.631156530136785,0,0,0,0.193973471004677
0.748069903590661,0.06017234997335,0,0.286578238451712,0
0,0,0.123501272116969,0.336341613550168,0
0,0,0,0.294231647505014,0
0.663009259006662,0,0,0,0
0,0,0.0418912266318981,0,0
0,0,0.0675194467154201,0,0
0,0,0.0260535436147034,0,0
0,0,0.0301218049650353,0,0.200116926930253
0,0,0,0.309699304355884,0
0,0,0.0442772352947158,0,0.109946456411174
0,0.111632497145883,0,0,0
0,0.0849576920833697,0,0,0
0,0,0,0.206877014621102,0
0.629934363081825,0,0.0360861789541471,0,0
0,0.0504472749174371,0,0,0
0,0,0,0,0.0741827893781787
0,0,0,0,0.161278656682087
0.638555005701627,0,0,0,0
0,0,0,0,0.117489840774912
0,0.0370795555142348,0,0,0
0,0.0646609794139777,0,0,0
0,0.0510316687157022,0,0,0
0.655016068223111,0,0.177039446409721,0,0
0,0,0,0.201086819827512,0.136375776318143
0.688472891352622,0,0,0,0
0.619873309290106,0,0,0,0
0,0,0,0.34411548618971,0
0,0,0,0,0.217873207759348
0.527731734331436,0,0,0,0
0,0,0.071632138085912,0,0
0.813259421325724,0,0,0,0.12795639839497
0.68421713107196,0,0,0.515478247056254,0.13427045262862
0,0,0,0.267689283374039,0
0,0.0727870560238469,0,0,0
0.73964568067612,0,0,0,0
0.62356163486668,0,0.0268271181931153,0,0
0,0,0.0264156547556864,0,0
0.734036806870325,0.044184097905595,0,0.204289695068274,0
0.637441960705147,0,0.0468951090773186,0,0
0,0,0,0.282383193344056,0.224228154471337
0,0,0,0.272712350165141,0
0.763265150233794,0,0,0,0
0,0,0,0,0.122715132772766
0,0,0.029522841661188,0.145946267945434,0
0,0,0,0.366834786177134,0
0,0,0,0,0.11637488179518
0,0,0,0.333642434952973,0.218796483246863
0.722038836540613,0,0.0264425977416726,0,0
0.659986577986807,0.0591005763670455,0,0,0
0,0.0499362190760688,0,0,0
0,0,0,0,0.189946200833184
0,0,0,0,0.164139852275922
0,0,0,0.199571096681956,0
0,0,0.0237183121177828,0,0
0,0,0,0,0.180467452143021
0,0,0,0,0.11284087714366
0,0.0582222532769651,0,0,0
0,0.0364166265810248,0,0,0
0,0,0.0482616884146002,0,0.124250517545429
0.603106705004883,0.0599985332408621,0,0,0
0.664717019221851,0.0601602232245718,0.0311918171560888,0,0
0,0,0.0203401409493815,0,0.0874364249750811
0.694731041406365,0,0,0,0
0,0,0,0.469759668526571,0
0,0.0721639721223369,0,0.295866510461137,0
0,0.08201551184408,0,0.22880800619527,0
0.597907038918382,0,0,0,0
0,0,0.0313778273862629,0.349685934221587,0
0.508609184803662,0,0.0331859219530349,0.432062508687278,0
0,0,0,0,0.140517417639993
0.67269384169663,0,0,0,0
0,0.0499177402207877,0,0.283771834025006,0
0.742346451623463,0,0,0.107974424653998,0.0549196207222634
0,0,0,0,0.136297825031308
0.741953612212941,0,0,0,0
0,0,0,0.200054274802592,0
0.684380814159678,0.0994000724140142,0,0,0
0,0.0548556368304375,0,0,0
0,0.0531492300380722,0,0.146608155781921,0.0901589695095458
0,0,0,0.413000800884282,0
0,0.0457062936093766,0,0,0
0,0,0.0515945875945296,0.242605720034683,0
0,0.110708554381827,0,0,0
0.721149491764013,0,0,0,0
0,0,0.116637287369808,0,0
0.660303031956395,0,0,0,0
0,0,0,0,0.214770490965318
0,0,0,0,0.0898855010606486
0,0,0,0.268395517695571,0
0,0,0,0,0.200826155851458
0.68569027886142,0,0,0,0
0.842051276455279,0.052871469744628,0,0,0
0,0,0,0.288252152790188,0
0,0,0.0368659711447097,0,0
0,0,0.0269624807909787,0.341183323074072,0
0,0,0,0,0.106705088557773
0,0,0.0340596259937898,0,0
