138.762471798154
0.145442772727273
0.194734153846154
0.120258928571429
71.9915297990986
0.272989104166667
120.603492058171
0.295175206896552
0.303111095238095
0.288600242424242
0.243084965517241
151.816909761775
0.286166775862069
0.286970291666667
0.35111556
186.320998109331
0.398391884615385
0.426775857142857
196.160830077005
174.991463185172
0.6482296
164.244744751316
0.693088214285714
174.292843321003
0.6850328
0.650362272727273
0.645753703703704
0.672309
170.595878068134
0.511838518518518
0.509405
0.33125576
126.805681416948
0.47662965625
0.416394166666667
0.373948769230769
0.3635188
0.339129708333333
0.249885157894737
89.9620625926033
102.563852837374
184.586241106886
122.242916871168
118.161130573626
0.248291741935484
0.215461071428571
0.258996137931034
157.924505286461
148.82293541157
98.9738419315294
0.110092866666667
93.5290437321856
127.331415801655
0.327953
0.196198857142857
83.0026294691418
81.4886178754525
0.135131526315789
0.182900428571429
144.601978854307
