0.63504127541862,0.04829622066987,NaN,NaN,NaN
NaN,0.0587154077272798,NaN,NaN,NaN
NaN,NaN,0.0194360612825988,NaN,0.158338870856442
NaN,NaN,0.0278633868848928,0.246950351793385,0.0989425460679326
0.740153098248045,NaN,0.0254340492374002,NaN,NaN
NaN,0.048128756043885,0.039204700048465,NaN,0.156624581491042
0.449403920755561,NaN,NaN,NaN,0.160755360748332
NaN,0.0766808973101138,NaN,NaN,0.111503565312955
NaN,0.121723107057826,0.111671617332397,NaN,NaN
0.574587655021524,NaN,NaN,0.427910486288993,NaN
NaN,NaN,NaN,NaN,NaN
0.576159012663615,NaN,0.0304047063178906,0.347285928926484,NaN
0.610892563877325,NaN,0.0260984917692093,0.287301019969156,NaN
NaN,0.130529436527731,0.121176144239794,0.199327521958129,NaN
0.710308215254173,0.0550583267743022,NaN,NaN,NaN
0.605289146174453,0.0504062749572821,NaN,0.337728268567609,NaN
0.70767837364484,NaN,NaN,NaN,NaN
0.547372613636984,NaN,0.0171120992077013,NaN,0.127757686508038
NaN,NaN,0.133044659100308,NaN,NaN
0.586978464761759,0.0560573398879373,NaN,0.317185917674391,NaN
0.798162384535222,0.0551027915198223,NaN,NaN,0.0972895954200424
NaN,NaN,0.0708989779864794,NaN,NaN
0.592440023788609,NaN,NaN,0.412199254714296,NaN
0.722628095656396,0.0658245698324603,NaN,0.347557302939444,0.0670770823216705
NaN,NaN,NaN,NaN,NaN
NaN,0.0605118989391404,NaN,0.265017904065977,NaN
NaN,0.0730099572156754,0.0584119402505607,NaN,0.0547684463414011
0.616948838122882,NaN,NaN,NaN,NaN
0.771252884914421,NaN,0.0267345664455809,NaN,0.0992064303422189
NaN,0.0582661405582577,NaN,0.376871653329627,NaN
0.714634904872846,0.0598865051807203,NaN,0.372477379983188,NaN
NaN,0.0531769483209939,0.0277228429435704,NaN,NaN
NaN,0.0492807971778168,NaN,0.326123389130478,NaN
NaN,NaN,NaN,NaN,NaN
0.661028693645277,NaN,0.0401949843170449,NaN,NaN
NaN,NaN,0.334312650424925,NaN,NaN
NaN,0.0846637627915545,NaN,0.384031294056909,0.146150356531295
NaN,NaN,NaN,0.15031274200274,0.192043218238045
NaN,NaN,0.0375013333863558,NaN,0.147078104633629
NaN,0.0495845433615001,0.025830681079178,0.228224221123488,NaN
0.704557482772355,NaN,0.0345991333814464,0.308476797521892,NaN
0.67368139632586,0.0929850223103304,NaN,0.430192013661365,NaN
NaN,NaN,NaN,0.257747728070001,NaN
NaN,NaN,NaN,0.379025436349556,NaN
NaN,0.232558126105483,0.216406646342415,NaN,NaN
0.743219428091291,NaN,0.0245242700928128,NaN,NaN
0.707285534234318,NaN,NaN,NaN,NaN
NaN,NaN,0.0255317823283934,NaN,NaN
0.799128114752757,NaN,NaN,0.483922744451725,0.196514555166509
NaN,0.0730284360709565,NaN,NaN,NaN
0.733103813270334,0.0442441541852586,0.0202449985301176,NaN,NaN
NaN,NaN,0.029417789922559,0.298842358173984,NaN
0.728493406299616,0.0712787194615261,0.0403238702355847,NaN,NaN
NaN,NaN,NaN,NaN,NaN
NaN,0.101545352019306,0.0890408044398414,0.25626509931627,NaN
0.652113421467583,NaN,NaN,NaN,NaN
0.601022473687944,NaN,NaN,0.241920004236082,0.155111559792471
NaN,0.0738801958065703,NaN,NaN,NaN
NaN,NaN,NaN,0.12023854437627,NaN
0.663718552386772,NaN,0.0362973187000968,0.19729420252444,NaN
NaN,NaN,NaN,0.332503987874215,NaN
0.744141509485435,NaN,NaN,0.37477015944878,NaN
0.777472842247696,0.0620595030689337,NaN,0.380519317196508,NaN
NaN,0.150415572131345,0.142634030506844,NaN,0.173538732844327
NaN,NaN,NaN,NaN,NaN
0.725939950131219,0.060645293175701,NaN,0.380203596698504,NaN
0.738445338032857,NaN,NaN,0.264419557461793,0.186104863649143
0.729830151515978,NaN,NaN,NaN,0.143945357425818
NaN,NaN,NaN,NaN,NaN
0.668738167076784,NaN,NaN,NaN,NaN
0.724297663151118,0.0636879521905817,NaN,0.360397926967296,NaN
NaN,0.0687979331400368,0.0457752912222666,0.285820376878934,NaN
NaN,0.0495400786159799,0.0256936993114836,0.209818444166452,NaN
0.632313223956657,NaN,0.0342571647131599,0.332175691507317,NaN
NaN,0.0579340986274253,0.0331418805336343,NaN,NaN
0.75355874313213,NaN,NaN,0.180187711390428,NaN
0.782721613260512,NaN,0.018906657514687,NaN,0.115599841541646
NaN,0.0454978290232366,NaN,0.212796939430644,NaN
NaN,NaN,NaN,0.388317679686,NaN
NaN,0.055371312385626,NaN,0.339879404036192,NaN
0.59720865774412,NaN,NaN,0.315169145436614,NaN
NaN,0.0554059602392781,NaN,0.315633128809992,NaN
NaN,NaN,NaN,NaN,NaN
NaN,NaN,NaN,NaN,NaN
NaN,NaN,0.0461302132492004,0.390455577397854,NaN
NaN,0.0511234855278803,NaN,0.221251232766095,0.22065836890127
0.690993610903476,NaN,0.1112033534173,NaN,NaN
NaN,NaN,0.0461923893707071,NaN,NaN
NaN,NaN,NaN,0.260673272307275,NaN
NaN,NaN,0.0348582005543908,NaN,NaN
NaN,NaN,NaN,NaN,0.161440309760523
0.664635177677992,0.0681101732450429,NaN,0.418504398244673,NaN
NaN,NaN,NaN,NaN,NaN
0.594093222974558,0.0436297322471616,0.0209981068018669,0.152487043545601,NaN
NaN,0.0525965967723214,NaN,0.275918534845085,0.149503539755156
NaN,NaN,0.0240745294805813,NaN,0.0915934009763079
0.573725590759544,NaN,NaN,0.275796747483172,0.171798885679965
0.730539444896089,0.0429696906350894,NaN,NaN,0.111745725458124
NaN,NaN,NaN,0.376500996141194,NaN
NaN,NaN,0.0213219407680474,0.146359947843238,NaN
NaN,NaN,0.026665201210025,0.236459429585062,0.066126971145245
NaN,NaN,NaN,NaN,0.0788592276433153
0.781461253485086,NaN,NaN,NaN,0.108740128300151
NaN,NaN,NaN,NaN,0.149814705957523
NaN,NaN,0.030812737115278,NaN,0.14476895749738
NaN,0.0684399053189653,0.0376354006483545,0.425897023490399,0.2155468091088
0.622634097369613,NaN,NaN,0.41475546553881,0.176578833030899
NaN,NaN,0.0675194467154201,NaN,0.116580622076827
0.686546887020477,NaN,NaN,NaN,NaN
0.76193931722328,0.0662524708250636,NaN,0.441576484448945,NaN
NaN,0.0711741984363424,NaN,NaN,NaN
NaN,NaN,0.0511146656566501,NaN,0.119225215324456
NaN,0.0487177695559704,0.0271411076067238,0.166177531555503,NaN
NaN,NaN,NaN,0.220980520640972,NaN
NaN,0.0519943015830027,NaN,NaN,NaN
NaN,0.0489747411372234,0.0260863156120809,0.201617653872375,NaN
NaN,0.0608225746935542,NaN,NaN,NaN
0.636257986370655,0.0582268729907854,NaN,NaN,NaN
NaN,NaN,0.0290056140504045,0.379725051792723,NaN
NaN,NaN,0.0313607937196418,0.323994095960499,NaN
NaN,NaN,NaN,NaN,NaN
NaN,NaN,NaN,NaN,0.123927211388555
0.746209372493603,NaN,0.0305556129461307,0.282348775176559,0.160975157819409
0.787222898172751,NaN,NaN,NaN,NaN
0.694300009275375,0.0530914836153187,NaN,0.271324371372027,NaN
0.638467708054845,0.0560382835684287,NaN,0.394929939172508,NaN
0.728198776741724,0.0547909608369536,0.0304367658805424,0.217474500771099,0.185086385360493
NaN,0.0819514133148237,0.0775660716822028,0.286870792875439,0.150474736115726
0.734751556353359,0.0437377180577106,NaN,NaN,NaN
NaN,NaN,NaN,0.41243223923274,NaN
0.6663702184078,NaN,0.0595395301208011,NaN,NaN
0.564613898876588,NaN,0.0400751657495581,0.339698708656831,NaN
0.695789525373607,NaN,0.0288749794284473,0.271023874294262,0.168261686303576
NaN,0.0657876121218981,NaN,NaN,0.125694533186802
NaN,NaN,NaN,0.166286743048523,NaN
0.698053808087036,NaN,NaN,NaN,NaN
0.661334235409017,NaN,NaN,0.421005010490922,NaN
NaN,NaN,0.0242786744128615,0.248078208666759,NaN
0.649598158019653,0.0638201914986871,NaN,NaN,NaN
NaN,NaN,0.0317251069315948,0.329579105524778,NaN
NaN,0.0487460653031196,0.0251539976234473,NaN,NaN
NaN,NaN,NaN,NaN,0.199056278273315
0.648785198683988,NaN,0.037819338341145,NaN,0.172733662177013
NaN,NaN,0.0409831961907281,NaN,NaN
NaN,NaN,0.016001802071255,NaN,0.110510005878294
0.571253976135006,NaN,NaN,0.249002204086496,0.263583970148491
0.733813106650444,0.0614081234202744,0.0330356629927271,0.29309055287491,NaN
NaN,0.182412864979047,NaN,NaN,0.157299946328622
0.608126319694895,NaN,NaN,NaN,NaN
NaN,NaN,NaN,0.176494377262829,0.148442891098219
0.81957758851163,NaN,0.0313607937196418,NaN,NaN
NaN,NaN,NaN,0.130088759158873,NaN
NaN,NaN,NaN,0.214226617157457,NaN
NaN,NaN,NaN,0.258864332850155,NaN
NaN,NaN,NaN,0.463610730525605,NaN
NaN,NaN,0.0578277437755711,0.142814876591013,NaN
0.715355110458804,0.0556998895310933,NaN,0.298768888624134,NaN
0.665988291203125,0.0554798756604025,0.0288626737377324,0.311418227067241,NaN
NaN,NaN,NaN,NaN,NaN
NaN,NaN,NaN,0.239073886539187,NaN
NaN,NaN,NaN,NaN,0.124709280036803
NaN,NaN,0.0264156547556864,NaN,0.139514912975695
NaN,NaN,NaN,0.401713627608665,NaN
NaN,NaN,NaN,NaN,0.114074679888568
NaN,0.0453823361777296,0.0278633868848928,NaN,NaN
NaN,NaN,NaN,0.222404903265093,NaN
0.680015931820538,NaN,NaN,NaN,NaN
NaN,0.0737213931439982,NaN,0.347822058074039,0.177431824571268
NaN,NaN,0.0613691920297207,0.32568588127056,NaN
NaN,0.0467809545368189,0.023660734438596,NaN,NaN
0.67942121660183,0.05822109834851,0.0282304203021617,NaN,0.147231451427403
NaN,0.0666601605697031,0.0478193312167977,NaN,NaN
NaN,NaN,0.0216457747342279,0.1062329977562,NaN
NaN,NaN,NaN,0.250524546110416,0.241194699312495
0.728122391300789,NaN,0.0450745145194521,0.321576881581647,NaN
NaN,NaN,0.0217672124715455,NaN,NaN
NaN,0.067372751426481,0.0419546980892695,0.293248082179994,NaN
0.632024050501689,NaN,NaN,NaN,NaN
NaN,0.0441829429771399,NaN,NaN,NaN
0.717466622290363,NaN,0.0486664808723258,0.443981122958903,0.131117898126613
NaN,0.0622968408664504,NaN,0.388016520720399,NaN
NaN,0.054581918786586,NaN,NaN,NaN
0.580163792209776,0.0647117962660008,NaN,NaN,0.140615815165998
NaN,NaN,NaN,NaN,NaN
0.580289282577026,NaN,0.0316726458290736,NaN,0.12730467452143
0.739907573616469,NaN,0.0276690865051845,NaN,0.181786873514453
NaN,NaN,0.0229411105989497,0.233315462361748,NaN
NaN,NaN,NaN,0.335096602529735,0.314512996140772
0.651076761912037,0.122742908883652,NaN,0.335176029070114,0.302160911902267
NaN,NaN,NaN,NaN,0.180447644848826
NaN,NaN,0.0277141641932768,0.20993361265,0.0854352493163288
NaN,0.051499992204233,NaN,NaN,NaN
0.664951631647579,NaN,NaN,0.137865279349761,0.0787646637871546
NaN,NaN,0.0201885218864157,NaN,NaN
NaN,0.0710748745892064,0.0367986136797441,NaN,NaN
NaN,NaN,NaN,0.450677442200645,0.10695491604263
NaN,NaN,0.0187196757826144,NaN,NaN
0.717493902804982,0.0470460106172573,0.0249054874378004,NaN,NaN
0.745712867127525,NaN,0.0408387662418116,NaN,0.178084187389782
0.663418466725956,0.0473711229773593,NaN,NaN,0.135792419556828
NaN,NaN,NaN,0.210917839862857,0.0776215912285634
0.716533628690372,0.0451536603436259,0.0221343754224009,0.165930647392493,0.124987860045493
0.675203649041635,0.0605222932952361,0.0544650518707532,0.280333326714455,NaN
0.734757012456283,0.0675898779760341,NaN,NaN,NaN
NaN,0.0387940468057855,NaN,0.157084516457841,NaN
NaN,NaN,NaN,NaN,0.218919160681882
NaN,NaN,0.0391153218737992,NaN,NaN
0.734729731941663,0.0517344426806121,NaN,0.190027997855483,0.114206941498198
0.677762561312957,NaN,NaN,NaN,0.18425000638945
NaN,NaN,0.0235887785313106,NaN,NaN
0.641414003633765,NaN,NaN,0.226720411958989,0.158515219669282
NaN,0.13603671286573,NaN,0.194328945016977,NaN
NaN,0.0529344133454293,NaN,NaN,NaN
NaN,0.0766808973101138,0.043342650468319,NaN,NaN
NaN,NaN,0.0186341188487495,NaN,0.127912950136734
NaN,NaN,0.057949505346855,NaN,0.160499143813735
0.671035186407756,0.0515144288099213,NaN,0.333784078949981,NaN
NaN,0.070014072803225,0.0358355314643234,0.393040911287173,NaN
NaN,NaN,NaN,NaN,NaN
NaN,NaN,0.0254870932410605,0.279521852226922,NaN
0.755932147904038,0.0539236095671963,NaN,NaN,0.130218902548113
0.73967296119074,NaN,0.0412778850999523,0.345289675211639,NaN
NaN,0.0643618529441147,NaN,0.410039514703838,NaN
NaN,NaN,0.181569883596586,0.247724098674239,0.2198916349324
0.62939966499528,NaN,0.0380965402161955,NaN,0.19534656375393
NaN,NaN,NaN,NaN,NaN
NaN,NaN,NaN,0.240880178444961,NaN
NaN,0.0739431394073716,NaN,0.471111243488678,0.247441664323868
0.688472891352622,0.0855380436320421,0.0846386055035842,NaN,NaN
NaN,0.0473457145513478,NaN,0.209707908897758,NaN
0.687054304592402,0.0640257687636895,NaN,0.339520660828816,NaN
NaN,0.0686570318685183,NaN,0.288136322418803,NaN
NaN,NaN,NaN,NaN,NaN
NaN,NaN,NaN,NaN,NaN
0.668672693841697,0.0764649256890159,0.0418763302694538,0.429208448336345,0.0662304802310425
0.672028197139911,NaN,NaN,0.255846124315773,NaN
0.622639553472537,NaN,0.02971461613596,0.311749170985485,NaN
NaN,NaN,NaN,NaN,0.196564392874486
NaN,0.0392900885772379,NaN,0.133535871011298,NaN
NaN,0.0421364097547567,0.0219446734850124,NaN,NaN
NaN,NaN,0.023725760299005,NaN,NaN
0.751758229167235,NaN,NaN,NaN,0.203197919595164
NaN,NaN,NaN,NaN,NaN
NaN,0.0753515746583289,0.0391936896936149,NaN,NaN
NaN,NaN,NaN,NaN,NaN
NaN,NaN,0.037343950078792,0.398024926695922,NaN
NaN,0.0334218970970296,NaN,0.104266528993997,NaN
NaN,NaN,NaN,NaN,NaN
NaN,NaN,NaN,0.433175804028249,0.194953612594883
NaN,NaN,0.041018817927008,0.247456695988298,0.166806169652669
0.702647846748981,0.0626340799753307,NaN,0.313552815339913,NaN
0.596761257304358,NaN,NaN,0.142636828762998,NaN
NaN,NaN,NaN,NaN,0.274644107649449
0.758158237897,0.0533513425177094,0.0295473235090312,NaN,0.0746664707235413
0.729699205045804,NaN,NaN,0.271000046332149,0.0830762644721036
0.757345278561335,NaN,NaN,0.238610565053646,NaN
NaN,0.0697605660073373,NaN,NaN,NaN
NaN,NaN,0.0304324912721888,0.443641574498785,NaN
NaN,NaN,NaN,NaN,NaN
NaN,NaN,NaN,NaN,NaN
NaN,NaN,NaN,0.351063984697153,NaN
NaN,NaN,NaN,NaN,NaN
NaN,0.0485248965039738,0.0267976493021929,0.201996253714846,NaN
NaN,0.0448597310518107,NaN,0.203261121370373,0.146441715439466
0.617903656134569,NaN,NaN,NaN,NaN
0.681401781963215,0.0664228227721863,NaN,0.420188240900697,0.138019781736397
NaN,NaN,NaN,NaN,NaN
NaN,NaN,NaN,0.189333015627172,NaN
NaN,0.0497214023834258,NaN,0.215911783589153,NaN
0.721836960732427,0.0497751065565866,NaN,NaN,NaN
NaN,NaN,0.0855958587076136,NaN,NaN
0.672748402725869,0.0522853435536802,NaN,0.231388044981897,NaN
NaN,NaN,0.0272589184036203,NaN,NaN
NaN,0.073742759320417,0.0424734801030906,0.447023821343235,NaN
NaN,NaN,NaN,0.311914642944607,0.270214302144299
NaN,NaN,0.0304776337270744,0.305702163711338,NaN
NaN,NaN,NaN,0.245494198553113,0.150096480691083
NaN,0.0646505850578821,0.0351386407691031,NaN,NaN
0.86926631783982,0.0700400586934641,NaN,NaN,NaN
NaN,NaN,0.0316655862486108,0.344921665574552,NaN
NaN,0.0538860743924066,NaN,NaN,0.11638127124492
NaN,0.0444150835966089,NaN,NaN,NaN
0.716582733616687,NaN,NaN,NaN,NaN
NaN,NaN,0.0403452432773526,0.346399661113428,NaN
NaN,0.0476228973805645,0.0255835957629823,0.172084880496151,0.176559664681678
0.699057731025038,NaN,0.0153956496533584,NaN,0.0993137730978608
NaN,0.0758995882102593,0.0542765805024362,NaN,0.2872536867125
NaN,0.0685963981246271,0.0325194716506355,0.423555926212744,NaN
NaN,NaN,0.0665408204696227,0.283258209063892,NaN
NaN,NaN,0.0347234856244597,0.39901643467498,NaN
NaN,NaN,0.0410091029080226,NaN,0.127992179313517
0.70168757263437,NaN,NaN,0.338276973584056,NaN
NaN,NaN,NaN,0.306917389779128,0.218613744984282
NaN,NaN,0.0504760650753422,0.277699675013072,NaN
NaN,NaN,0.0238378716180966,0.231024006671829,0.105620159991822
NaN,NaN,0.0802260438804092,0.162596718360107,0.117094972780944
NaN,0.0519140340553754,NaN,0.276540709411383,0.156976640171748
NaN,NaN,NaN,NaN,NaN
0.650089207282806,NaN,0.0278140345884468,0.266157674920408,0.190370460295959
0.753171359824532,NaN,0.0172529022161966,NaN,NaN
0.662387263273334,NaN,0.035011050186428,0.44596215325351,NaN
NaN,0.0634332904662389,0.0396664872842383,NaN,NaN
NaN,NaN,NaN,NaN,0.228151915557032
0.713707367375778,NaN,0.0272495272186011,NaN,NaN
NaN,NaN,NaN,NaN,0.410405857847522
0.660390329603178,NaN,0.0328180465674539,0.351545177154279,0.150528407493547
0.660346680779786,NaN,NaN,0.308106140333459,NaN
0.721307718748806,0.0477326155837961,NaN,NaN,NaN
0.710717422973467,0.0706550580957886,0.042990966781047,0.294669817252768,NaN
0.736148318701884,NaN,NaN,0.166817577093386,NaN
NaN,NaN,NaN,NaN,0.174405781174125
NaN,NaN,0.0647331792704033,NaN,NaN
0.672808419858032,0.122950218541337,NaN,0.421884659425614,NaN
NaN,NaN,NaN,NaN,0.0999853042655967
0.709216994669387,0.0773750093116107,0.0440680385525632,0.409097648312517,NaN
0.672448317065053,NaN,NaN,0.247364693579026,NaN
0.708676840479919,NaN,0.0290604715242755,0.331411872944011,0.194302527666317
0.710226373710314,NaN,NaN,NaN,NaN
0.417476988885918,0.120568178602756,NaN,0.179371603688039,0.109124773174534
0.687436231797077,NaN,NaN,0.399516159991528,NaN
NaN,0.0731127458481766,0.0495952366873313,0.306575855655501,0.195295448156005
NaN,NaN,NaN,NaN,NaN
NaN,0.0540362150915656,0.0314995889575467,0.321866788454029,NaN
NaN,0.0607931240179499,NaN,0.327490187512824,0.217710915735937
NaN,0.180786725714309,NaN,NaN,NaN
NaN,NaN,NaN,0.308932838241232,0.184693434201447
NaN,0.0579525774827064,NaN,0.260534275861612,0.214686150228742
0.731990768273853,0.217629520895254,0.191373633088733,0.197499387753751,0.30723669077619
0.78893065838794,NaN,0.0325330726772151,0.272335074098343,NaN
0.769905227492211,NaN,NaN,0.103254502492008,NaN
NaN,0.0414440301459426,NaN,NaN,NaN
NaN,0.0549266649304242,0.0292503029952504,0.355513856621857,0.152288061952105
NaN,0.0789214585129487,0.0489255480452702,NaN,NaN
0.659113601518979,NaN,NaN,NaN,NaN
NaN,NaN,NaN,0.291451056703931,NaN
NaN,0.0775095584766263,NaN,NaN,NaN
NaN,0.0684306658913247,0.0394974459538922,NaN,NaN
0.571374010399332,0.0638115295352741,0.0333964140310522,0.411552590298048,NaN
0.604574396691419,0.0412632838427242,NaN,0.238279621135402,NaN
0.632422346015135,NaN,0.029004383481333,NaN,0.138104122472973
NaN,0.0355527400966328,NaN,NaN,NaN
NaN,0.0616079260430015,0.0330952484425043,NaN,0.143203542310936
NaN,0.0763771511264306,NaN,NaN,0.0908880057249469
NaN,NaN,0.029586766486112,NaN,NaN
NaN,NaN,0.0352552209969281,0.468649682624782,0.23334334347126
0.625132992508771,NaN,NaN,NaN,NaN
NaN,0.0457184203581549,NaN,NaN,NaN
NaN,0.0544219611955589,0.0283815212307815,0.229598962159872,NaN
NaN,NaN,0.0279875448275264,0.314148514392751,NaN
NaN,NaN,0.0402876008313724,NaN,0.0962794234160554
0.799417288207725,0.0558096077343249,NaN,0.296762044703904,0.207069926137961
NaN,NaN,NaN,NaN,0.158563140542337
NaN,NaN,NaN,NaN,0.246170802770465
NaN,NaN,NaN,0.147810144092982,0.117069414981982
NaN,NaN,0.0311918171560888,NaN,0.153664988371201
0.651895177350626,NaN,NaN,0.162461693241463,NaN
NaN,NaN,0.032563513070036,NaN,0.145117182508242
NaN,0.220651968662171,0.194811454473705,0.322913895011351,0.27032931223963
NaN,NaN,NaN,NaN,NaN
0.825917580109231,0.104346630987077,NaN,0.176874300880973,NaN
NaN,0.0589279145630126,0.0370045720822349,0.173405346729943,NaN
0.817542462121005,NaN,NaN,NaN,NaN
NaN,NaN,NaN,0.314744875333426,NaN
NaN,NaN,NaN,NaN,NaN
0.640972059296927,0.0549751719255371,NaN,NaN,NaN
0.736933997522929,0.0670083714989066,0.0329398081387378,0.405819979746232,NaN
0.734746100250435,NaN,0.029769473609831,NaN,0.195336979579319
NaN,NaN,NaN,NaN,0.118754951823549
NaN,0.114846085572114,NaN,NaN,NaN
NaN,NaN,0.020848625043078,NaN,NaN
NaN,NaN,NaN,NaN,NaN
NaN,0.0734638440985177,NaN,NaN,NaN
NaN,0.0439715910698622,0.0240282859902108,0.162635107854623,NaN
NaN,NaN,0.176078307198097,NaN,NaN
NaN,0.0661202315169581,0.0409618231489602,0.341272016044161,NaN
0.737343205242224,NaN,NaN,NaN,NaN
0.592374550553522,NaN,NaN,0.333498805292455,0.132593222071715
NaN,NaN,0.0456094882315822,NaN,NaN
NaN,NaN,NaN,NaN,NaN
NaN,NaN,0.0517623335890111,NaN,NaN
NaN,0.0431371552610745,NaN,NaN,NaN
0.713396369509114,NaN,0.0416341024627508,0.451290350337232,0.0659576507271194
0.711770450837785,NaN,NaN,0.1108569461819,NaN
0.756717826725083,0.0503739369605402,NaN,NaN,NaN
0.70958255356529,0.152097725426154,NaN,NaN,NaN
NaN,NaN,NaN,NaN,0.118478288649781
NaN,NaN,NaN,0.359448117921937,NaN
0.7232446352868,NaN,NaN,NaN,NaN
NaN,NaN,NaN,NaN,NaN
NaN,0.0738524775236486,NaN,NaN,NaN
0.746007496685418,NaN,NaN,NaN,0.184273008408516
0.635515956373001,NaN,0.0429035316101782,0.550388859103936,NaN
0.736050108849253,NaN,NaN,0.361898426692613,0.193611189204386
NaN,0.0672070191931785,0.0402461500837014,NaN,NaN
0.668503554651055,NaN,0.0274747861254762,NaN,NaN
0.666512077083822,NaN,NaN,0.0836990263629925,NaN
0.660057507324818,NaN,NaN,NaN,NaN
0.744163333897131,NaN,NaN,NaN,NaN
NaN,NaN,0.149016150312328,NaN,0.156391366575511
NaN,NaN,0.0452856542654018,0.506675138830974,0.190822833337593
0.595675492822497,0.0756310673444557,NaN,NaN,NaN
NaN,NaN,NaN,0.326232600623498,0.215196667263015
0.720647530295011,NaN,NaN,NaN,0.116070105042554
0.741953612212941,0.0742203222365883,NaN,NaN,0.156689114933422
0.684288060409972,NaN,NaN,NaN,NaN
0.701567538370044,NaN,NaN,NaN,NaN
NaN,NaN,NaN,NaN,0.130652746185498
0.723692035726562,0.0609628985008451,NaN,0.387514809740341,0.192333299256268
NaN,NaN,0.0176067879744386,NaN,NaN
0.697186287722132,0.0626773897923958,NaN,NaN,0.400647251258722
NaN,NaN,NaN,0.324867787904662,NaN
NaN,NaN,NaN,0.402207395934685,0.0977438852965983
NaN,0.061859122981979,NaN,NaN,0.0930987553351905
NaN,0.0772306432547269,NaN,NaN,0.178610039103432
0.72951369754639,NaN,NaN,NaN,NaN
NaN,0.0493298816371573,NaN,0.306634763672948,0.127343650164848
0.684288060409972,0.0673132726110449,NaN,NaN,0.153819613054924
NaN,0.0734788581684336,NaN,NaN,0.112606384338181
NaN,NaN,0.0242364464636716,0.278066360874486,NaN
NaN,NaN,NaN,NaN,0.172150305415698
0.620064272892444,0.0553147208913276,0.0313607937196418,NaN,0.230239348787282
0.601109771334726,0.0495400786159799,0.0216457747342279,NaN,0.286347023794311
NaN,NaN,NaN,NaN,NaN
NaN,NaN,NaN,0.160425064368592,0.149051805658497
NaN,0.047431179257023,0.0271087242101058,NaN,NaN
0.731772524156896,0.0578671127770312,0.0311031514161486,0.30441280620586,NaN
NaN,NaN,NaN,NaN,NaN
NaN,NaN,NaN,NaN,0.0958896669818795
0.714825868475183,NaN,NaN,0.196497951457146,0.226946226390983
NaN,NaN,NaN,0.282786944924313,NaN
NaN,0.0568305644886063,0.0314417522111869,NaN,NaN
NaN,0.0745922091991206,0.0410356572932493,NaN,NaN
0.661890757907257,NaN,NaN,0.258643262312769,0.243297467222123
0.696231469710445,NaN,NaN,NaN,NaN
NaN,NaN,NaN,NaN,0.259176527717433
NaN,NaN,0.0344676567911771,NaN,NaN
0.628575793453768,NaN,0.0179540675197706,NaN,0.138474071612953
0.680659751965561,NaN,NaN,NaN,NaN
NaN,NaN,NaN,NaN,NaN
0.658617096152902,NaN,0.0393484823294491,NaN,NaN
NaN,NaN,0.029417789922559,0.334407577291952,0.230673831369642
0.739105526486652,NaN,NaN,NaN,0.120819383034733
NaN,0.0488344173299324,NaN,NaN,NaN
NaN,NaN,0.0217422124893564,0.136919441631421,NaN
0.724073962931237,NaN,NaN,NaN,NaN
NaN,NaN,NaN,0.333385622472416,NaN
0.656287340204386,NaN,NaN,NaN,NaN
0.642276067895745,NaN,0.0377131208002378,0.373075726587373,NaN
NaN,NaN,NaN,NaN,NaN
0.604814465220072,NaN,0.150891796644445,0.365497110859594,0.532209216142306
NaN,0.062006953824228,NaN,NaN,0.269564495105681
NaN,0.0423108039514722,NaN,NaN,NaN
NaN,NaN,NaN,NaN,NaN
0.734958888264468,0.110696427633049,0.101956598346983,NaN,NaN
NaN,NaN,NaN,NaN,0.0762887520126767
0.710619213120836,NaN,0.0244883245225667,0.288702898406836,NaN
0.704415624096333,NaN,0.0103763527111477,NaN,0.122063408899226
NaN,0.0444774497331827,NaN,NaN,NaN
NaN,NaN,NaN,0.275804690137209,NaN
NaN,NaN,0.0460414827424669,NaN,0.165443938967976
NaN,NaN,0.0395181713277277,0.241651939662305,NaN
NaN,NaN,NaN,NaN,0.0860102997929818
NaN,NaN,0.0260450591647894,NaN,0.154183172745163
NaN,NaN,NaN,0.315058610167921,0.362900937971222
0.775350418210289,NaN,0.0265302919797143,NaN,0.111830066194699
NaN,NaN,NaN,NaN,0.0705184399519513
NaN,NaN,0.029137155407467,NaN,0.164145602780689
0.706450750486957,NaN,0.0317925939301468,NaN,NaN
NaN,NaN,NaN,0.214173666130538,NaN
0.815665562715175,0.0727067884962196,0.0429423916861199,0.430363442611015,0.168181179236844
NaN,NaN,0.0409501651261777,0.156576186599419,NaN
NaN,NaN,NaN,NaN,0.0771551613975004
NaN,0.0534131311900556,NaN,NaN,NaN
NaN,0.0695266929951857,0.0444223129115646,0.283839346584328,NaN
NaN,NaN,NaN,NaN,NaN
NaN,NaN,0.0534197158279227,NaN,NaN
0.712228763483394,NaN,0.0452066387776537,NaN,NaN
0.770980079768225,NaN,NaN,NaN,NaN
0.632236838515722,NaN,NaN,NaN,NaN
0.772660559468794,0.135870980632427,NaN,NaN,NaN
NaN,NaN,NaN,NaN,NaN
0.744725312498295,NaN,NaN,NaN,NaN
0.530703673594099,NaN,0.019980361412955,NaN,NaN
NaN,0.079598824051847,NaN,0.495910856946182,0.25043128785749
NaN,NaN,NaN,NaN,0.112188514325146
0.716457243249437,NaN,0.0755259176952659,NaN,NaN
NaN,0.255145061901278,0.204267406286174,0.233495495853273,NaN
NaN,NaN,NaN,NaN,NaN
NaN,0.0465043491718297,NaN,NaN,NaN
NaN,NaN,NaN,0.282383193344056,NaN
0.663653079151685,NaN,0.0215378084899033,NaN,0.0966487336110614
0.844195524904382,0.0769118830011278,0.0403633779794587,NaN,NaN
0.670740556849864,0.0583764362257169,NaN,0.325841424912134,0.224732921000843
0.749030177705272,NaN,0.0430188165021385,0.412091366996949,NaN
0.720740284044718,NaN,0.054075155775472,NaN,NaN
0.704131906744289,NaN,0.106606854101335,NaN,0.163247885092136
NaN,NaN,NaN,NaN,NaN
NaN,NaN,NaN,NaN,0.159856365169832
NaN,0.0698177349658632,NaN,NaN,NaN
0.594426045252918,NaN,0.0354916197922398,0.408822964860375,0.175703478416439
0.693088754426263,NaN,0.0185336007856471,0.0565483873102864,NaN
NaN,NaN,NaN,NaN,NaN
NaN,0.0750206876559514,NaN,0.398257911214366,NaN
NaN,0.0510969221734137,0.0262920797141919,NaN,NaN
NaN,0.0658453585446516,0.0394313838247913,0.31980699350688,NaN
0.617947304957961,0.0539218771745137,0.026084178307904,NaN,NaN
NaN,NaN,NaN,NaN,NaN
NaN,0.0604322088757407,NaN,0.353311093902027,0.165664374984026
0.708884172391028,0.0559499315416158,NaN,NaN,0.091355074500984
NaN,0.0662865412144881,NaN,0.497598009041388,0.209171416157641
NaN,NaN,0.0183815283551287,NaN,NaN
NaN,NaN,NaN,NaN,0.198037161039691
NaN,NaN,NaN,0.279749541642673,NaN
NaN,NaN,NaN,NaN,NaN
0.916319749455754,NaN,NaN,NaN,NaN
0.631118337416317,0.0374133298377499,NaN,0.147667176320301,NaN
NaN,NaN,0.182231152555526,0.316124911472502,NaN
NaN,0.061551334548703,0.0347286669679186,NaN,NaN
NaN,0.0402665805859991,0.0173406612210315,NaN,NaN
NaN,NaN,0.0482843567922329,NaN,0.129716691798502
0.660095700045286,0.0533293988770631,NaN,NaN,0.123577708487745
NaN,NaN,NaN,0.180109608625722,0.17154139085542
NaN,0.0647320075139645,NaN,NaN,NaN
NaN,NaN,NaN,NaN,NaN
0.741178845597743,NaN,NaN,0.365099316269865,NaN
0.676431272199519,0.170278031701631,NaN,NaN,0.293236128504613
NaN,NaN,NaN,0.319249022060722,NaN
NaN,0.0569778178666277,NaN,0.309110886069247,0.213397398216066
NaN,NaN,NaN,0.28555363608083,NaN
NaN,NaN,0.0401949843170449,NaN,NaN
NaN,NaN,0.0431302153865046,0.455823620129333,NaN
0.689116711497646,NaN,NaN,NaN,NaN
NaN,0.435169534835241,NaN,NaN,NaN
0.623468881116973,NaN,NaN,NaN,NaN
0.630725498005794,NaN,NaN,0.422313562743657,NaN
0.752522083576585,0.0659013725747224,NaN,0.367590662086403,NaN
0.741386177508852,0.0565170014130549,NaN,0.309054625603145,0.185807115291231
NaN,NaN,0.0274124804703831,0.258148832098913,NaN
0.696717062870674,0.0617153343893229,NaN,0.419794417637987,0.22721969483988
NaN,NaN,0.0458432963551645,NaN,NaN
0.636045198356622,NaN,NaN,NaN,NaN
0.698517576835569,0.255463822154877,0.223718169630838,0.346365904833767,NaN
NaN,0.0488378821152977,NaN,0.275479703209494,NaN
NaN,NaN,0.0200959701388814,NaN,0.0806648861400056
NaN,NaN,NaN,0.172995638159158,0.087261354052189
NaN,NaN,NaN,NaN,0.129547371380377
0.873320202312296,0.0695590309919276,0.0365421371785292,NaN,0.119231604774197
NaN,NaN,NaN,0.15290734232177,0.0952967260459529
NaN,0.0420497901206265,0.0205354775977815,NaN,NaN
NaN,NaN,NaN,NaN,NaN
NaN,NaN,0.0448646701093671,NaN,NaN
NaN,NaN,NaN,0.171311795503134,NaN
NaN,NaN,0.0453594884096909,NaN,NaN
0.665529978557516,NaN,0.0301832038850232,NaN,0.237870907557441
0.697333602501078,0.0792205849828118,NaN,0.418039091095623,NaN
0.694403675230929,NaN,NaN,NaN,NaN
NaN,NaN,0.0949404116357171,0.203585446410251,NaN
NaN,NaN,0.0257260827081017,NaN,0.200444066756971
0.765043839786994,0.0551120309474629,NaN,0.358573102202101,NaN
0.753569655337978,NaN,NaN,NaN,0.237874741227285
NaN,0.070952452172969,0.0386405812793786,NaN,0.140634344570246
NaN,NaN,NaN,NaN,NaN
NaN,0.0535927225648189,0.0379346232331052,NaN,NaN
0.547579945548093,NaN,NaN,NaN,NaN
0.679803143806505,NaN,NaN,NaN,NaN
NaN,NaN,NaN,NaN,0.15427390293148
NaN,NaN,NaN,0.208305368572242,0.138664477215222
NaN,NaN,NaN,NaN,NaN
NaN,NaN,NaN,NaN,NaN
NaN,0.054907031146688,NaN,NaN,NaN
0.777680174158805,NaN,NaN,NaN,NaN
0.761470092371822,NaN,0.0404281447726948,0.507709669519403,0.239613949446674
NaN,0.124020837219186,NaN,NaN,NaN
NaN,NaN,NaN,NaN,NaN
NaN,NaN,0.0105565986967237,NaN,0.05599285659519
NaN,0.161375843169955,NaN,NaN,NaN
NaN,NaN,NaN,NaN,NaN
0.72088214272074,NaN,NaN,NaN,NaN
NaN,NaN,NaN,0.111111111111111,0.0905710890178138
NaN,0.0632802624459421,NaN,NaN,NaN
0.735859145246916,0.0597779419059438,NaN,NaN,NaN
0.852472433039977,NaN,NaN,0.423277271433583,NaN
NaN,NaN,NaN,NaN,0.168344749150203
NaN,0.0470523627237602,NaN,NaN,NaN
0.722797234847038,NaN,NaN,NaN,NaN
NaN,NaN,0.0263089838472265,NaN,NaN
0.724979676016608,NaN,NaN,NaN,NaN
NaN,NaN,0.017451347670672,0.165287954303264,0.104125667697498
NaN,NaN,NaN,0.222890728937074,0.15647634625706
0.684970073275462,NaN,NaN,0.35897089679183,NaN
0.696482450444945,NaN,NaN,0.390897718472628,0.125687504792087
0.745303659408231,0.0495539377574408,NaN,0.269815267104836,0.137736090167915
0.716299016264643,NaN,NaN,NaN,0.180561377054208
0.753602391955522,0.038320526139207,NaN,0.27737799752454,NaN
NaN,NaN,NaN,0.221677488532793,NaN
NaN,NaN,0.0394410988437767,0.431661404658367,0.152573031410535
NaN,NaN,0.0266198644547598,NaN,0.220253277787717
0.728902614018911,NaN,NaN,NaN,NaN
NaN,0.0574859863868583,0.0532001563988523,NaN,0.188608250057505
NaN,0.0522697520195368,NaN,NaN,NaN
NaN,0.0528893711356816,NaN,0.250656923677714,NaN
NaN,NaN,0.0302093696694905,NaN,NaN
NaN,0.055005200065369,0.0303199265855446,0.283949881853021,NaN
NaN,0.054682397562177,NaN,NaN,NaN
NaN,0.0439161545040189,NaN,NaN,0.107575331612442
0.647486646188094,0.0618013765592256,NaN,NaN,NaN
NaN,0.0441777457990921,NaN,NaN,NaN
NaN,0.0402781298705499,0.0182740802451501,NaN,0.183699235821811
0.751790965784778,0.0582020420290014,0.0276367031085664,NaN,0.0837356556853324
0.631843999105199,NaN,0.0403504246208115,0.357962179729023,0.150530324328469
NaN,0.0395880601186458,NaN,0.174012297876002,NaN
0.66317294209438,NaN,0.0206742728356865,0.190623696908322,NaN
NaN,NaN,NaN,0.314270963642501,0.152309147136249
0.772573261822011,0.0387080046358828,NaN,NaN,0.0816961433281366
0.746258477419918,0.0521513718528921,0.0301780873083575,NaN,NaN
NaN,NaN,NaN,0.158427486878074,NaN
NaN,NaN,NaN,0.166685199526088,0.138883635341324
0.810231284202945,0.0789907542202529,0.066334862067132,NaN,0.141054770363176
NaN,0.0578365071729719,NaN,NaN,0.144374089503412
NaN,NaN,0.0259815229406248,NaN,0.194058450686227
0.710548283782825,0.0434882535114156,0.0243659800501437,NaN,0.0833765686099113
0.612643972915905,0.0532745397754473,NaN,NaN,NaN
NaN,NaN,NaN,0.320155146508873,0.26587906049531
NaN,0.0557657204530322,NaN,0.331730240993361,NaN
0.679563075277852,NaN,NaN,NaN,0.0399081197127303
NaN,NaN,0.0587487275753884,NaN,0.259215503360851
NaN,NaN,NaN,0.520744226683346,NaN
0.601164332363966,NaN,0.0367312562147786,NaN,0.288596749047972
NaN,NaN,NaN,0.256947505675688,0.154648963631252
NaN,NaN,0.0379670066297232,0.329421576219694,0.118478927594756
0.767144439412705,0.0561508890927979,NaN,NaN,NaN
0.669125550384382,NaN,0.0272858613896065,0.25471628177889,0.148813479183173
NaN,0.0527086248324632,NaN,0.244175717982831,NaN
NaN,NaN,0.0411988696122043,0.377405796813672,0.0895513328392159
0.722120678084471,0.0857921278921574,NaN,NaN,0.149638357144683
0.679001096676688,NaN,NaN,0.126751520687304,NaN
NaN,NaN,NaN,NaN,NaN
NaN,0.0600066177400476,NaN,NaN,NaN
NaN,0.214951241807948,NaN,NaN,NaN
NaN,0.0743900967194835,NaN,NaN,NaN
NaN,NaN,NaN,NaN,NaN
0.63160938667947,NaN,NaN,0.355627701329733,NaN
NaN,NaN,NaN,NaN,0.141879648324686
0.721422296910209,NaN,NaN,0.320212068862811,0.148662688169295
0.740922408760319,NaN,NaN,NaN,NaN
0.762392173765966,NaN,NaN,NaN,NaN
0.767760979043109,0.0605494341139302,NaN,0.297561605210381,NaN
NaN,0.0693875241163498,0.0507247695613688,NaN,NaN
NaN,NaN,NaN,NaN,NaN
0.640284590328512,NaN,0.025736315861433,NaN,0.16062118230378
0.721607804409622,NaN,NaN,NaN,NaN
NaN,NaN,0.0284633216906387,NaN,0.155560738109234
0.694605551039115,0.035139275709718,0.0145014793059409,NaN,0.141107163851049
NaN,0.0705210863950005,0.0432344899236147,NaN,NaN
0.873805795472526,0.091117502998483,NaN,0.591396781901339,0.0798610933626396
0.502984488299387,0.0665752733282555,NaN,0.280309498752341,0.144737649193651
0.588266105051806,NaN,0.0469048240963041,0.553669175221567,0.131961305492371
NaN,0.0485595443576259,NaN,NaN,NaN
NaN,0.0702993401316272,NaN,NaN,0.171634037876658
NaN,NaN,NaN,NaN,NaN
NaN,0.0905400387709482,NaN,0.197904463109681,0.201774350192961
NaN,0.0738270690976371,0.0400835854326788,NaN,0.217530094308278
NaN,NaN,0.0320673994338476,0.427669559116512,NaN
NaN,NaN,NaN,0.310094451394267,NaN
0.773277099099197,NaN,0.0192793256429675,NaN,NaN
0.688532908484786,0.0885073646900258,0.0488083201495129,NaN,0.0872977739157104
NaN,NaN,0.0227041289024988,0.235761137917568,NaN
NaN,NaN,NaN,NaN,NaN
NaN,NaN,0.0215949975683307,NaN,NaN
0.711268489368783,NaN,0.0473614299886185,0.0445238709848229,NaN
NaN,0.0591866185369482,0.0293442148454428,0.261174983287332,NaN
NaN,0.084506692521665,NaN,0.224737396000874,NaN
0.738128884063269,NaN,NaN,NaN,0.187055613770542
NaN,NaN,NaN,NaN,NaN
0.698632154996972,NaN,NaN,NaN,0.159142663633808
0.668334415460413,NaN,NaN,NaN,NaN
NaN,0.0500442048866178,NaN,NaN,NaN
NaN,0.0671209770232759,0.034072579352437,NaN,NaN
NaN,0.0649393171716495,NaN,0.422173904410159,NaN
NaN,NaN,0.0267789316989476,NaN,NaN
NaN,0.166342035526754,NaN,NaN,NaN
NaN,NaN,NaN,NaN,0.0835113859994377
NaN,NaN,0.0282470006012301,0.320811739242668,NaN
NaN,0.0427156063749741,NaN,0.217851114950061,NaN
NaN,0.061268377077211,NaN,NaN,NaN
0.764487317288753,0.0394893137357373,NaN,NaN,NaN
NaN,NaN,NaN,0.268175109046021,NaN
NaN,0.0472336864912061,NaN,NaN,NaN
0.674767160807721,0.0681205676011385,NaN,NaN,NaN
0.671138852363311,0.0781245578789508,0.0603717834138849,NaN,0.206726812686891
NaN,NaN,0.0204767988831096,NaN,0.0887047307485879
0.687518073340936,0.0495400786159799,0.0216457747342279,NaN,NaN
NaN,NaN,0.0410758127050557,NaN,NaN
NaN,0.0451623223070389,NaN,0.219736171508376,NaN
NaN,NaN,NaN,0.242581892072569,NaN
NaN,NaN,NaN,NaN,NaN
0.7886251166242,NaN,0.038485140975612,0.366294685702561,0.168353055434866
0.586749308438954,NaN,NaN,0.314908361629038,NaN
NaN,NaN,0.026658594997115,NaN,0.105631022056381
0.886103851463054,0.283990554995094,0.355194759900106,0.457695438930919,0.511445421320316
NaN,NaN,0.283200640206798,NaN,0.160307460321517
0.739187368030511,NaN,NaN,0.259309783364111,0.194562578270759
NaN,NaN,NaN,0.0467981175909931,0.0897212922023155
NaN,0.0786494728617799,NaN,NaN,0.282616224090781
NaN,0.0437746757682728,NaN,0.157866867880569,0.139570501188438
NaN,NaN,0.0242688298602896,NaN,0.197546451299614
NaN,NaN,NaN,NaN,NaN
NaN,0.0796126831933079,NaN,NaN,NaN
0.64247794370393,0.164831389107523,NaN,NaN,0.271757354256651
NaN,NaN,NaN,NaN,0.0944354282209216
NaN,NaN,0.0224870306115715,0.205303045345936,NaN
NaN,NaN,NaN,0.330207898969441,0.146639788381425
NaN,NaN,NaN,NaN,0.194115316788918
NaN,NaN,0.0247653968640307,0.158036973054546,NaN
0.720341988531272,0.0525521320268013,NaN,0.325100772423105,NaN
NaN,0.0473052920554204,0.0251093733029076,0.281834488327608,NaN
0.777549227688631,0.0410704107907275,NaN,0.240596228563108,0.12834998849899
NaN,NaN,NaN,NaN,0.139114933421934
NaN,NaN,NaN,NaN,NaN
NaN,NaN,NaN,NaN,0.112038362256242
0.585156126385168,NaN,NaN,0.505528087210341,0.102110435249316
0.760837184432647,NaN,NaN,NaN,0.271380376721957
NaN,NaN,0.0269041906770662,NaN,NaN
NaN,0.0630411922557427,0.0342616983886864,0.301861890484039,NaN
0.649423562726087,0.0485503049299854,NaN,NaN,0.22074015385795
NaN,NaN,NaN,NaN,NaN
NaN,0.0472013484944641,NaN,0.270877597082398,NaN
NaN,0.0386733567822307,0.0186429271326297,0.147390507204649,0.047531180514734
NaN,0.0692564397366994,0.0373750381395453,NaN,0.222878702686125
0.730675847469187,0.0329668552857322,0.0199618381100894,0.0839273776665806,0.0621402739796049
NaN,NaN,NaN,0.132840888782987,0.0848116390216475
0.771089201826703,0.0500534443142583,NaN,NaN,NaN
0.458653652042492,0.0293288306522632,0.0163025142922502,0.129895487910619,NaN
NaN,0.0732161119449053,NaN,NaN,NaN
NaN,0.0344457411724487,0.0239486228345304,0.116216251993937,NaN
NaN,0.0706065511006757,0.0388335863232222,0.424351515392202,0.17148644158765
0.721722382571025,0.0505298523019745,0.0246682466741766,NaN,NaN
NaN,NaN,NaN,0.260736813539578,NaN
0.668192556784391,NaN,NaN,0.251336682485786,0.195370843662944
0.69379259170345,NaN,NaN,NaN,0.128573619239911
NaN,NaN,0.0346133820759584,0.466570692930376,0.214424182789378
NaN,0.0429471695302155,0.0223473934053544,NaN,NaN
NaN,NaN,NaN,0.198235407027925,NaN
NaN,0.0421981984271029,NaN,0.177811534057439,NaN
0.771383831384595,0.054665073635351,NaN,NaN,0.100822961126588
NaN,NaN,NaN,0.196012125785164,NaN
NaN,NaN,0.0262514061680397,NaN,0.0908643647609068
NaN,NaN,0.0395809951171667,0.331096814333843,0.23768816929486
0.667008582449899,NaN,NaN,NaN,NaN
NaN,0.0984056790141993,NaN,NaN,NaN
NaN,0.0559528188627535,NaN,0.312498428016388,0.203057990645846
0.726883855937058,NaN,NaN,NaN,NaN
NaN,NaN,NaN,NaN,0.128324430700028
NaN,NaN,NaN,NaN,NaN
NaN,NaN,0.0383802187705695,0.4178663383703,0.059272241674547
0.645942569060623,NaN,0.0608426380007113,0.298048092770199,NaN
NaN,NaN,NaN,0.363518728116333,0.179464947478723
NaN,0.0548123270133724,NaN,0.244265072840756,0.304063690035014
0.671057010819452,0.073262309083108,NaN,NaN,NaN
0.618421985912342,0.0575697186998508,NaN,NaN,0.157229662381476
0.685117388054408,NaN,0.0329404558066701,NaN,NaN
NaN,NaN,NaN,NaN,0.118354333324814
0.647006509130788,0.0450993787062376,0.0244214851919471,0.163817239530589,0.153401104096915
NaN,NaN,NaN,NaN,NaN
NaN,NaN,0.0242826899540421,NaN,NaN
0.708005739820276,NaN,NaN,0.0942203954117935,NaN
NaN,NaN,NaN,NaN,0.0953529532036701
NaN,NaN,NaN,NaN,NaN
NaN,0.0551224253035585,NaN,0.133958817338814,NaN
NaN,NaN,0.0201790011678101,0.183381982089315,NaN
NaN,NaN,NaN,0.217333518661928,NaN
NaN,0.048453868403987,0.0253390363517228,NaN,NaN
0.760580747595223,NaN,0.0181379404457678,NaN,0.145914585835868
0.666561182010137,NaN,0.034198226931315,NaN,0.158025787819153
0.624505540672519,0.0489932199925045,NaN,NaN,NaN
0.603188546548742,0.0849576920833697,0.05510883379552,NaN,NaN
0.638254920040812,NaN,0.022803740230496,NaN,NaN
0.742902974121704,NaN,NaN,NaN,NaN
NaN,0.0814929067181611,NaN,NaN,NaN
0.668012505387902,NaN,0.0247346326372436,NaN,NaN
0.648365078758846,0.0725837886157547,NaN,0.336538194237605,0.171303064380096
NaN,NaN,NaN,NaN,0.179479004268152
0.654279494328381,NaN,NaN,NaN,NaN
NaN,0.0788423459137765,NaN,0.405393062091698,NaN
NaN,NaN,0.0618011865406055,0.227358471833363,0.188488767347356
NaN,0.0293288306522632,0.0166371643129011,0.0884063726560897,NaN
0.743421303899477,NaN,0.0388627313801784,0.404689475321512,NaN
0.698081088601655,NaN,NaN,0.171098005731949,0.103985099803205
NaN,NaN,0.0241392962738174,NaN,0.138437651749431
NaN,NaN,NaN,0.328172593872242,NaN
NaN,0.0600349134871968,NaN,0.329663165280012,0.377365374293966
NaN,NaN,0.034822578818111,NaN,NaN
NaN,NaN,NaN,NaN,0.449070974007718
NaN,NaN,0.033509108251283,NaN,0.180083446213612
NaN,0.0543907781272719,0.029417789922559,NaN,0.149142535844813
NaN,NaN,NaN,NaN,0.226820993176068
NaN,NaN,NaN,0.39504643143173,NaN
NaN,NaN,NaN,NaN,NaN
NaN,0.0564696493463971,NaN,NaN,0.172168195874971
NaN,NaN,NaN,NaN,0.123716359547116
NaN,NaN,0.0189903362115481,0.103055936141062,0.0809485777084877
0.671204325598398,NaN,NaN,NaN,NaN
0.705817842547782,0.0817781740465632,NaN,NaN,0.0973100416592123
0.769086812053623,NaN,NaN,0.331771278039224,0.134956040585785
0.729382751076216,NaN,NaN,NaN,NaN
0.638276744452507,0.0619555595079774,NaN,NaN,0.128811945715235
NaN,0.148286461524425,NaN,0.268395517695571,0.316822143277021
NaN,NaN,NaN,0.206022517424197,0.16033621284535
0.749002897190652,NaN,NaN,NaN,NaN
NaN,0.0798425139558667,0.0607914722340547,NaN,0.137715004983771
NaN,0.0601931386855413,0.0320978398266685,NaN,0.194624555933243
NaN,NaN,0.0233009549021694,0.227162553033763,NaN
NaN,NaN,0.0437545672733005,0.312764506926656,NaN
NaN,NaN,0.0342390300110538,0.405479769398278,NaN
0.741162477288972,0.0466400532653004,0.0232758901531871,NaN,0.165294425844046
NaN,0.0885397026867678,NaN,0.14132496707108,NaN
0.717161080526623,NaN,NaN,NaN,0.305153730160759
NaN,0.0405218197745695,0.0195332762392462,0.0885658876246831,NaN
NaN,0.0622442916217448,NaN,NaN,NaN
NaN,NaN,NaN,NaN,0.0575557160017379
0.710559195988673,0.11777729399108,NaN,NaN,NaN
NaN,0.046768250323813,NaN,NaN,0.0950251744319779
NaN,0.0569368179064728,0.0303686312140581,0.333148004739117,NaN
NaN,0.0584081967582313,NaN,0.225112686404162,NaN
NaN,NaN,0.206058855787085,NaN,NaN
0.626273318019871,NaN,NaN,NaN,0.140483553556368
NaN,0.071384395415165,NaN,0.19494648636842,NaN
NaN,NaN,0.0423212781389858,NaN,NaN
0.739503822000098,NaN,NaN,NaN,0.104323101694482
0.534210856553598,0.0541597924362581,NaN,0.274352508223956,0.112312469650114
NaN,NaN,NaN,0.160055730955832,0.184632095483937
0.539959406594246,NaN,0.0200728483936961,NaN,NaN
0.695527632433258,0.0455584627671277,0.0232950611239849,0.201029235585738,0.225086257571498
0.614820957982551,NaN,NaN,NaN,NaN
0.615721214964999,0.0998516494399463,NaN,NaN,NaN
0.576977428102204,NaN,0.0350848843307171,0.365527557700072,NaN
NaN,NaN,0.0410848800561088,NaN,NaN
NaN,0.213150708346495,0.269308163057656,0.449278211314311,NaN
NaN,NaN,0.0450758098553168,NaN,0.0997661461394945
NaN,0.0776816428164316,NaN,NaN,NaN
NaN,NaN,NaN,0.329162116187791,NaN
0.677162389991325,NaN,NaN,NaN,0.117619546604646
NaN,NaN,NaN,0.354275464479789,NaN
NaN,NaN,0.0595155664073037,0.251069941687682,NaN
NaN,NaN,NaN,NaN,0.138962864518108
NaN,0.0615224613373263,NaN,0.336735436812878,NaN
NaN,0.0700400586934641,0.0632817554339825,NaN,0.0794604748639047
0.570195492167764,0.0705095371104498,NaN,NaN,NaN
NaN,0.120375883014987,0.0898665810536016,NaN,0.188413371840417
0.653935759844174,NaN,0.0303775690315247,NaN,0.207482045646229
NaN,NaN,NaN,0.359405095212565,NaN
NaN,0.0594534070100692,NaN,NaN,0.116723745751016
0.721607804409622,0.0436066336780602,NaN,NaN,NaN
0.620735373552087,NaN,NaN,0.122674291614543,0.0886874792342883
NaN,0.0465372646327992,0.0228892971643608,0.177028520746874,NaN
NaN,NaN,0.0385330684026067,NaN,0.147833337592966
NaN,0.0642654164181165,NaN,NaN,0.14917831676336
0.659108145416055,0.0572780992649458,0.0309462862429308,NaN,NaN
NaN,NaN,NaN,0.236129809442492,0.153309096020651
NaN,NaN,NaN,NaN,NaN
NaN,0.0814813574336103,NaN,NaN,0.112200015334679
0.546805178932895,0.0584907741427688,0.0290939559563785,NaN,0.183881335139418
0.743797775001228,NaN,0.0351211537349294,NaN,0.180241904567179
0.783267223552905,0.0490781072339521,NaN,NaN,0.128743578603011
0.794855986163323,NaN,NaN,NaN,NaN
0.755937604006962,NaN,NaN,NaN,0.273530426559665
NaN,NaN,NaN,NaN,0.161019883967593
0.765993201695757,0.0501175428435147,0.029417789922559,NaN,0.139669537659417
NaN,0.0392843139349625,NaN,0.120926907726217,NaN
NaN,0.0541597924362581,0.0318645498374321,0.332378229185282,NaN
0.646973772513245,0.0469807571595459,NaN,0.226785938854802,NaN
0.47638598654525,NaN,NaN,NaN,0.135644184322846
NaN,NaN,NaN,0.220971254211261,NaN
0.73276553488905,NaN,0.0486347451436401,0.231455557541219,0.134396324788509
0.727538588287929,NaN,NaN,NaN,NaN
0.730370305705447,NaN,0.031409692648535,0.432118769153379,NaN
NaN,NaN,0.0696658182432642,NaN,0.0750479208730544
NaN,NaN,NaN,NaN,0.240020957395149
0.60482537742592,0.0730463374620101,NaN,0.304747721451123,NaN
0.711399435838958,NaN,0.0296738130562213,0.126274299557197,0.144737649193651
NaN,NaN,0.0387008143970882,NaN,NaN
NaN,0.0702167627470897,0.0437565102770976,0.291929601609711,0.169156848212232
NaN,0.0467168560075625,NaN,NaN,NaN
0.582067972130226,NaN,0.0457390218180544,0.268130762560976,0.13619112122064
NaN,NaN,0.0302236183640024,NaN,NaN
NaN,NaN,NaN,NaN,0.182799601298336
NaN,0.0607596310927529,0.0307871542319497,NaN,NaN
0.673261276400718,0.0642532896693382,NaN,0.300818093365898,NaN
NaN,0.0836826510689729,NaN,NaN,0.135129194673755
NaN,NaN,NaN,0.224194647974954,0.0971713905998415
NaN,0.047912784422787,0.0291822978623525,NaN,NaN
NaN,NaN,NaN,NaN,0.187058169550438
NaN,NaN,NaN,0.19651979375575,0.15271871086462
0.620495305023434,NaN,NaN,NaN,NaN
NaN,0.0439877600682332,0.0185569168312121,NaN,NaN
NaN,0.0438878587568696,0.0222000489507423,NaN,0.0984959235310655
NaN,0.0498796275817704,0.0276462238271721,0.209973987808026,NaN
0.686863340990064,NaN,NaN,0.307761958658486,0.147556674419199
NaN,NaN,NaN,NaN,NaN
0.680648839759713,0.0666370620006017,NaN,NaN,NaN
0.705921508503336,0.0675569625150646,0.0366412303721804,0.37667507264219,0.169781736396861
0.644616736050109,NaN,0.0190088595144136,NaN,0.0936258849387891
NaN,NaN,NaN,NaN,0.217519232243719
NaN,NaN,0.0499320240121591,NaN,NaN
0.656892967628941,NaN,NaN,0.37932063832463,0.144174099726532
NaN,0.0597421391238366,NaN,NaN,0.18138817185064
NaN,0.0418765508523661,NaN,NaN,0.193432284611649
0.65905904048974,NaN,0.0921016830881791,NaN,NaN
0.741511667876103,NaN,NaN,NaN,0.205288547550285
0.692968720161937,NaN,0.0250460313791227,0.23712131742155,0.123996217445754
NaN,0.0653625984504325,0.0387442081485564,0.48198672253,0.0992013187824264
0.641228496134351,NaN,NaN,NaN,0.13542438725177
NaN,0.0628217558492795,NaN,0.417320280905198,NaN
0.717624849275157,0.0759954472720301,NaN,0.470064798819192,NaN
NaN,NaN,NaN,NaN,0.039124581491042
NaN,NaN,NaN,NaN,NaN
0.712146921939535,0.058253436345252,NaN,0.0847395140419505,NaN
NaN,0.0706666073803393,0.0400194663073751,NaN,0.170754849592353
NaN,NaN,NaN,NaN,NaN
0.57519328244608,NaN,0.0464190731470334,0.410039514703838,0.0885890817082833
NaN,0.049590895468003,NaN,0.217371908156444,NaN
NaN,0.0540899192647263,NaN,0.344853491127394,NaN
NaN,NaN,NaN,NaN,NaN
NaN,0.0785022194837585,NaN,NaN,0.181143455925576
0.617298028710013,NaN,NaN,NaN,NaN
0.642183314146038,0.0738311113472298,NaN,NaN,NaN
NaN,0.0391289760577557,NaN,NaN,NaN
NaN,0.0645674302091171,0.0363465414629562,NaN,NaN
NaN,0.137892105428799,0.115125630415678,0.245118908149825,0.452293812456871
NaN,0.0725520280832403,0.0401690775997504,NaN,NaN
NaN,NaN,NaN,NaN,NaN
NaN,NaN,0.015492929376799,NaN,0.171404656630971
0.689640497378343,0.170647031343026,NaN,NaN,NaN
NaN,NaN,NaN,NaN,0.157793211848596
NaN,NaN,0.037162603057731,NaN,NaN
0.535550875431714,NaN,0.1762764935854,NaN,0.115670764433767
NaN,0.0657956966210836,NaN,NaN,NaN
NaN,0.0378995547173341,NaN,0.17451202319255,NaN
NaN,0.0541597924362581,NaN,0.22114665448793,0.198988550106065
0.73761601038842,0.0640488673327909,0.035003925839172,NaN,NaN
NaN,0.064598613277404,NaN,NaN,NaN
NaN,NaN,NaN,0.156147283281375,NaN
0.653275571390379,NaN,NaN,0.398220183607686,NaN
NaN,NaN,NaN,NaN,NaN
0.675781995951572,0.113691157117044,0.103958539925911,NaN,NaN
NaN,NaN,NaN,NaN,NaN
NaN,NaN,0.0249560703033178,0.216694796899717,0.313828047128581
NaN,0.069672791444752,NaN,NaN,NaN
NaN,NaN,NaN,NaN,NaN
0.726720172849341,NaN,0.0300654578549199,0.331495270811408,NaN
0.593285719741817,NaN,0.0457947212602374,NaN,0.112698392414445
0.726605594687938,0.0408105518883369,0.020318055472888,NaN,0.12632389398625
NaN,NaN,NaN,NaN,NaN
NaN,0.0546321581743815,0.0279458350126823,NaN,0.16524778286094
0.649008898903869,NaN,NaN,NaN,NaN
NaN,NaN,NaN,NaN,NaN
NaN,NaN,0.0114238908249483,NaN,0.0659372044879495
NaN,0.0635043185662256,0.0539961402877239,NaN,0.0954935210979631
NaN,0.109499921753597,NaN,0.207887717347418,NaN
NaN,0.173900464800957,NaN,NaN,0.235699772535589
0.621455579138045,NaN,NaN,NaN,NaN
0.740267676409448,NaN,NaN,NaN,NaN
NaN,NaN,0.0394242594775354,NaN,0.20108940118077
0.719594502430694,NaN,NaN,NaN,NaN
0.764961998243135,0.043270549497635,NaN,NaN,0.0876805019551716
NaN,0.0704142555129066,0.0415939470509444,NaN,NaN
0.660019314604351,NaN,0.0286405884037259,NaN,NaN
0.716446331043589,NaN,NaN,0.196282837910288,NaN
NaN,0.0459488285849413,0.0238721332517186,NaN,NaN
0.677206038814716,NaN,NaN,0.31344029440771,NaN
0.475448082452627,0.17311742330842,NaN,0.187314257725886,NaN
0.755304696067787,0.0582465067745216,0.0307878666666753,0.311393075329455,NaN
NaN,0.111784370237725,NaN,0.223909374317428,0.134893423978327
NaN,NaN,0.039276591188957,NaN,NaN
NaN,NaN,NaN,NaN,0.166679658547806
0.712168746351231,0.047604995989511,0.0384767212924913,NaN,0.113402509775858
0.596275664144128,NaN,0.0337895484659952,NaN,0.12969113399954
NaN,NaN,NaN,0.334743816312888,0.175139928949319
0.675607400658006,NaN,0.0319034099133738,NaN,NaN
NaN,NaN,0.030497258065425,NaN,NaN
NaN,0.0514376260676592,NaN,NaN,0.186088251079817
0.717848549495038,0.0326532922101808,0.0155633308810467,NaN,0.084122217394638
0.587240357702108,NaN,0.0284678553661652,0.216238756180378,NaN
0.595910105248225,0.0555457065823415,0.0288996555766702,NaN,NaN
0.655479836971645,NaN,NaN,NaN,NaN
NaN,NaN,0.0332448597348797,NaN,NaN
NaN,0.0382315966481667,NaN,NaN,0.0721924757839855
NaN,NaN,NaN,NaN,0.214865054821479
NaN,NaN,0.0232649445651302,0.213458827267131,NaN
NaN,NaN,0.0367578106000054,0.111023741916695,NaN
NaN,NaN,NaN,0.279002932163116,0.18588570552304
NaN,NaN,NaN,NaN,NaN
NaN,NaN,NaN,0.163411502286822,NaN
NaN,NaN,NaN,NaN,NaN
NaN,0.0807231469028572,0.0439482199850764,NaN,0.0513806322999463
NaN,0.0520624423618518,0.0435984793016015,0.302918263471072,NaN
0.639182457537879,NaN,NaN,0.143327177776454,0.154119917192731
NaN,NaN,NaN,NaN,NaN
0.705615966739596,NaN,NaN,NaN,0.0458578475221714
NaN,NaN,NaN,NaN,0.178409410381578
0.644038389140173,NaN,0.0338672686178786,NaN,0.198967464921921
NaN,0.0696647069455665,NaN,NaN,0.130860403302068
NaN,NaN,0.0242496588894917,NaN,NaN
0.742804764269073,NaN,NaN,NaN,NaN
0.641414003633765,0.0623724886802575,0.0469048240963041,0.301085496051839,NaN
NaN,NaN,0.091871760972191,NaN,NaN
NaN,0.0497964727330054,0.0261794502607544,NaN,0.115128300150791
0.730283008058664,0.0720542539191054,0.0471781399637604,NaN,0.188561607074399
0.704792095198084,NaN,NaN,NaN,0.0491237508625757
NaN,NaN,NaN,NaN,0.160222480639967
NaN,NaN,NaN,0.208357657711324,NaN
NaN,0.054317440170375,NaN,NaN,NaN
0.767051685662998,NaN,0.0201345711476501,0.169994638708524,0.132444986837734
NaN,NaN,0.0281540602529364,NaN,NaN
NaN,0.0439317460381623,NaN,0.167670750514618,NaN
0.81761884756194,NaN,NaN,NaN,NaN
0.715747949869326,NaN,0.0218076917173181,0.192719895686477,0.100388478544228
NaN,0.0599344347116057,0.0320084616520027,0.340541291872679,0.12661205816955
NaN,0.0547713270532174,NaN,NaN,NaN
NaN,NaN,0.0369644166704285,NaN,0.182586193677001
NaN,NaN,0.0460479594217906,NaN,NaN
NaN,0.0412950443752386,NaN,NaN,NaN
NaN,0.0569027475170482,0.0274747861254762,0.444788626119418,NaN
0.825961228932623,NaN,NaN,NaN,0.116322488307307
0.680179614908256,NaN,0.0333575539551105,0.44881488982877,NaN
NaN,NaN,NaN,NaN,NaN
NaN,0.0518349214562031,NaN,NaN,0.247051268944719
NaN,NaN,NaN,0.313148401871819,0.19303102716794
NaN,0.0501175428435147,0.0275592420238561,NaN,NaN
NaN,NaN,NaN,NaN,NaN
NaN,NaN,NaN,NaN,NaN
0.64938537000562,NaN,NaN,0.359764500307778,NaN
NaN,NaN,NaN,NaN,0.146628926316866
NaN,NaN,NaN,NaN,NaN
NaN,0.0355198246356634,0.0173602207925888,NaN,NaN
0.79187695396686,0.0833742851714693,0.0754611509020298,NaN,NaN
NaN,NaN,NaN,NaN,0.0584765634983515
NaN,NaN,NaN,NaN,NaN
0.755806657536788,NaN,NaN,0.344611902067076,0.278095049454341
0.651769686983375,NaN,NaN,0.0935075422118968,NaN
NaN,0.071318564493226,0.0412914861265319,NaN,NaN
NaN,NaN,NaN,NaN,NaN
NaN,NaN,0.0581768367911137,0.223798839048735,NaN
NaN,NaN,NaN,NaN,NaN
0.678013542047457,NaN,0.019106916439373,0.14356347173408,NaN
NaN,0.0421294801840263,NaN,0.244567555582031,0.158634702379431
NaN,NaN,0.0343452475519609,NaN,0.188301556469957
NaN,0.0549041438255504,NaN,NaN,0.195112709893424
0.776785373279282,0.0621478550957464,NaN,0.403255164379844,0.153819613054924
NaN,NaN,NaN,NaN,0.121564392874486
NaN,0.075130405859183,0.0433277541058746,0.506281315568264,0.127825414675288
0.751212618874842,NaN,NaN,NaN,NaN
NaN,NaN,0.0440175204538391,NaN,NaN
0.671018818098985,NaN,NaN,NaN,NaN
NaN,NaN,NaN,0.374494152220965,0.15408349732921
0.608066302562732,0.0624544886005674,NaN,NaN,NaN
0.635494131961305,NaN,0.0265814577463708,NaN,0.106154317990135
NaN,NaN,NaN,NaN,NaN
NaN,NaN,0.0674145245103776,NaN,NaN
NaN,NaN,0.0341418798211996,0.228293057458483,NaN
0.695833174196998,NaN,0.0235579495377303,NaN,0.150961612185958
NaN,NaN,NaN,0.241741956408067,0.0654803588314974
NaN,0.0915026716382487,NaN,0.387535328263273,NaN
NaN,NaN,NaN,0.178293388402401,NaN
NaN,NaN,0.0304253021581397,0.397537115360431,NaN
NaN,NaN,NaN,NaN,0.243515347458277
NaN,NaN,0.024495513636616,0.278059080108285,NaN
NaN,NaN,0.0387752962093097,0.433547784992355,NaN
NaN,0.0719329864313231,NaN,NaN,NaN
NaN,0.0761663766833804,0.0432001635231996,0.371421668883991,0.194560661435837
NaN,NaN,NaN,NaN,0.101268305773507
NaN,NaN,NaN,NaN,NaN
0.691626518842651,0.0567803251008108,0.0318202493508586,NaN,NaN
NaN,0.0591438861841106,0.0312393559823241,NaN,0.206878242645743
0.654104899034815,NaN,0.0200358665547583,NaN,0.225762261354052
NaN,NaN,NaN,NaN,NaN
NaN,0.0602607020001629,0.0305723227787856,NaN,0.129220231553659
0.665710029954005,NaN,0.0273762110661709,NaN,NaN
NaN,0.0545686371093527,NaN,NaN,0.193110895289698
NaN,NaN,0.0258045152947106,0.229762448455485,0.221706238658727
0.658524342403195,NaN,NaN,NaN,NaN
NaN,NaN,NaN,NaN,0.247883814245917
NaN,0.0688273838156411,NaN,NaN,NaN
NaN,0.064092177149856,NaN,0.379195541523533,NaN
NaN,NaN,NaN,0.255391407372107,0.202042068137092
0.705048532035508,0.0404473268892175,NaN,0.141777036463401,NaN
NaN,0.095968202509775,0.0581820181345726,NaN,NaN
NaN,NaN,NaN,NaN,NaN
0.666293832966865,NaN,NaN,0.342414434449938,0.108118434840392
NaN,NaN,0.0303892918211004,NaN,NaN
NaN,0.0550398479190211,NaN,NaN,0.111009021903034
NaN,NaN,0.0299658465269228,NaN,0.15471796968845
NaN,0.0647464441196529,NaN,NaN,0.200833184246173
NaN,NaN,NaN,0.287160037859984,NaN
NaN,NaN,0.0373808671509366,NaN,NaN
NaN,NaN,NaN,NaN,NaN
NaN,NaN,NaN,0.333122191113494,NaN
0.684440831291841,0.21116769618914,0.147731177134524,0.224352839167875,NaN
NaN,NaN,NaN,NaN,NaN
NaN,NaN,NaN,NaN,0.188851049147647
0.697917405513938,NaN,NaN,0.393111733285677,NaN
0.701736677560686,0.0754399266851417,NaN,0.340556515292918,NaN
0.809893005821662,0.0672716951866624,0.0321606636161075,0.402369558454624,NaN
0.717777620157027,NaN,NaN,NaN,NaN
NaN,NaN,NaN,0.329383848613014,NaN
NaN,0.0474277144716578,NaN,NaN,0.140810054438112
NaN,NaN,0.0630621960049121,0.109856171773131,0.0817945408541416
NaN,NaN,NaN,NaN,NaN
0.7792297073892,NaN,0.0423711485697776,NaN,0.0666739080430393
NaN,0.0603219132082815,0.0684352491717785,0.269331427096364,NaN
0.768170186762403,NaN,0.0262687636686269,NaN,NaN
NaN,NaN,NaN,0.401920136613649,0.209730493009942
0.6285376007333,0.0775944457180738,0.0475816370856212,0.411224955818987,0.161278656682087
NaN,NaN,NaN,NaN,NaN
NaN,0.0567583814601645,0.0306483589940448,NaN,0.0820143379252179
NaN,NaN,NaN,0.30965297220733,0.189871444271219
0.6121638358586,NaN,NaN,0.397323987477082,0.237916911595573
NaN,NaN,NaN,NaN,0.0759200807626447
NaN,NaN,NaN,NaN,NaN
0.750492413288884,0.0498357403004777,NaN,NaN,NaN
NaN,0.0402446369453529,NaN,0.141697609923022,NaN
0.576939235381736,NaN,0.0153310123937088,0.0974629839227444,NaN
0.673092137210076,0.083651468000686,0.0568277444880059,NaN,NaN
0.627484572868983,0.0818780753579267,NaN,NaN,NaN
NaN,NaN,0.0133904049679757,NaN,NaN
0.702500531970035,0.0557651429888047,NaN,NaN,0.291888593554323
0.607264255432914,0.0476344466651152,NaN,NaN,0.149109949651136
0.676076625509464,NaN,0.0296144219068238,NaN,0.156137066475835
NaN,0.0371956258239693,NaN,0.103075792776156,NaN
0.743688652942749,0.06627672432262,0.034330998857449,0.336216516749072,NaN
NaN,0.05597707236031,NaN,NaN,NaN
NaN,NaN,0.037467654653873,0.276622121615271,NaN
0.637463785116842,NaN,NaN,0.430126486765553,NaN
0.714274802079866,NaN,0.0235648148178133,NaN,NaN
NaN,0.0477828549715916,NaN,NaN,NaN
NaN,NaN,0.0675926331917769,0.21110383034491,NaN
NaN,NaN,0.0284400056450737,0.263271182065487,0.218048917627214
NaN,NaN,NaN,0.477738726395425,0.124404503284177
NaN,0.0720467468841474,NaN,NaN,0.155479592097529
NaN,0.0608791661878526,NaN,NaN,0.195039231221407
NaN,NaN,0.0223246602609286,NaN,NaN
0.723337389036507,0.0503756693532227,NaN,NaN,NaN
0.620915424948576,0.0493622196338993,NaN,NaN,0.238263858716487
0.814847147276586,NaN,NaN,NaN,NaN
NaN,0.0827500463415042,0.0487506777035327,NaN,0.136372581593273
0.670827854496647,NaN,0.444530836150311,0.457951589523639,0.10647634625706
NaN,NaN,NaN,NaN,0.194125539908503
NaN,NaN,NaN,0.0869297008928867,0.0852180080251489
0.62021158767139,0.0508728660531302,0.0292185024997715,0.30683597757524,NaN
NaN,0.0541875107191797,NaN,NaN,NaN
0.90869757367103,NaN,0.0365421371785292,NaN,0.07004753750607
0.696749799488217,NaN,NaN,NaN,NaN
0.660755888499081,0.0646338385952836,0.0384067731557963,NaN,0.204706468678917
NaN,0.0336765588213724,NaN,0.067376210427381,NaN
NaN,0.0688770457392091,NaN,NaN,0.118280215707823
NaN,NaN,NaN,0.082766426401382,0.0498557262248575
0.729841063721826,NaN,NaN,0.378688535440784,NaN
NaN,0.0715853529663471,0.0406379891827797,0.41025396636286,NaN
0.716140789279849,0.0413649175467702,0.0289106011647272,0.105874254548824,NaN
NaN,NaN,0.0389359178565352,NaN,0.141130804815089
NaN,NaN,NaN,NaN,0.158439185217369
NaN,0.0542487219272984,NaN,NaN,0.13907659672349
0.800001091220585,NaN,0.0246936352571251,NaN,NaN
NaN,0.0625330237355122,NaN,0.454606408398033,NaN
NaN,NaN,NaN,0.227661616462474,0.117669384312623
0.759593192965992,0.080179753064747,NaN,NaN,NaN
0.686530518711705,NaN,0.0333037975167246,NaN,0.1839950673448
NaN,0.0856518040848664,NaN,NaN,NaN
NaN,0.0582020420290014,NaN,NaN,NaN
0.623359759058495,0.126804792260131,NaN,0.236272115327337,NaN
NaN,NaN,0.0322694718287442,NaN,NaN
0.65961556298798,NaN,0.0281224540578371,NaN,NaN
0.752320207768399,0.057414380822644,NaN,NaN,NaN
0.726938416966298,NaN,NaN,0.201379374251239,0.0788892580570961
NaN,0.0573058175478675,NaN,NaN,NaN
NaN,0.0405518479144013,NaN,NaN,0.111973189868888
NaN,NaN,0.0362183032123488,NaN,0.185534924732282
NaN,NaN,NaN,0.292517358008512,0.375361003910343
NaN,NaN,0.0298412352167366,NaN,0.153979349298438
0.712572497967602,NaN,NaN,NaN,NaN
NaN,NaN,NaN,NaN,NaN
0.723190074257561,NaN,NaN,NaN,NaN
NaN,NaN,NaN,NaN,NaN
NaN,0.0710870013379846,0.039213767399518,NaN,NaN
NaN,NaN,0.019310737537687,NaN,0.118655276407596
NaN,NaN,0.0371069036155479,NaN,0.161704832979784
NaN,NaN,NaN,NaN,0.136192399110589
0.872250806139207,NaN,NaN,0.253172097456365,0.110748971298592
0.700912806019173,0.0685040038482216,NaN,0.282569845713945,NaN
NaN,NaN,0.0257550982314715,NaN,0.232943363917499
NaN,NaN,NaN,NaN,NaN
NaN,NaN,0.0353277598053525,0.437425123938497,NaN
NaN,0.034092910529425,NaN,NaN,0.0922604595292253
NaN,0.0616806865356708,NaN,0.257742432967309,0.111207094844992
NaN,0.0601602232245718,0.0329942122450561,0.343936776473859,NaN
0.565601453505819,NaN,0.0402662277896045,NaN,NaN
0.702096780353665,NaN,0.0437960180209716,0.497805841822045,NaN
NaN,0.0541055107988698,NaN,NaN,0.161647966877093
NaN,NaN,NaN,0.303051964814043,NaN
NaN,NaN,NaN,0.336680500122449,NaN
NaN,0.0673178923248652,0.0371438206876925,0.476512248234414,NaN
0.771503865648921,NaN,NaN,NaN,NaN
NaN,NaN,NaN,NaN,NaN
0.643481866641932,0.0558921851188623,0.0333037975167246,0.300828021683446,0.117588238300918
0.699095923745506,0.0665972169689018,NaN,0.169061376859077,0.1576206967056
0.562960699690639,0.0566140154032808,NaN,NaN,0.180902573670356
0.715747949869326,NaN,NaN,0.285267038647631,NaN
NaN,0.053726694265607,NaN,NaN,0.111045441766555
0.857000998466835,0.0502393877955246,NaN,NaN,0.0667001047869757
NaN,0.0591346467564701,NaN,0.214833568303515,NaN
NaN,NaN,NaN,0.227713905601557,0.0939453574258185
0.660264839235927,0.0805897526662967,0.041873091929792,NaN,0.145590001789046
0.742302802800072,NaN,NaN,0.275954938676092,NaN
NaN,NaN,NaN,0.240472455537685,NaN
NaN,0.0516507103676195,NaN,NaN,NaN
0.733813106650444,NaN,NaN,NaN,0.122858256446955
NaN,NaN,0.0243727805634336,0.295010689488559,NaN
NaN,NaN,NaN,NaN,NaN
NaN,NaN,0.0251186997211336,NaN,NaN
0.617254379886622,NaN,0.0240459673247642,NaN,NaN
0.726480104320688,0.0587575626158898,NaN,NaN,0.130520484575868
0.738467162444552,NaN,NaN,0.246553219091493,NaN
NaN,NaN,0.0253272487953539,NaN,NaN
0.697033516840262,0.052166385922808,NaN,NaN,NaN
NaN,NaN,NaN,NaN,NaN
0.65758589270028,NaN,0.0392254254223006,0.32695207270176,0.13064507884581
NaN,NaN,NaN,NaN,NaN
NaN,0.0667196393851392,NaN,0.364203782027098,0.125888133513942
NaN,0.0431770002927744,NaN,0.224515001687814,NaN
NaN,0.0555249178701502,NaN,0.300166133846958,NaN
NaN,NaN,NaN,NaN,NaN
NaN,NaN,NaN,0.188505655831563,NaN
NaN,NaN,0.0294363132254245,0.268291601305243,NaN
0.662441824302574,0.0860646910075538,0.0463653167086474,0.427813850664866,NaN
NaN,NaN,0.0255317823283934,NaN,NaN
NaN,NaN,0.0263644889890299,0.239858885513261,NaN
0.743972370294793,NaN,NaN,NaN,0.106262938635725
NaN,NaN,NaN,0.489646750461667,0.0780445728013903
NaN,NaN,0.0301780873083575,NaN,NaN
NaN,NaN,NaN,NaN,0.220572750274746
0.689394972746766,NaN,0.0360920079655384,0.384299358630686,NaN
0.691048171932715,0.0697825096479836,NaN,0.431738845535236,NaN
NaN,0.0633270370483724,0.04061337780135,0.247518251557091,0.158065402407545
NaN,NaN,NaN,0.100202537677965,0.127177524471592
NaN,NaN,NaN,NaN,0.281433536943798
0.739738434425827,NaN,NaN,0.177309823077381,0.11568546016817
NaN,NaN,NaN,NaN,0.101026145628339
0.744059667941576,0.0581004083249553,0.0308274391773425,NaN,NaN
NaN,NaN,NaN,0.418940582328919,NaN
NaN,0.0437059575251962,NaN,0.150308108787885,NaN
NaN,0.0706585228811538,0.0525887578707036,0.239974715884646,NaN
0.663189310403151,NaN,NaN,0.297040699483066,0.248122779666215
NaN,0.0679548353678361,0.0422629880250733,0.389851935690978,NaN
NaN,NaN,NaN,NaN,0.306423952769187
NaN,NaN,0.0535252857008975,0.112079453015892,NaN
NaN,0.0622442916217448,0.0615952281381147,NaN,0.0888625501571805
NaN,NaN,NaN,NaN,0.0875207657116569
NaN,0.0464899125661413,0.0199685090897928,NaN,0.16439606921052
NaN,NaN,NaN,NaN,0.128286094001585
0.724254014327726,NaN,0.0202187032120638,0.139461752811369,NaN
NaN,NaN,0.0230336623464841,0.192911843159058,NaN
NaN,NaN,NaN,NaN,NaN
NaN,0.0481980517511891,0.0197598952487793,0.165296558845138,0.0967145449433895
NaN,NaN,NaN,NaN,0.119606026528995
NaN,NaN,NaN,NaN,NaN
NaN,NaN,NaN,0.328627310815909,NaN
0.847021786218975,NaN,0.0173279669295572,NaN,0.070687760370077
NaN,NaN,NaN,NaN,NaN
0.761213655534398,NaN,NaN,0.255396040586962,0.215818360722774
NaN,NaN,0.0331159738163399,NaN,NaN
NaN,0.0703287908072315,NaN,0.318037105432113,NaN
NaN,NaN,NaN,0.317871633472992,NaN
NaN,0.0569766629381726,0.0285982956877427,NaN,NaN
0.699903426978246,NaN,NaN,0.414037317236221,0.164237610856953
0.582646319040162,NaN,NaN,NaN,0.171731796457689
NaN,0.0769696294238812,NaN,0.255157760965827,NaN
0.68381337945559,NaN,0.0292822330243159,NaN,NaN
0.64435484310976,NaN,0.0452727009067546,NaN,NaN
NaN,0.055944734363568,0.0275925321555794,NaN,0.183312035167531
0.705463195857727,0.0649393171716495,NaN,0.335510944315376,0.189620338896414
NaN,NaN,0.0213790650796816,NaN,0.079832340838807
NaN,0.050612429686512,NaN,0.242676542033187,NaN
NaN,0.0568865785186772,NaN,NaN,0.266925652362819
NaN,NaN,NaN,NaN,0.0813843381807959
NaN,NaN,0.0307629314512794,NaN,NaN
NaN,NaN,0.0260532197807372,NaN,NaN
NaN,NaN,NaN,NaN,NaN
0.893000365558896,NaN,0.0733206083855769,NaN,0.0663506018861655
NaN,0.032523940223213,0.0184937692078069,NaN,0.0787908605310911
0.765704028240789,NaN,NaN,0.148389957837745,NaN
0.682842193135131,NaN,NaN,0.201497852173971,NaN
NaN,0.0865699722066468,NaN,NaN,0.144258440463107
NaN,NaN,NaN,NaN,0.0625676642727528
NaN,NaN,NaN,NaN,0.117485368160094
0.614760940850388,0.0514699640644011,0.0247332725345856,0.318291270361325,NaN
0.609042944986114,0.0644964021091303,NaN,NaN,0.120153602371764
0.616255913051544,NaN,NaN,0.316627284340396,0.145041787001303
NaN,0.0471776724611352,NaN,NaN,NaN
NaN,NaN,NaN,NaN,NaN
0.722971830140604,0.0514861330627721,0.0380052190377326,NaN,NaN
0.821339909756058,NaN,NaN,NaN,0.177478467554374
0.737468695609474,NaN,0.0382934312676332,0.41945288351436,0.21059434661487
NaN,NaN,0.0345680453206931,0.241132357710662,NaN
NaN,NaN,NaN,0.108887167980514,NaN
0.692155760826272,0.0510859503530905,NaN,NaN,NaN
0.744474331763794,NaN,0.0255403315451006,NaN,NaN
NaN,0.0536851168412245,NaN,0.212814810402229,0.15831970250722
0.651485969631331,NaN,0.0357241325799574,NaN,NaN
NaN,NaN,NaN,NaN,0.230126894471848
NaN,NaN,NaN,0.313838750885275,NaN
0.62518755353801,NaN,NaN,NaN,NaN
0.792106110289664,NaN,NaN,NaN,NaN
NaN,NaN,NaN,NaN,0.0945894139596698
NaN,NaN,0.0487759367528948,0.317301748045776,NaN
0.756892422018649,NaN,0.0318318426068479,NaN,NaN
0.704284677626159,NaN,NaN,0.242229105855722,0.0858876223579625
NaN,NaN,NaN,0.334584301344294,0
NaN,0.0479174041366072,0.0262631937244086,NaN,0.172376491936514
NaN,NaN,NaN,NaN,0.134649346998236
NaN,NaN,NaN,NaN,0.11668349221765
NaN,NaN,0.0429113036253666,0.413156344525857,NaN
0.779404302682766,0.0548706509003534,0.0309622188740669,NaN,0.223551511743809
NaN,NaN,0.0335194709382007,NaN,0.173481227796662
NaN,0.0695203408886828,0.042068687645365,NaN,0.231488486211567
0.646046235016177,0.0470038557286472,0.0233115766562602,0.310361854080208,NaN
NaN,NaN,0.2991177273125,NaN,NaN
NaN,NaN,NaN,0.238686682154842,NaN
NaN,0.0627998122086332,0.0335777610521132,0.384009451758305,0.217538400592941
NaN,0.0520202874732417,0.0304334627740874,0.197106888266714,NaN
0.666583006421833,NaN,NaN,NaN,NaN
NaN,0.061467024771483,NaN,NaN,0.172751552636287
0.727549500493777,0.0630527415402934,NaN,NaN,NaN
NaN,NaN,0.0334093673896994,0.211418888955078,NaN
NaN,0.0668062590192694,NaN,NaN,NaN
0.700132583301051,NaN,0.026634177916065,NaN,NaN
0.705736001003923,0.0525890897373635,NaN,NaN,NaN
NaN,NaN,NaN,0.246958294447423,NaN
0.631980401678297,NaN,0.0464909642875255,0.29706254178167,NaN
0.62691168206197,NaN,0.033627631482905,0.31384536976364,NaN
NaN,0.143996479778069,NaN,NaN,0.216275845324201
NaN,NaN,NaN,NaN,0.14717266848979
NaN,0.0448984211550555,0.0414242580526659,NaN,NaN
NaN,NaN,NaN,0.449593931812315,NaN
NaN,0.0451657870924041,0.034307682811884,0.24084443650179,0.119377923173256
0.77232228108751,0.0811724140718793,NaN,NaN,0.11461969995144
NaN,NaN,0.0445447221507809,NaN,NaN
NaN,0.0472302217058409,NaN,0.222945665627503,NaN
NaN,NaN,NaN,NaN,NaN
NaN,0.0590682383703036,NaN,NaN,0.197150944360672
NaN,NaN,NaN,0.12572162321373,0.138141181281468
NaN,NaN,0.0424974438165879,0.218963748403196,NaN
NaN,NaN,NaN,NaN,NaN
NaN,NaN,NaN,NaN,NaN
NaN,NaN,NaN,0.192780789367434,NaN
NaN,0.0667444703469232,NaN,NaN,NaN
0.710722879076391,0.0494846420501366,NaN,NaN,0.132261609630179
NaN,0.0524701321064913,0.027306845830615,0.35708848778486,NaN
NaN,0.0373971608393789,NaN,NaN,0.137401921946482
NaN,0.0413250725150704,NaN,NaN,NaN
0.823102231000486,0.059356970484071,0.0339514654490855,NaN,NaN
0.732279941728821,0.0372065976442924,NaN,NaN,NaN
NaN,NaN,NaN,NaN,0.105640606230991
NaN,NaN,NaN,0.267334511493682,0.193997111968717
NaN,0.0423541137685373,NaN,0.145995247645334,NaN
NaN,NaN,0.0203812678630864,0.158144198884057,NaN
0.81196086882983,0.0640407828336054,NaN,NaN,NaN
0.729300909532357,0.0584907741427688,NaN,NaN,NaN
NaN,NaN,0.0251889069250015,0.361371563974769,NaN
NaN,0.0423119588799273,NaN,NaN,0.141500753955069
NaN,0.0454978290232366,NaN,NaN,NaN
NaN,0.0569703108316698,NaN,NaN,NaN
NaN,NaN,NaN,NaN,0.318115367904516
NaN,0.0512435980872075,0.0265032842269348,0.302052514180947,NaN
0.644180247816195,NaN,NaN,NaN,NaN
NaN,NaN,0.029963709222746,0.210565715533846,NaN
NaN,0.0318119268306626,NaN,0.0965144986530583,NaN
0.770079822785777,0.0503213877158345,NaN,NaN,0.115072711938048
NaN,NaN,NaN,NaN,0.236010938737956
NaN,NaN,NaN,NaN,NaN
NaN,NaN,NaN,NaN,0.183476244025864
NaN,NaN,0.0308459624802081,NaN,NaN
NaN,NaN,NaN,0.267689283374039,NaN
0.815932911758447,0.0726386477173705,NaN,0.212796939430644,NaN
NaN,0.0545784540012207,NaN,NaN,NaN
0.801408765774958,0.0442643654332223,NaN,NaN,NaN
NaN,NaN,0.0358776298799269,0.319047146270593,NaN
NaN,NaN,NaN,NaN,NaN
0.673905096545741,0.064972232632619,0.0438672614935313,NaN,0.115125105425921
0.686028557242704,NaN,0.0256243340759278,NaN,NaN
0.633169832115713,NaN,NaN,0.387075316216914,NaN
NaN,NaN,0.0288935027313128,NaN,NaN
NaN,NaN,NaN,0.223954382690309,NaN
NaN,NaN,NaN,NaN,NaN
NaN,NaN,0.016572397519665,NaN,NaN
0.78920891963706,0.0592888297052219,NaN,0.280153955110767,0.116781250798681
NaN,NaN,0.0277986200916567,NaN,0.120202801134766
NaN,0.0688920598091249,0.0608219126268757,NaN,0.13175492626575
0.771536602266465,NaN,NaN,NaN,0.166390855419531
NaN,NaN,NaN,0.438004275795424,0.114384568200987
0.652877275876932,NaN,NaN,NaN,0.151229969075063
0.761322777592876,0.0548816227206765,NaN,0.202206734046848,0.187272216116748
NaN,NaN,NaN,NaN,0.103369795793186
NaN,0.0474525454334417,0.0392325497695565,NaN,0.159265980013801
NaN,NaN,NaN,NaN,NaN
0.733824018856292,NaN,NaN,NaN,0.155944105093669
NaN,NaN,NaN,NaN,NaN
NaN,NaN,NaN,0.27135018499765,NaN
NaN,NaN,NaN,0.0756206853186659,0.0773596237891992
0.745276378893611,NaN,0.0182223963441477,NaN,0.0842960104275819
NaN,0.0495978250387334,0.024560280429852,NaN,NaN
NaN,NaN,NaN,NaN,0.132964449101643
NaN,0.0767086155930355,NaN,0.37006148938001,NaN
NaN,0.0572636626592574,NaN,0.225951960180828,0.0992294323612851
0.74492718830648,0.0559643681473042,NaN,0.356757543866616,NaN
0.779486144226625,0.0393264688235725,NaN,NaN,NaN
NaN,NaN,NaN,NaN,NaN
0.615955827390728,NaN,NaN,NaN,0.192684718992
0.56269880675029,NaN,NaN,0.21588596996353,NaN
NaN,NaN,NaN,NaN,NaN
NaN,NaN,NaN,0.434198420735622,NaN
NaN,NaN,NaN,NaN,NaN
NaN,NaN,NaN,NaN,NaN
NaN,NaN,NaN,NaN,0.0653404298821785
NaN,0.054066820695625,NaN,NaN,0.216698187952054
NaN,NaN,NaN,0.291708531072324,0.0873201369898025
0.753449621073652,NaN,NaN,0.37897380909831,0.124749533570169
0.720320164119576,NaN,0.0339514654490855,NaN,NaN
NaN,0.0534304551168817,0.0296223234555986,0.32869680903874,0.0651704705190789
NaN,NaN,0.022864944850104,NaN,NaN
NaN,NaN,NaN,NaN,NaN
NaN,0.0485006430064174,NaN,0.281633274425316,0.0836602601783935
0.717221097658786,NaN,NaN,NaN,0.106936386638383
0.714083838477529,0.0459661525117673,0.0219705802023069,NaN,NaN
NaN,NaN,0.0402409687402425,0.256881978779876,0.152201804380607
NaN,0.0731497035587388,NaN,0.451751024271427,NaN
NaN,NaN,0.0672610272104081,0.305913967819013,0.0865974902241419
0.704393799684637,0.0644559796132029,0.0358789252157916,NaN,0.195912030055972
NaN,0.0992741852124115,0.0741606336938491,NaN,0.0981560048048662
NaN,0.0634569664995678,0.0322351454283291,NaN,0.195604697523449
0.640557395474708,0.057721014327465,NaN,NaN,0.160776445932476
NaN,0.04576173017522,NaN,0.153435528815287,0.136807703120607
0.68967869009881,0.0619405454380615,NaN,NaN,0.154942239374345
0.732896481359224,NaN,0.0246306819340997,NaN,NaN
NaN,NaN,NaN,NaN,NaN
NaN,0.120875967036032,0.129547252265559,0.206972326469556,0.0821791857285251
NaN,NaN,NaN,0.361954025270878,NaN
NaN,NaN,0.0303245250278643,0.385417287186513,NaN
NaN,NaN,NaN,0.407188101904251,0.0464229943517264
NaN,NaN,0.0247833372657571,NaN,0.189597336877348
NaN,NaN,NaN,NaN,NaN
0.708474964671734,0.0973252434444817,0.0760498810525459,NaN,NaN
NaN,NaN,0.041630864123089,0.291963357889372,NaN
NaN,NaN,NaN,0.278536301238392,0.339858026426764
NaN,0.0478619675707639,NaN,NaN,NaN
NaN,NaN,0.0261693466410095,NaN,NaN
0.603674139708971,NaN,0.029417789922559,0.321199605514849,NaN
NaN,NaN,NaN,NaN,0.207014976870192
NaN,0.0518354989204306,0.0254508238368483,0.238544376269997,0.208663454903264
NaN,0.129119268884091,NaN,0.239807258262015,0.109531142178036
NaN,NaN,0.0521360379859833,NaN,NaN
0.716293560161719,NaN,0.0317458970722236,0.301865861811058,NaN
0.658589815638282,NaN,NaN,0.377110594838599,NaN
NaN,NaN,NaN,0.356389534229529,NaN
NaN,0.061551334548703,NaN,0.372477379983188,0.0928093132619419
0.861382249114747,0.042033043658028,NaN,NaN,NaN
0.702478707558339,0.0504351481686588,NaN,NaN,0.0950360364965369
0.601715398759282,0.0612158278325053,NaN,NaN,NaN
NaN,0.0516276117985181,0.0305636440284919,0.397667507264219,0.206929358243668
NaN,NaN,0.0430188165021385,NaN,NaN
0.711874116793339,0.0992268331457537,0.0770822637367292,NaN,0.103762746952232
NaN,NaN,0.034363382254067,0.304137460865882,NaN
0.685979452316388,NaN,NaN,0.219742790386741,0.206372837171263
0.692275795090599,0.0360337677981693,0.0202424726251814,NaN,0.199430061083139
NaN,NaN,0.119443632520728,0.267071742022597,NaN
0.724073962931237,NaN,0.0330939531066397,0.257944970645274,NaN
NaN,0.0513758373953129,NaN,0.29210500188638,NaN
0.71225058789509,NaN,0.0409190770654244,NaN,0.186812175735426
NaN,NaN,0.0448517167507199,0.234554516391652,NaN
NaN,0.067288441649261,NaN,0.201992282387827,0.22610984741994
NaN,0.0753816027981606,NaN,0.317871633472992,0.10597413550745
NaN,0.0482142207495601,NaN,0.135551981361239,NaN
NaN,NaN,0.036582940258268,NaN,0.190118077031206
NaN,0.0408515518484919,0.0198121620509208,0.142141074773469,0.133914560278069
NaN,0.06540533080327,NaN,NaN,NaN
NaN,NaN,NaN,0.32888147574512,NaN
0.631969489472449,0.0664309072713718,NaN,0.284446297730387,NaN
0.814667095880097,NaN,NaN,0.34495409807854,NaN
0.728520686814236,NaN,NaN,0.249991064514207,NaN
NaN,NaN,0.0556522271907708,NaN,0.207947197587344
0.658158783507292,0.0542348627858376,NaN,0.354440936438911,NaN
NaN,0.0409144954492932,0.0180156607401381,NaN,NaN
NaN,0.0442695626112701,0.0219872900349617,NaN,0.187595522273622
0.774068234023167,NaN,0.0407888958110199,NaN,0.22473547678074
0.629748855582412,0.0532358496722024,0.0247977802606488,NaN,0.146627009481943
0.71872698206579,0.0591369566133802,0.0293869609289786,0.397400766466115,NaN
0.569115183788827,NaN,NaN,NaN,NaN
NaN,NaN,0.0442170021770062,0.291164459270732,0.220485853758274
NaN,NaN,NaN,NaN,NaN
NaN,0.143079466584744,NaN,0.227190352322895,0.118790732742096
NaN,NaN,NaN,NaN,NaN
0.731276018790818,0.0682083421637238,NaN,NaN,0.197686380248933
0.705053988138432,0.0632525441630205,0.0337539267297154,NaN,NaN
NaN,0.0535823282087233,NaN,0.266787792140744,0.159973292100084
NaN,NaN,0.0238242705915171,NaN,NaN
0.745958391759102,NaN,0.0249712904997283,NaN,NaN
NaN,NaN,NaN,NaN,0.0629347381603496
0.625067519273684,0.0641932333896746,NaN,NaN,0.203660515756383
NaN,0.0671203995590483,NaN,0.395845991938206,0.06304482837938
NaN,0.0790871907462513,NaN,0.261114751494212,0.0610699772535589
NaN,NaN,NaN,NaN,NaN
0.645353309944839,NaN,NaN,NaN,0.163858077542362
NaN,NaN,0.0494954958257478,0.465858501618316,NaN
NaN,NaN,NaN,NaN,0.057741648989189
NaN,NaN,NaN,NaN,NaN
NaN,0.0773207276742224,NaN,NaN,NaN
NaN,NaN,0.0173025783466087,0.244255806411046,0.15814335369438
NaN,NaN,NaN,NaN,NaN
NaN,0.0550814253434035,0.0282602777938435,0.306264106484515,NaN
0.654628684915512,NaN,0.0614028707622035,NaN,NaN
0.711432172456501,NaN,NaN,0.346578370829279,NaN
0.720331076325424,NaN,0.0327403264155706,NaN,0.1618128146804
NaN,NaN,NaN,0.283771834025006,NaN
NaN,0.0631255020329628,NaN,0.352350694651284,0.184977764714903
NaN,0.0537821308314503,NaN,NaN,0.0764165410074884
NaN,NaN,NaN,NaN,NaN
NaN,0.0491918676867765,NaN,0.188279952079321,0.149730365220947
NaN,NaN,NaN,0.366619672630276,NaN
0.734298699810673,NaN,NaN,0.21970903410708,NaN
0.682580300194783,NaN,NaN,0.298998563703395,0.303875840212641
NaN,0.0546096370695076,NaN,NaN,NaN
NaN,0.0736619143285621,NaN,0.49640859659922,0.146823165588979
0.742531959122877,0.0533513425177094,NaN,NaN,NaN
NaN,NaN,NaN,NaN,0.238008280726864
NaN,NaN,0.0314417522111869,NaN,0.176513660643545
NaN,NaN,NaN,NaN,0.143985610959184
NaN,0.0814415124019105,NaN,0.205810051428685,0.11498645436655
NaN,NaN,NaN,NaN,NaN
NaN,0.0693442142992847,NaN,0.43707233772165,NaN
NaN,NaN,NaN,NaN,NaN
0.803242016357397,NaN,0.0322513371266381,0.341865067545654,0.153494390063128
NaN,NaN,NaN,NaN,NaN
0.697699161396981,NaN,NaN,NaN,0.127417128836865
NaN,0.0721362538394153,NaN,NaN,NaN
0.730768601218893,NaN,0.025135280020202,NaN,NaN
0.669589319132916,NaN,NaN,NaN,0.214236971911979
0.653712059624293,NaN,NaN,NaN,NaN
0.709309748419094,0.0575962820543174,0.0341833305688707,NaN,0.0904004907097401
0.782263300614903,0.0513821895018158,NaN,NaN,NaN
NaN,0.0743710403999748,NaN,0.251956209500738,NaN
NaN,0.0775130232619915,NaN,0.52829371934632,NaN
NaN,NaN,0.0536969177029731,NaN,NaN
NaN,NaN,NaN,0.254006738018175,0.11524458813607
NaN,NaN,NaN,0.235106530847283,0.202252919978531
NaN,NaN,0.033227372700706,0.386873440426785,NaN
NaN,NaN,NaN,0.455709775421457,NaN
0.695538544639106,NaN,NaN,0.290523751845012,0.12008842998441
NaN,0.0431394651179846,NaN,0.227191014210732,NaN
NaN,0.0405131578111565,NaN,0.183685788606263,NaN
0.740414991188394,0.0613474896763833,NaN,NaN,NaN
0.628608530071311,0.0727010138539443,NaN,0.52284638245203,0.183185524062668
0.800901348203032,0.0697513265796967,0.0374430432724433,0.393291104889365,0.188110511922713
NaN,0.0651679930057533,0.0345181748899013,NaN,NaN
NaN,0.0528316247129281,0.0272157189525318,0.31171607659366,NaN
0.728040549756931,NaN,0.063582273354598,0.249531714355685,NaN
NaN,0.0583521827281605,NaN,0.340025019360219,NaN
NaN,NaN,0.0507908316904697,NaN,0.119030976052342
NaN,NaN,NaN,0.442339641124415,0.145701817159506
NaN,NaN,0.0185598313369078,0.184166981063389,NaN
0.63135840594497,NaN,NaN,0.327303535142935,0.207937613412733
0.746694965653832,0.0465372646327992,NaN,NaN,0.0821951593528765
NaN,NaN,NaN,0.240662417346756,NaN
NaN,NaN,0.0244946069015106,0.200716162639079,0.159372044879495
NaN,NaN,NaN,NaN,NaN
NaN,0.0802530910216439,NaN,0.228609439844324,0.0691811281212462
0.712905320245961,NaN,NaN,0.372331764659161,NaN
NaN,0.0435731407528632,0.0240205787418157,NaN,0.165004983770798
NaN,NaN,0.0260936990265098,NaN,0.266151251054259
NaN,NaN,0.0287701219901981,0.328406902166359,NaN
0.613549686001277,0.0580305351534236,0.0289801607006627,0.425495257573652,0.113680450839574
NaN,0.0397757359925946,0.0196438979220934,0.139568316753043,NaN
0.700056197860116,0.201171212946286,0.165501889862643,NaN,NaN
NaN,NaN,0.0583368107704069,NaN,0.15872734940067
0.716664575160546,0.147822180285487,NaN,NaN,0.174876683620007
0.754709980849079,NaN,NaN,NaN,NaN
0.637190979970646,NaN,NaN,0.396121999166021,NaN
NaN,0.0783087689675344,0.0552662171030837,0.0784919547533475,NaN
0.696515187062489,NaN,NaN,0.249826254442922,NaN
NaN,0.0750079834429457,NaN,NaN,NaN
NaN,NaN,0.0345181748899013,NaN,0.198134280675748
NaN,0.114414142329918,0.0611444512571915,NaN,NaN
0.508525706428926,NaN,0.119443632520728,NaN,NaN
0.669256496854557,0.135913135521037,NaN,NaN,0.138674061389833
NaN,0.0562559875822092,NaN,NaN,NaN
NaN,NaN,0.0313822315282029,NaN,0.197874230071306
NaN,NaN,0.0301243308699715,0.336449501267515,NaN
0.643236342010356,NaN,0.0262494631642425,0.263028931117333,0.254100109898536
NaN,0.0646500075936546,NaN,0.380120198831106,0.0659148414138575
NaN,NaN,NaN,NaN,NaN
0.739760258837523,NaN,NaN,0.366764626066467,NaN
NaN,NaN,NaN,0.319703077116552,0.160193728116135
NaN,NaN,NaN,0.16712204549817,NaN
0.680239632040419,0.0489626143884452,NaN,0.333922413507807,0.259584813555857
0.683955238131612,0.0515034569895981,0.0417234806374167,0.233712595063641,0.0746255782452016
0.651922457865245,0.0607244057748733,NaN,NaN,0.187001942392721
0.617336221430481,0.060786771911447,NaN,NaN,0.219312750785902
0.738330759871454,NaN,NaN,0.310684855344413,NaN
0.652506260878105,NaN,NaN,NaN,0.173490811971273
NaN,NaN,0.0598432863810784,NaN,NaN
NaN,NaN,0.0299729061073856,NaN,NaN
NaN,NaN,0.0365641578882295,NaN,NaN
NaN,NaN,NaN,0.234259314416579,NaN
0.5945133428997,NaN,NaN,0.414966607758649,NaN
NaN,NaN,NaN,NaN,NaN
0.690366159067225,NaN,NaN,NaN,NaN
NaN,NaN,NaN,NaN,NaN
NaN,NaN,0.0297416238887395,0.328351303588094,NaN
NaN,NaN,0.0423711485697776,NaN,NaN
0.694911092802855,0.0753336732672753,NaN,NaN,NaN
0.669845755970341,0.0390013564634705,0.0258879996911919,NaN,0.0781212461982774
0.724095787342932,NaN,0.0583452304535275,NaN,NaN
NaN,0.0481703334682675,NaN,0.290576702871931,0.172839727042707
NaN,0.0668640054420229,NaN,NaN,0.0606997725355892
NaN,NaN,NaN,0.33645810580939,NaN
NaN,NaN,0.0319894202147913,0.241413660041169,0.141696271117131
NaN,0.0616471936104738,NaN,0.289164896116704,NaN
0.691037259726867,NaN,0.0359942101077519,NaN,NaN
0.749979539614035,NaN,0.0373161003577005,NaN,0.25425345669231
0.738963667810629,NaN,0.037530478443312,NaN,0.122943875073479
NaN,NaN,NaN,NaN,NaN
0.677358809696586,NaN,0.0766820049545301,NaN,NaN
0.684353533645059,NaN,0.0897590681768297,0.163985359041057,NaN
0.767537278823228,NaN,0.03422154297688,0.289851935690978,NaN
0.632045874913384,NaN,NaN,NaN,NaN
NaN,0.0523933293642292,0.0293034765324973,0.232575471760555,0.133783576558387
0.588189719610871,0.0471892217456859,0.025207948362213,0.325648815551717,NaN
NaN,NaN,0.0756450885948203,NaN,0.0600606358780382
0.791440465732946,NaN,NaN,NaN,NaN
NaN,NaN,NaN,0.347160170237552,0.136735502338539
NaN,NaN,NaN,NaN,NaN
NaN,NaN,0.0224580798549949,NaN,0.0907122958570808
NaN,NaN,NaN,NaN,0.16470787435786
NaN,NaN,0.0331082018011516,NaN,0.15467388248524
NaN,NaN,NaN,NaN,0.128072047435275
NaN,0.0532525961348009,0.0270584004117614,0.333355175631937,NaN
0.644333018698065,NaN,NaN,NaN,NaN
NaN,NaN,NaN,0.317803459025834,NaN
0.65755861218566,0.0838293269827667,NaN,0.548237061747516,NaN
NaN,NaN,NaN,0.393972849360947,NaN
0.762937784058358,NaN,0.028278801096709,NaN,NaN
NaN,0.0512724712985843,0.0262604087522995,0.313210619328449,NaN
0.676993250800683,NaN,NaN,0.365076150195588,NaN
NaN,0.0587055908354117,0.0307682423283248,NaN,NaN
NaN,0.0696277492350043,NaN,NaN,NaN
0.723872087123051,NaN,0.11936461703298,0.237981109721147,NaN
0.614504504012964,NaN,NaN,NaN,NaN
NaN,0.0531434553957969,0.026334890564521,0.264741896838162,NaN
NaN,0.0675292442321429,0.0432545676295179,NaN,NaN
NaN,NaN,0.0351787961809095,0.351340653812805,0.187874741227286
NaN,0.0512724712985843,NaN,NaN,NaN
NaN,NaN,NaN,NaN,0.14156848212232
NaN,NaN,0.0235638433159148,NaN,NaN
0.656434654983332,0.0415710722760002,NaN,0.219482006579165,NaN
NaN,NaN,0.0363050907152851,0.38108986451156,NaN
0.676714989551563,NaN,NaN,0.362942223810753,NaN
NaN,0.164169615102768,0.169119762932811,NaN,0.113346282618141
0.721678733747633,NaN,0.032538254020674,NaN,NaN
NaN,NaN,NaN,NaN,NaN
NaN,0.0423627757319504,NaN,NaN,0.139462519487822
0.688216454515198,0.0718226907638639,NaN,NaN,NaN
NaN,0.0489626143884452,NaN,0.283438242555417,0.181097451887443
0.654001233079261,0.0526035263430519,0.0276043197119484,0.317347418306494,NaN
0.588789890932503,0.0619457426161093,NaN,0.422364528107067,0.118715337235157
NaN,0.0653712604138455,NaN,0.424133092406161,NaN
NaN,0.0595076886474575,0.0327966735256859,NaN,0.199821734352238
NaN,0.0582020420290014,0.0311449259977859,0.383564001244349,0.139628645181077
NaN,0.0511760347725859,0.0263113802185763,NaN,0.173945101847829
0.631614842782394,NaN,0.0510887589393557,NaN,NaN
0.654754175282763,NaN,NaN,0.546923214392089,0.148272931735119
NaN,NaN,NaN,NaN,0.157246274950801
NaN,NaN,NaN,NaN,NaN
NaN,0.0679097931580883,NaN,0.305935810117617,0.144048227566642
0.732820095918289,NaN,NaN,0.251872149745504,0.260014823523398
NaN,NaN,0.083116585862536,NaN,0.0750153346793774
0.845848724090331,NaN,0.0336639008871172,NaN,NaN
0.766975300222063,NaN,0.0272109262098323,0.310854298630554,0.114634395685844
NaN,0.0856084942678013,NaN,NaN,NaN
NaN,0.0685351869165085,NaN,NaN,0.125243438035116
NaN,0.06166682739421,0.0365421371785292,0.397960061687946,NaN
NaN,NaN,0.039071928122331,NaN,NaN
NaN,NaN,0.0527681618879676,NaN,NaN
0.726043616086774,NaN,0.0265826883154422,0.228807344307434,NaN
0.785313262149377,0.0569853249015856,NaN,NaN,NaN
NaN,NaN,NaN,NaN,NaN
NaN,NaN,NaN,NaN,NaN
0.82523556724374,NaN,NaN,0.44776712138361,0.189391596595701
NaN,NaN,0.0407293103612426,NaN,0.118156260382856
0.674123340662698,NaN,NaN,NaN,NaN
0.662469104817193,0.0665458226526512,NaN,NaN,NaN
NaN,NaN,NaN,NaN,0.221255143507041
NaN,0.0620710523534843,NaN,NaN,0.175890689293838
NaN,NaN,NaN,0.354315177749978,NaN
NaN,0.0487587695161254,0.0251317826133673,0.26524162215471,0.126433792521788
NaN,0.0553147208913276,0.0242364464636716,NaN,NaN
0.726883855937058,NaN,0.0573827959060392,NaN,NaN
0.721220421102024,NaN,NaN,0.168390222592879,0.167448948296573
NaN,0.0443636892803583,NaN,0.30947955759417,0.126584583535666
0.643678286347194,0.0671186671663657,0.0359015935934243,NaN,NaN
NaN,NaN,NaN,0.20397198890676,0.121020650701562
NaN,0.0530805117949956,0.0258078184011656,NaN,NaN
NaN,NaN,0.0210848943048033,0.267092260545528,NaN
NaN,NaN,0.0287227126975492,NaN,0.193133897308764
NaN,NaN,0.0267753047585264,NaN,NaN
NaN,0.052871469744628,NaN,0.314269639866828,NaN
NaN,NaN,0.0280699281885227,NaN,0.173782170879444
NaN,0.041917550812521,NaN,NaN,NaN
0.895995766064131,NaN,NaN,NaN,NaN
0.73015206158849,0.0622968408664504,NaN,NaN,0.161284407186853
0.67337585456212,0.0523887096504089,NaN,NaN,NaN
0.733011059520627,NaN,0.0231177296441045,NaN,0.182190047793084
NaN,NaN,NaN,NaN,NaN
0.709326116727866,NaN,0.0242364464636716,NaN,NaN
NaN,NaN,0.0375978359082775,0.408931514465559,NaN
NaN,0.0528893711356816,0.0288996555766702,NaN,0.198603905231681
NaN,NaN,NaN,0.394021829060847,0.110433971426381
0.742051822065571,NaN,0.025207948362213,0.146608155781921,0.0901589695095458
0.746143899258516,NaN,0.0287701219901981,NaN,NaN
NaN,NaN,NaN,0.286578238451712,NaN
0.580567543826147,NaN,NaN,NaN,NaN
NaN,NaN,0.0611321455664766,NaN,NaN
NaN,NaN,NaN,NaN,0.202714877194776
NaN,NaN,0.0468679070241595,NaN,NaN
0.752958571810499,0.0504518946312573,0.0250545805958299,NaN,0.162824264574335
NaN,0.0835515666893225,0.0519760640066901,0.392747694975609,NaN
0.714503958402671,0.0392398491894423,0.0202299726340869,NaN,NaN
NaN,NaN,0.0250999821178884,NaN,NaN
NaN,NaN,NaN,NaN,NaN
NaN,NaN,NaN,NaN,0.108545889028037
0.728417020858681,NaN,0.0293477770190708,0.312938583427652,0.105292381220129
NaN,NaN,NaN,NaN,0.0872313236384082
0.707132763352448,NaN,NaN,NaN,NaN
NaN,0.0422859729896882,0.0210385860476395,NaN,0.109352876530273
NaN,NaN,0.0378374730432511,0.382074753612253,0.121627009481943
NaN,NaN,0.0290702513100541,0.373813069637219,NaN
NaN,NaN,NaN,NaN,NaN
NaN,NaN,NaN,0.136592469040196,NaN
NaN,NaN,0.0747674985464712,0.231122627959466,0.0856735757916528
NaN,0.141530130062268,NaN,0.347098614668758,NaN
0.727576781008397,NaN,NaN,0.130253569230158,NaN
NaN,NaN,0.0265680510201709,NaN,NaN
0.737163153845734,NaN,NaN,0.401495204622625,NaN
NaN,NaN,0.0254191528749558,0.207098747046326,NaN
NaN,0.0732536471196951,0.0415978330585386,NaN,0.195915224780842
0.884145110513365,NaN,0.0417234806374167,0.481523401044459,NaN
NaN,0.0548908621483171,NaN,NaN,0.182747846755437
NaN,NaN,0.0378601414208837,0.535386509402117,NaN
NaN,NaN,NaN,NaN,0.220917780560738
0.601737223170978,NaN,NaN,NaN,NaN
NaN,0.0378672167205922,NaN,0.129209772112018,NaN
0.683998886955004,NaN,NaN,0.368433907190088,NaN
0.778487677391546,NaN,0.0280864437207979,NaN,NaN
NaN,NaN,0.0317108582370829,0.40105902053838,NaN
0.600902439423617,NaN,0.0342480973621068,NaN,0.126332839215887
0.70138203087063,NaN,0.0214014743901413,NaN,NaN
NaN,NaN,NaN,0.286431961239848,NaN
NaN,0.0480756293349518,0.0322053527034404,NaN,0.102279755667442
NaN,NaN,NaN,NaN,0.125526490658624
0.825159181802805,NaN,0.0420473146035971,NaN,0.102293812456871
0.773904550935449,NaN,NaN,NaN,NaN
NaN,0.0755675462794269,NaN,0.400254164929211,0.168641219618166
0.820985263066003,NaN,NaN,0.265206542099376,0.107256498070386
0.695353037139693,0.0637815013954423,NaN,0.237460203993831,0.117290489943006
0.603063056181492,0.0652805985301226,NaN,0.329097251179815,0.128788943696169
0.615606636803597,NaN,0.0318379954522053,0.305600894872355,NaN
NaN,0.0473255033033841,NaN,NaN,NaN
0.719665431768705,NaN,0.0353096251032464,NaN,0.288094538298362
0.530070220044631,NaN,NaN,0.239272452890133,NaN
NaN,NaN,0.0472927771877883,NaN,0.0732563191657934
0.766822529340193,0.0627928826379028,NaN,NaN,0.125097758581031
NaN,NaN,NaN,0.288790929489089,NaN
NaN,0.0547176228800567,NaN,NaN,NaN
0.775988782252388,NaN,NaN,0.216490935446079,NaN
NaN,0.061002743532545,0.0326237461877456,NaN,0.258417461088251
NaN,0.0634211637174606,NaN,NaN,NaN
0.579798233313873,NaN,NaN,NaN,NaN
NaN,NaN,NaN,NaN,0.171892810591152
0.653635674183358,NaN,NaN,NaN,NaN
0.808610821634539,NaN,NaN,NaN,0.0988690673959158
NaN,NaN,0.041402885010898,NaN,0.0649251156490403
NaN,0.0597098011270947,NaN,NaN,NaN
NaN,NaN,0.0414410974189073,0.183487222255317,NaN
NaN,0.0605505890423853,NaN,0.397816432027429,NaN
0.60439434529493,NaN,0.0258556162945739,NaN,0.189890612620441
NaN,NaN,0.0357668786634932,0.314727666249677,NaN
NaN,NaN,0.0243983634467618,NaN,0.0520798936795563
0.760542554874755,NaN,0.029417789922559,0.223035682373265,0.14131354307767
NaN,NaN,0.0810958619135699,NaN,NaN
NaN,0.0466747011189524,NaN,NaN,0.0621257060341963
0.704513833948964,0.0439854502113231,NaN,NaN,NaN
NaN,NaN,0.0218748548819039,0.0771906832668136,NaN
0.716004386706751,0.0361977676387892,NaN,0.061336483919435,NaN
0.734036806870325,NaN,0.0212536118011833,NaN,0.165023513175045
0.63427742100927,0.0655751052861653,NaN,NaN,NaN
NaN,0.0777717272359271,NaN,0.400479206793617,NaN
NaN,NaN,NaN,0.368607321803247,NaN
NaN,NaN,NaN,NaN,NaN
NaN,NaN,NaN,NaN,0.0955241904567179
NaN,0.076750193017418,0.0442623389322715,NaN,NaN
NaN,NaN,NaN,0.192195680519979,NaN
0.702489619764187,0.0338134178432982,NaN,NaN,NaN
NaN,0.0787239657471319,NaN,NaN,NaN
NaN,NaN,NaN,0.31277509713204,NaN
NaN,NaN,0.0286523759600948,NaN,0.167212538656171
0.771405655796291,NaN,0.0609203581525946,0.17001250968011,0.253956347279372
0.683638784162024,NaN,NaN,0.254016666335723,NaN
NaN,NaN,NaN,0.0730975688859766,0.067202315536586
0.673381310665044,0.0481876573950935,0.0256027667337802,NaN,NaN
NaN,NaN,0.0271971956496663,0.350966025297353,NaN
0.659200899165762,0.0519538790870753,0.0276264699552352,NaN,0.180719835407775
NaN,NaN,NaN,0.511585684689872,NaN
NaN,NaN,0.0308858588248415,0.38353752573089,0.155655940910369
NaN,NaN,NaN,NaN,NaN
0.748986528881881,0.0758470389655537,NaN,NaN,0.12417512203849
NaN,NaN,0.0248553579398357,NaN,NaN
0.695456703095247,NaN,NaN,NaN,0.0558608505635494
0.618116444148602,NaN,0.0386742600118614,0.410977409768141,NaN
0.699346904480006,NaN,NaN,0.245146707438957,NaN
NaN,0.0374341185499411,0.0169078895086279,0.126047933917118,0.11954852148133
NaN,0.0839777352892432,0.046816741257503,0.552014455630349,NaN
NaN,NaN,NaN,0.303374966078248,NaN
0.73568454995335,0.0697686505065228,NaN,0.250419967832251,NaN
0.708027564231972,NaN,0.0284462880240176,NaN,NaN
0.716610014131307,NaN,NaN,0.121539153974967,NaN
0.744452507352099,0.031036969837311,0.0191360614963292,0.0597631765321049,0.0517597822475528
NaN,NaN,0.036356904149874,0.417887518781067,NaN
0.786322641190303,NaN,NaN,NaN,NaN
NaN,NaN,NaN,NaN,0.103107189408848
NaN,0.0327936160174718,0.0272589184036203,0.0868913113983704,NaN
0.650443853972861,NaN,0.0989650201674079,0.186731134541941,NaN
0.739378331632848,NaN,0.0215810079409918,0.156717168708591,NaN
NaN,0.0549295522515619,NaN,NaN,0.162655583101183
NaN,NaN,NaN,NaN,NaN
0.710062690622596,NaN,NaN,NaN,0.147338155238071
0.710842913340717,0.05510567884096,NaN,NaN,NaN
0.731679770407189,NaN,NaN,0.529883573929562,0.226853579369745
0.626087810520458,NaN,NaN,NaN,NaN
NaN,0.086574591920467,NaN,0.251318811514201,NaN
0.626600684195307,NaN,NaN,0.279719756690031,NaN
0.591785291437738,NaN,NaN,NaN,NaN
NaN,0.0394153983146129,NaN,NaN,NaN
NaN,NaN,NaN,0.348483945910526,0.110154752472717
NaN,0.052788314895863,0.0271509521592957,0.345836394564577,0.188933473049301
NaN,0.127726425167277,NaN,0.334142822157357,0.305898101055537
0.70988809532903,NaN,0.0398374716183816,NaN,NaN
0.735602708409491,NaN,0.0402914868389667,0.308910334054791,0.164693178623457
NaN,NaN,0.0211276403883391,0.177584506529524,NaN
0.737277732007137,NaN,0.0293379324664989,NaN,NaN
0.70859499893606,NaN,0.0298989424295099,NaN,NaN
0.6522771045553,NaN,NaN,NaN,NaN
NaN,NaN,0.0315458324479173,NaN,0.0507393232294835
0.664793404662785,NaN,0.0308981645155564,0.322859620208759,0.192005520484576
NaN,0.0732767456887964,NaN,0.440149454273479,0.0522312597439109
NaN,0.0912208690952117,NaN,NaN,NaN
0.592500040920772,NaN,NaN,0.217827286987947,0.164353259897258
NaN,0.0531555821445751,0.0275181151101512,0.370540696173626,NaN
NaN,0.120568178602756,NaN,NaN,NaN
NaN,NaN,0.0304540586143365,NaN,NaN
NaN,NaN,0.0259815229406248,0.167301417101858,NaN
NaN,NaN,NaN,NaN,0.0588617834232116
0.723228266978028,0.052854145817802,NaN,0.328886108959976,NaN
0.702860634763014,NaN,NaN,0.138702567462918,NaN
0.737168609948658,NaN,0.0563109054779818,NaN,NaN
NaN,NaN,0.0254925336516924,0.247315713879126,NaN
0.766882546472357,NaN,0.0513543027916237,0.275849036622254,0.163122012932246
0.710995684222587,NaN,NaN,NaN,NaN
0.748697355426913,0.0448216184127934,0.0218503082672674,0.199358630686444,NaN
NaN,0.0537047506249607,0.0429598787202937,NaN,NaN
NaN,0.0448268155908412,0.0228744655687098,NaN,NaN
0.614209874455072,NaN,0.0340032788836744,0.373635683697041,0.186511232652644
0.699445114332637,0.0480785166560894,NaN,NaN,0.158167633603394
NaN,0.0454429699216208,0.0234114470514302,NaN,NaN
NaN,NaN,NaN,NaN,NaN
NaN,NaN,0.0326561295843636,NaN,0.30429754389552
0.520674265199339,0.0567583814601645,NaN,NaN,0.185609042349273
0.627670080368396,NaN,NaN,0.252888147574512,NaN
NaN,0.0394125109934752,NaN,NaN,NaN
NaN,NaN,NaN,NaN,NaN
0.620435287891271,NaN,0.044211173165615,0.473370266674609,0.208460909346487
NaN,NaN,0.0336969319516677,NaN,NaN
0.676360342861508,NaN,NaN,NaN,NaN
NaN,NaN,NaN,0.424890953978939,NaN
NaN,0.0509479364027097,0.0263413672438446,NaN,NaN
0.679563075277852,NaN,NaN,NaN,NaN
0.71298716178982,NaN,NaN,NaN,NaN
0.749308438954392,0.04044674942499,NaN,NaN,NaN
0.752887642472488,NaN,NaN,NaN,0.219693561990441
0.486070569235218,NaN,NaN,0.432014190875214,0.0654599125923275
NaN,0.0699037771357659,NaN,NaN,0.0965049709918981
0.762239402884096,0.0753169268046768,0.044713763481127,NaN,NaN
NaN,0.0710985506225353,NaN,NaN,0.338497073632019
0.600640546483269,NaN,0.0320084616520027,0.253833985292852,NaN
NaN,NaN,NaN,NaN,NaN
0.738636301635194,0.0649774298106668,NaN,0.353161507250981,0.150477930840596
0.689389516643842,NaN,0.0449307322384679,NaN,NaN
NaN,NaN,NaN,0.0523440757729196,0.0281093618217599
NaN,0.0535546099258016,NaN,0.345757629912035,NaN
NaN,NaN,0.0270429859149712,NaN,NaN
NaN,NaN,NaN,NaN,NaN
NaN,NaN,0.0435855259429543,NaN,NaN
0.634872136227978,0.058353915120843,0.0303040587212017,0.33831205363939,NaN
0.721711470365177,NaN,0.0288221944919599,NaN,0.19712858128658
0.711066613560598,0.106908839764649,NaN,NaN,0.134729854064968
NaN,NaN,NaN,0.442530264821323,NaN
0.727380361303136,0.0529326809527467,NaN,NaN,0.12386970634089
NaN,0.0820703709456959,0.0568355165031942,NaN,NaN
NaN,0.0605118989391404,NaN,NaN,NaN
NaN,NaN,NaN,NaN,NaN
0.693705294056667,0.0561301003806067,0.0505622049103462,0.115733073873301,0.106531934469803
NaN,NaN,NaN,0.150361059814804,0.124523985994326
NaN,NaN,0.0209981068018669,NaN,NaN
0.69097178649178,NaN,NaN,NaN,NaN
NaN,NaN,0.337681819009067,0.470165405770338,0.530091752498275
NaN,0.0604795609423985,0.0319724513149635,0.374040097165134,0.145503105272574
0.615753951582543,NaN,0.0237777032671803,0.186128154722901,NaN
0.543252710319127,0.0456485471866231,0.0223497897767042,0.165284644864081,0.128239451018478
0.625111168097075,NaN,0.0316980991788153,0.239754969122932,NaN
0.752614837326291,NaN,0.0192543904275716,0.254767247142299,0.144070590640734
0.744654383160284,0.0419106212417906,0.0186004401162668,NaN,0.119016919262913
NaN,NaN,0.0367578106000054,NaN,NaN
NaN,NaN,0.0546768392846352,NaN,0.113426789684872
0.729180875268031,NaN,NaN,0.394268051336021,NaN
NaN,NaN,NaN,0.233027541152876,NaN
NaN,0.0605390397578346,NaN,NaN,NaN
NaN,0.0601446316904284,0.0314196667346934,NaN,NaN
NaN,0.0473711229773593,NaN,0.183791690660101,NaN
NaN,0.0689174682351365,NaN,0.197404075905297,0.064389679760779
