0.531972614861561,0.252681751839718,0.457137264384492,0.171855146124523,NaN,NaN,0.17524115755627,0.155402151228127,0.306645974073398,0.293344289235826,NaN,NaN,NaN,0.354859417126717,NaN,0.139193692595302,NaN,0.682230703648518,0.648273995457926,NaN,NaN,0.595547482747479
NaN,0.216720250671076,0.057716443861043,0.0911689961880559,0.0909090909090909,0.0876685934489403,0.0760986066452305,NaN,NaN,NaN,NaN,NaN,0.0882915996630676,NaN,NaN,0.709867511988946,0.37811288881215,NaN,NaN,NaN,NaN,NaN
0.289989055259297,0.194112904048909,NaN,0.119440914866582,NaN,NaN,0.12593783494105,0.109006261037085,NaN,0.132292522596549,0.198189522342065,NaN,0.117926334328815,NaN,NaN,NaN,NaN,0.653223428922018,0.438375267336388,NaN,NaN,0.351131251708683
NaN,NaN,NaN,0.0756035578144854,NaN,NaN,0.0814576634512326,NaN,0.264560890998722,NaN,NaN,NaN,NaN,NaN,NaN,NaN,0.762992293172119,0.611399727496554,NaN,NaN,0.745136725110193,0.322856172384369
0.899558717369536,NaN,NaN,0.0181067344345616,NaN,NaN,0.0251875669882101,0.0234387542141596,NaN,NaN,NaN,NaN,0.0225897848227276,0.075619463345744,NaN,NaN,0.407659228943887,NaN,NaN,NaN,NaN,NaN
NaN,0.235381773273319,0.101805473994496,NaN,0.0909090909090909,0.0428709055876686,NaN,0.0428640231176754,NaN,NaN,NaN,0.0431478968792402,NaN,NaN,0.0246363433809721,NaN,NaN,NaN,0.474578069999872,NaN,0.348000416394557,NaN
0.152650024451016,NaN,NaN,0.153430749682338,NaN,NaN,0.132904608788853,0.143361695296195,0.246850465583349,NaN,NaN,NaN,NaN,0.271408396456541,NaN,NaN,1,NaN,0.440276928767972,NaN,NaN,NaN
NaN,NaN,0.896288875839119,NaN,NaN,0.0221579961464354,0.0112540192926045,0.0221544389147536,NaN,NaN,NaN,NaN,NaN,NaN,0.00748002673711685,0.730472242542469,NaN,NaN,NaN,0.113840245464512,NaN,NaN
0.35794541601658,0.125074252120396,0.45660759726876,0.0533672172808132,0.0513833992094862,0.0510597302504817,0.0568060021436227,NaN,NaN,0.0928512736236647,NaN,NaN,NaN,NaN,NaN,NaN,NaN,NaN,0.305157899551849,0.232144505300314,0.349546325673927,NaN
NaN,NaN,NaN,0.0727445997458704,0.0909090909090909,NaN,NaN,NaN,NaN,NaN,NaN,NaN,NaN,0.0953267428424702,NaN,0.586239128667805,NaN,NaN,0.408777836296928,NaN,0.558706294141827,0.31723719419752
0.654245162191742,0.248705308388703,0.139383052955197,0.143900889453621,NaN,0.145953757225434,NaN,NaN,NaN,NaN,NaN,0.117910447761194,0.0867600888276284,0.141995121324945,NaN,NaN,NaN,NaN,NaN,NaN,NaN,0.389333261534128
0.583837878117505,NaN,NaN,NaN,0.328063241106719,NaN,NaN,0.446781184780864,0.562716815775059,0.52341824157765,NaN,NaN,0.467493682517804,NaN,NaN,NaN,NaN,NaN,NaN,NaN,NaN,0.774824575211048
NaN,NaN,0.888384169861941,NaN,0.0513833992094862,0.119460500963391,NaN,NaN,0.0971334672265839,0.104354971240756,NaN,NaN,NaN,NaN,NaN,NaN,NaN,NaN,NaN,NaN,0.375086526433047,NaN
NaN,NaN,NaN,NaN,0.209486166007905,NaN,NaN,0.156525927115107,0.157750593390542,0.124075595727198,NaN,NaN,NaN,NaN,0.14469872998695,NaN,NaN,NaN,NaN,0.381381705870303,NaN,NaN
NaN,NaN,0.164093175354359,NaN,NaN,NaN,NaN,NaN,NaN,0.0320460147904684,NaN,0.00827679782903663,0.0272608928708171,NaN,NaN,NaN,NaN,NaN,0.442565865231543,0.862234618510239,0.668444499410108,0.36476343542628
NaN,NaN,0.689615070180893,0.116264294790343,NaN,NaN,0.10075026795284,NaN,0.0662771590286653,NaN,NaN,NaN,0.0445669653112796,NaN,0.0176655950599994,NaN,NaN,NaN,NaN,NaN,NaN,0.276015475490237
0.157458724355541,NaN,NaN,NaN,0.0909090909090909,NaN,0.0573419078242229,NaN,NaN,NaN,NaN,NaN,0.0317022742935906,0.0688149955064835,NaN,NaN,0.348641213679561,0.744894544353521,NaN,0.431462859535499,0.245374728409319,0.288980755051488
NaN,NaN,0.0542793648600412,NaN,NaN,NaN,NaN,NaN,0.122512324265109,0.128184059161873,NaN,NaN,NaN,0.155989215560406,0.227838431422478,0.429935788019182,0.45417552341331,NaN,NaN,NaN,0.318221977447074,NaN
NaN,0.299435581820223,0.961501260838026,NaN,NaN,NaN,NaN,NaN,NaN,NaN,0.106124807395994,NaN,NaN,0.10611118243677,NaN,0.597577826546371,0.469297519022075,NaN,NaN,NaN,NaN,NaN
0.665411126376825,NaN,NaN,NaN,0.288537549407115,NaN,NaN,0.409696580510515,NaN,NaN,NaN,0.501356852103121,NaN,NaN,NaN,NaN,NaN,0.802474841238855,0.555508065246622,NaN,NaN,0.467317554077228
0.557261951889714,NaN,NaN,NaN,NaN,NaN,0.0294748124330118,0.0319473430727244,0.046467044002191,0.0386195562859491,NaN,0.0449118046132972,NaN,NaN,NaN,NaN,NaN,NaN,NaN,0.128625745409359,0.417393281100136,NaN
NaN,NaN,NaN,NaN,0.0513833992094862,0.0486512524084778,0.0514469453376206,NaN,NaN,0.115036976170912,0.177966101694915,0.123202170963365,0.0911248947086301,0.178007446398768,NaN,NaN,NaN,NaN,NaN,NaN,NaN,0.39003951717796
NaN,NaN,NaN,0.196950444726811,NaN,NaN,NaN,NaN,NaN,0.147904683648316,NaN,0.14314789687924,0.108584118232636,NaN,0.0229493586274947,NaN,0.661436227924243,0.952766069336988,NaN,NaN,NaN,0.583350592757669
NaN,NaN,NaN,NaN,NaN,NaN,0.247588424437299,0.145288168245304,NaN,NaN,NaN,0.347354138398915,NaN,NaN,NaN,0.51174510282045,NaN,0.960148362987339,0.569875209570575,0.585765129361869,0.390661284381467,NaN
NaN,0.185913020402748,NaN,NaN,NaN,0.0732177263969171,NaN,0.073366511478568,0.310115026474347,NaN,NaN,0.26729986431479,NaN,0.341571446912312,NaN,NaN,NaN,NaN,NaN,NaN,0.664402891984761,0.499465648222555
NaN,NaN,NaN,NaN,NaN,NaN,0.121114683815648,NaN,NaN,NaN,NaN,0.146540027137042,0.182709242667892,NaN,0.0826940828214024,NaN,0.929520907366402,NaN,0.445949911344392,NaN,NaN,0.356439560257483
NaN,NaN,0.752380623395166,0.00317662007623888,NaN,0.01252408477842,0.007502679528403,NaN,0.000365163410626256,0,NaN,0.00542740841248304,NaN,NaN,0,NaN,0.194824315590285,NaN,0,NaN,0,NaN
0.283142770649465,NaN,NaN,0.239834815756036,NaN,0.211464354527938,0.19882100750268,NaN,NaN,0.183237469186524,NaN,NaN,NaN,NaN,0.0825667632173664,NaN,NaN,NaN,0.477387893189474,NaN,NaN,0.376341057270912
NaN,NaN,0.400503183759946,NaN,NaN,NaN,NaN,NaN,NaN,0.037797863599014,NaN,0.0415196743554953,NaN,0.0520605982796251,NaN,NaN,NaN,NaN,0.407484749915611,0.528120138940478,NaN,NaN
NaN,0.112667258642334,NaN,0.00190597204574333,NaN,NaN,NaN,NaN,0.00639035968595948,NaN,NaN,0.000814111261872458,NaN,0,0.00550657287455836,NaN,NaN,NaN,0.221631425904361,0.347603321784975,NaN,0.146203202796855
NaN,NaN,NaN,NaN,NaN,NaN,NaN,0.108524642799807,NaN,NaN,NaN,NaN,0.0764223906884141,NaN,NaN,0.543404047793221,NaN,NaN,NaN,NaN,NaN,0.387367758290737
NaN,NaN,NaN,0.218551461245235,0.209486166007905,0.161849710982659,0.157020364415863,0.161663188312731,NaN,NaN,NaN,NaN,0.0422696990581208,NaN,NaN,0.619848817361619,0.352631124571551,NaN,0.595149335024181,NaN,NaN,NaN
0.499819528211816,NaN,NaN,NaN,0.0909090909090909,0.0939306358381503,NaN,NaN,NaN,NaN,0.36228813559322,NaN,NaN,NaN,0.0859089028233122,NaN,NaN,NaN,NaN,NaN,0.549048698589063,NaN
NaN,0.08090878471478,NaN,NaN,NaN,NaN,NaN,NaN,NaN,NaN,NaN,NaN,NaN,0.584542303248171,0.0541744915173314,NaN,0.375158954783343,0.992812920806674,0.762472036916604,0.513798374225326,NaN,0.757611406132204
NaN,0.182928646519081,NaN,0.444726810673443,NaN,NaN,0.457663451232583,0.382886498635415,NaN,0.604765817584223,NaN,NaN,0.619419557393369,0.644948003594813,NaN,0.159229456230188,NaN,NaN,NaN,NaN,0.885444341037819,0.855364643309833
NaN,NaN,NaN,NaN,NaN,0.135356454720617,NaN,0.135174185262482,0.161128354938835,0.139687756778965,NaN,NaN,0.103223830308599,NaN,NaN,0.511541900349508,NaN,NaN,NaN,NaN,NaN,0.563681062407317
NaN,NaN,NaN,0.152160101651842,NaN,NaN,0.111468381564845,NaN,0.194723388716451,NaN,NaN,0.167435549525102,0.128876636802205,NaN,0.0816755259891142,0.568560513695847,0.867350629169282,0.309725663928352,NaN,0.453920251047344,NaN,NaN
NaN,0.280465823611664,NaN,0.0222363405336722,NaN,NaN,0.0257234726688103,0.0327500401348531,NaN,0.0566967953985209,NaN,0.0800542740841248,NaN,0.0939144948003595,NaN,NaN,0.114001787293417,NaN,NaN,NaN,NaN,0.0973576511718459
NaN,NaN,0.222339286331134,NaN,0.130434782608696,NaN,0.106109324758842,0.0820356397495585,NaN,NaN,0.503659476117103,NaN,0.285779921892947,0.503723199383746,NaN,0.362716410631553,NaN,NaN,NaN,NaN,NaN,0.341015848293802
NaN,0.0654970043989916,0.272300712747706,0.0889453621346887,0.130434782608696,NaN,NaN,0.0303419489484669,0.0985028300164324,0.0821692686935086,NaN,NaN,NaN,NaN,0.0130184295126842,0.674185158091523,NaN,NaN,0.230671459330788,0.643106215627877,0.448677146522838,NaN
NaN,0.0347469304020331,NaN,NaN,NaN,NaN,NaN,NaN,NaN,NaN,NaN,NaN,NaN,0.0197714725895494,NaN,0.663821832073478,0.697028099705773,0.338039728133989,NaN,NaN,0.218297070824443,NaN
NaN,NaN,0.173592639929992,0.139135959339263,NaN,NaN,0.137191854233655,0.136297961149462,NaN,0.107641741988496,0.176425269645609,0.115468113975577,NaN,0.176531005263834,NaN,0.491546777208811,NaN,NaN,0.532041404076296,NaN,NaN,0.455911836098983
NaN,NaN,NaN,NaN,0.130434782608696,NaN,0.17577706323687,NaN,NaN,NaN,0.428351309707242,NaN,NaN,NaN,NaN,0.221571974315208,0.699807037642826,NaN,0.483835606630539,NaN,0.745601610058954,NaN
0.185909228512214,0.0716474274574645,0.284085806072749,0.0524142312579415,0.0909090909090909,0.041907514450867,NaN,0.0420613260555466,NaN,0.0451930977814297,NaN,NaN,NaN,0.0624598793169855,0.0172518063468823,0.668332926928392,NaN,0.756276742388628,NaN,NaN,0.191958780497787,NaN
NaN,0.0440470722720639,NaN,NaN,0.0909090909090909,0.0481695568400771,0.0423365487674169,0.0481618237277252,NaN,NaN,NaN,NaN,0.0140898996860403,NaN,0.0139733265429544,0.698122409168496,0.526682237430031,NaN,NaN,0.388184656667094,0.272053341210427,NaN
0.186037305265119,NaN,0.199966607942704,NaN,0.130434782608696,NaN,NaN,0.0969658051051533,NaN,0.0328677074774034,NaN,NaN,0.0363733823416801,0.0478880472461163,0.0491771970589171,NaN,NaN,NaN,0.330808813598669,0.444276359183196,NaN,NaN
NaN,NaN,0.0107487880986102,0.18869123252859,NaN,NaN,NaN,0.192005137261198,0.408435274785467,0.338537387017255,0.558936825885978,NaN,0.22329427980703,NaN,0.0753095457873126,NaN,0.538607637762757,0.609670685162904,NaN,0.258165454426758,NaN,NaN
NaN,NaN,0.191071654749157,0.0304955527318933,0.0118577075098814,NaN,NaN,0.0412586289934179,0.0869088917290488,NaN,0.107473035439137,0.0985074626865672,NaN,0.10752343047888,NaN,0.71921482565228,NaN,NaN,NaN,NaN,NaN,0.111874207792423
NaN,0.309556324443492,0.151565396617039,0.18710292249047,0.130434782608696,NaN,0.180064308681672,NaN,0.52683951068103,0.399342645850452,0.685862865947612,0.465807327001357,NaN,0.685774810630376,NaN,NaN,NaN,0.365182505597476,0.461882066255128,NaN,0.552455037395434,NaN
0.915032717788696,0.326494993723017,0.957845406289221,NaN,NaN,0.0284200385356455,NaN,0.0282549365869321,NaN,NaN,0.086864406779661,NaN,NaN,NaN,NaN,0.656791026578883,NaN,0.228564257428109,NaN,NaN,0.431001731418393,0.109349499200543
NaN,0.212015064760097,0.0722880467949382,NaN,NaN,NaN,0.193461950696677,0.153636217691443,0.519079788205222,NaN,0.615369799691834,NaN,NaN,NaN,NaN,NaN,0.925939320688505,NaN,0.624847110434676,0.862092796571061,0.842709180432303,0.533136023594323
NaN,0.0276636353429887,NaN,0.276365946632783,NaN,0.266859344894027,0.259378349410504,NaN,NaN,NaN,NaN,0.164586160108548,NaN,0.253947875208628,NaN,NaN,NaN,NaN,NaN,NaN,NaN,0.483420596982776
0.198326851873414,NaN,NaN,NaN,NaN,NaN,NaN,0.191041900786643,NaN,0.444535743631882,0.515986132511556,NaN,0.279424151925875,0.516048273205803,NaN,0.432577420141429,0.47083048478584,NaN,NaN,NaN,0.473145220270941,0.671326020860431
NaN,0.047458076895598,0.238033553260331,0.0933926302414231,0.130434782608696,NaN,NaN,NaN,0.113657111557422,NaN,0.159668721109399,NaN,NaN,0.159712414944152,0.0112996148581978,0.706291148500366,NaN,NaN,NaN,0.549949461864531,NaN,NaN
NaN,0.281412984680078,NaN,NaN,0.288537549407115,0.267822736030829,NaN,0.267940279338578,0.123607814496987,NaN,NaN,NaN,NaN,NaN,NaN,NaN,NaN,0.32429902074054,NaN,NaN,NaN,0.180579833812455
NaN,NaN,0.942922611028591,0.0428843710292249,0.0118577075098814,0.0505780346820809,0.0359056806002144,NaN,NaN,0.0254724732949877,0.0464175654853621,NaN,NaN,0.0465399922968289,0.0148963936722157,NaN,NaN,NaN,0.171205034647736,0.382788669552631,NaN,0.0974777767652249
0.0423351885056936,NaN,0.127079807016938,NaN,0.24901185770751,NaN,0.14951768488746,NaN,0.201022457549754,NaN,0.25751155624037,0.172455902306649,NaN,NaN,0.0560206257758538,NaN,0.745516016808958,NaN,NaN,0.459647156019891,NaN,NaN
0.666418275388305,NaN,NaN,0.0641677255400254,NaN,0.0582851637764933,0.0637727759914255,NaN,0.0952163593207961,NaN,0.127503852080123,NaN,0.060264951374531,0.1274874823469,0.0619091574625203,NaN,0.652226766935538,NaN,NaN,0.466164211796434,NaN,NaN
NaN,NaN,0.119198130044791,0.0978398983481576,NaN,NaN,NaN,NaN,NaN,NaN,0.333590138674884,NaN,NaN,NaN,0.056498074290989,0.486913760871332,NaN,NaN,NaN,NaN,0.500127676536167,NaN
0.230934028828913,0.0732967941455648,NaN,NaN,NaN,0.0332369942196532,NaN,0.0332316583721304,NaN,NaN,0.167180277349769,0.0681139755766621,0.0733593690175358,0.167223006804468,NaN,NaN,NaN,NaN,0.161376348705187,NaN,0.244235871501351,NaN
NaN,NaN,NaN,0.10705209656925,0.209486166007905,NaN,NaN,0.0897415315459945,NaN,NaN,NaN,0.104748982360923,NaN,NaN,0.0350447210109177,NaN,0.827304523532308,NaN,0.490912506398084,NaN,0.437759690515635,0.424998135982172
NaN,0.241219878134664,NaN,NaN,0.0909090909090909,NaN,NaN,NaN,NaN,NaN,NaN,NaN,0.0450264185619113,0.0957119013994094,0.024349874271891,0.567585141835325,0.190225418298991,0.55052070468435,NaN,NaN,NaN,NaN
NaN,0.0952897108505057,NaN,NaN,0.130434782608696,0.0973025048169557,NaN,NaN,NaN,0.217748562037798,0.377118644067797,0.225373134328358,NaN,NaN,NaN,NaN,NaN,NaN,NaN,NaN,NaN,NaN
1,NaN,NaN,NaN,NaN,0.0659922928709056,NaN,NaN,0.0982289574584627,NaN,NaN,NaN,NaN,NaN,0.0268962663526116,0.513777127529871,NaN,NaN,NaN,NaN,NaN,0.0643044728143355
NaN,0.0770017453075722,NaN,NaN,NaN,0.0467244701348748,NaN,0.0467169690158934,NaN,0.117502054231717,NaN,NaN,NaN,NaN,NaN,0.690400715272698,0.382221797046533,NaN,0.203974432615862,NaN,NaN,NaN
NaN,0.0986027332945488,0.0584706437758357,NaN,NaN,NaN,0.437834941050375,NaN,NaN,0.410024650780608,0.533127889060093,0.42089552238806,NaN,0.533123635896778,NaN,NaN,NaN,0.275073105822172,NaN,NaN,0.540508606377243,0.646901173917006
NaN,NaN,NaN,0.103557814485388,NaN,0.092485549132948,NaN,NaN,NaN,NaN,0.188174114021572,0.102442333785617,NaN,NaN,NaN,0.690766479720394,NaN,0.962630375369513,0.479415391886353,0.440294089176735,0.357017404936589,0.414170263530698
NaN,NaN,NaN,NaN,0.209486166007905,NaN,0.186495176848875,NaN,0.204856673361329,NaN,0.264830508474576,0.168249660786974,NaN,NaN,0.0674157303370786,NaN,0.474983725363467,0.584153366851788,0.462047137265495,NaN,NaN,0.376152584357162
NaN,NaN,NaN,0.189961880559085,NaN,0.184007707129094,NaN,NaN,0.190797882052218,0.156121610517666,0.25346687211094,NaN,0.104525614518723,NaN,0.0280739726899449,NaN,0.562283442336455,0.662362652685593,NaN,NaN,NaN,0.292296635654933
0.178713643667187,0.0518244077691703,NaN,NaN,NaN,0.0703275529865125,0.0535905680600214,0.070155723230053,0.00721197735986855,NaN,0.0159861325115562,NaN,NaN,0.0160482732058031,NaN,NaN,0.46892186074511,0.500007967937022,NaN,NaN,0.402704251317248,0.14149345108403
NaN,NaN,0.15906709500616,0.133735705209657,0.209486166007905,NaN,NaN,0.107400866912827,NaN,NaN,NaN,NaN,0.224519488475381,NaN,NaN,NaN,NaN,NaN,0.481592051134768,0.707108430751499,NaN,0.411204404052789
NaN,0.107094522183778,0.0568413416698332,NaN,0.0513833992094862,NaN,NaN,0.0178198747792583,0.0161584809202118,NaN,0.012904468412943,NaN,NaN,0.0130311978431121,0.0136868574338734,NaN,0.0940732323644771,NaN,NaN,NaN,NaN,NaN
NaN,NaN,0.00176171888493556,NaN,NaN,NaN,NaN,0.173543104832236,NaN,NaN,0.233436055469954,NaN,NaN,0.2334060855052,NaN,NaN,NaN,0.517139032533087,NaN,0.576945155430092,NaN,NaN
NaN,0.124906865897098,NaN,NaN,NaN,NaN,0.0723472668810289,0.0751324450152513,0.63949242285923,NaN,0.76386748844376,NaN,0.380657018148403,NaN,NaN,NaN,NaN,0.55806634104364,NaN,NaN,0.40998359334267,NaN
0.161941410707217,NaN,NaN,0.0676620076238882,NaN,NaN,0.07502679528403,NaN,NaN,0.149548069022186,NaN,0.168521031207598,NaN,NaN,NaN,NaN,0.859209810980888,NaN,NaN,0.510549976475567,0.454812738114516,NaN
NaN,NaN,0.43508123481525,NaN,0.0513833992094862,NaN,0.0546623794212219,0.0455931931289131,0.256070841701662,0.198849630238291,0.311633281972265,NaN,NaN,0.311657465656695,0.0982270745137983,NaN,NaN,NaN,NaN,0.741703979343522,NaN,0.207268426851798
0.404536245721072,0.144584953611562,0.0168399599295312,0.0603557814485387,0.0513833992094862,0.0616570327552986,NaN,NaN,0.252145335037429,NaN,NaN,NaN,0.156596982923654,0.309474900500706,NaN,0.559944728927904,NaN,NaN,NaN,NaN,0.32055440977851,0.240816605499267
NaN,0.0444594139440889,0.237083606802768,NaN,NaN,NaN,0.0953912111468382,NaN,0.0871827642870184,NaN,0.0787750385208012,0.0886024423337856,0.0941879163795084,NaN,NaN,0.594895553929936,0.80952025404766,NaN,0.424142819510489,0.417141094820348,NaN,NaN
