0.290251030435694,0.20694040438062,NaN,NaN,0.1699604743083,0.162813102119461,NaN,0.162786964199711,0.321800255614388,0.292522596548891,NaN,0.270963364993216,0.191515429971667,0.410643214790089,0.060572301620142,NaN,0.656692667197099,0.666111567054174,0.460354119805393,0.346660093332343,0.296792783206131,0.383890329475507
NaN,0.0784102391377568,0.176920331157092,NaN,0.407114624505929,0.365125240847784,NaN,NaN,NaN,0.276910435497124,0.401964560862866,0.279511533242877,0.244199402710774,0.401912954166132,0.326511124550403,NaN,0.733676947881497,NaN,NaN,0.440935664615876,0.453018148752507,0.447024613319857
NaN,0.0291864417159129,0.18099070779647,0.0574968233799238,NaN,0.0496146435452794,0.0594855305466238,0.0497672178519827,0.0472886616761001,NaN,0.0564329738058552,0.0454545454545455,NaN,0.05655411477725,0.0131457491167202,0.73583678777534,NaN,NaN,NaN,0.418433250266197,0.190960946105376,0.27988849031125
NaN,NaN,NaN,0.0231893265565438,0.0118577075098814,NaN,0.0246516613076099,0.0317868036602986,0.00556874201205039,0.00328677074774034,0.00943759630200308,0.00963364993215739,0.00329274829619419,0.00956477083065862,0.0032466499029188,NaN,NaN,0.668402348947834,0.0510575663904576,NaN,NaN,NaN
0.578674056307198,0.204494932484154,0.619129043029696,NaN,0.0513833992094862,0.0481695568400771,NaN,NaN,NaN,0.0542317173377157,0.0720338983050847,NaN,0.0495443755264568,0.0721530363332906,0.00636598020180157,0.726204990652687,0.327179692986857,0.733217532648622,0.354068638804199,NaN,0.426740805065066,NaN
0.381593041939315,NaN,NaN,NaN,0.0909090909090909,0.0789980732177264,0.0937834941050375,NaN,0.290578784005843,NaN,0.301617873651772,0.274219810040706,NaN,0.301579150083451,0.05678454340007,0.4491587417703,0.86902359180645,NaN,0.502268596388362,0.520797174366697,0.504588792580347,NaN
0.166913117388166,0.0863896628800637,0.198320034082927,NaN,0.0909090909090909,0.0520231213872832,NaN,NaN,0.0641774694175644,0.0493015612161052,0.0820493066255778,NaN,0.0458687495214029,0.0821029657208884,0.0167106980297291,0.691050963179712,0.305454511515909,NaN,0.352999745251858,0.502058669259982,0.200037991554664,0.245592633401543
0.663280394942132,0.223438153852435,NaN,0.00381194409148665,0.00790513833992095,0.0120423892100193,0.00803858520900321,NaN,0,0,NaN,0.00488466757123474,0,0.00276030299139813,NaN,0.985247500609608,0.261245832176415,NaN,0.0486805800013127,0.387795209119826,0.0539720303861258,0.0240292609376424
NaN,0.249617767435214,0.594821928218591,NaN,NaN,NaN,1,0.834323326376626,1,NaN,1,1,NaN,1,NaN,NaN,0.86167142267156,0.773041281881708,1,1,0.73666870118708,1
0.370386326060126,0.124906865897098,0.470655290338181,0.0797331639135959,0.0909090909090909,0.0751445086705202,NaN,0.0751324450152513,0.63949242285923,0.564502875924404,0.76386748844376,0.595929443690638,NaN,NaN,0.0507050323073495,0.456108266276518,0.570410260837508,0.55806634104364,NaN,0.452213885493417,NaN,0.185533978973879
0.884707635703141,NaN,0.888384169861941,0.110864040660737,NaN,0.119460500963391,0.102357984994641,NaN,0.0971334672265839,0.104354971240756,0.13886748844376,0.0842605156037992,NaN,0.138978045962254,NaN,0.511216776396001,NaN,0.286387576392596,NaN,NaN,NaN,0.116691658313105
0.455673800153692,NaN,0.0722880467949382,NaN,0.130434782608696,0.153660886319846,0.193461950696677,0.153636217691443,NaN,0.451109285127362,NaN,0.503663500678426,0.336549506087756,NaN,0.275646942738008,0.134235552304316,NaN,NaN,0.624847110434676,0.862092796571061,0.842709180432303,0.533136023594323
0.786088535966281,0.330132582136624,NaN,0.0584498094027954,0.0513833992094862,0.0486512524084778,NaN,0.0484829025525767,0.144422128902684,NaN,0.177966101694915,0.123202170963365,NaN,NaN,0.0454530986408632,0.484637893196781,NaN,NaN,0.453479355185264,0.76305606018653,NaN,0.39003951717796
0.523670912605081,0.695426477642712,0.0954955266157726,0.0933926302414231,NaN,0.0428709055876686,0.0546623794212219,0.0430245625301011,NaN,0.0361544782251438,0.0312018489984592,0.0236092265943012,0.0330806340454859,0.0312620362049044,0.0251774516981252,0.673778753149639,NaN,NaN,0.551775977846856,0.870701163165016,0.619918073481183,0.429620900196343
NaN,0.327754472988559,0.0734164680414982,0.167090216010165,0.0909090909090909,NaN,0.162915326902465,NaN,0.147891181303633,NaN,0.192411402157165,0.137313432835821,0.0795619879010644,NaN,0.139287646815418,0.444078679996749,0.587774539701947,NaN,NaN,0.345811412839163,NaN,0.141456170727464
NaN,0.241219878134664,0.76884636199293,NaN,NaN,NaN,NaN,0.144646010595601,NaN,NaN,NaN,0.0662143826322931,NaN,0.0957119013994094,0.024349874271891,0.567585141835325,NaN,NaN,0.270036104085498,NaN,0.480032190502289,0.190235446163023
NaN,0.194112904048909,NaN,0.119440914866582,0.130434782608696,0.108863198458574,NaN,0.109006261037085,0.167701296330108,0.132292522596549,0.198189522342065,NaN,0.117926334328815,NaN,NaN,NaN,NaN,NaN,0.438375267336388,0.182097118763493,0.177061108570432,0.351131251708683
NaN,0.0830501035957419,0.117597614195079,NaN,NaN,0.204720616570328,NaN,NaN,NaN,0.153656532456861,0.216486902927581,0.133378561736771,0.103683283559231,NaN,NaN,0.406648784849224,0.967863717710305,NaN,NaN,0.879007876745479,0.505872675797689,NaN
0.668624688540624,0.223278932810762,0.752380623395166,0.00317662007623888,NaN,0.01252408477842,0.007502679528403,0.0126826135816343,0.000365163410626256,NaN,0.00250385208012326,NaN,0.000536028792403704,0.00250353062010529,0,1,NaN,0.667780849860163,0,0.353980806764231,0,0
NaN,NaN,0.278138565523277,0.254129606099111,NaN,NaN,0.352625937834941,0.190078664312089,NaN,0.304847986852917,NaN,0.401085481682497,0.193276667432422,0.360829374759276,0.0368271954674221,0.525766073315452,NaN,0.999127510896154,NaN,0.65921763814695,NaN,0.648752764959779
0.236400577509722,0.770695163150535,NaN,0.131194409148666,NaN,NaN,0.118971061093248,0.0833199550489645,0.0962205587000183,0.111750205423172,0.0758859784283513,0.0742198100407055,0.0777241748985374,0.0760046219026833,NaN,NaN,0.539421952909718,NaN,NaN,0.616045238947456,0.561844823628434,0.223452243863239
0.230520690217265,0.0747257009298101,0.26884636199293,0.138818297331639,0.1699604743083,NaN,NaN,0.121688874618719,0.208234434909622,0.208709942481512,NaN,0.146540027137042,0.182709242667892,NaN,0.0826940828214024,0.455579939852069,0.929520907366402,0.404703473223748,0.445949911344392,0.513084762245649,0.302387417766524,0.356439560257483
NaN,0.0663645549465691,0.215309682545166,0.188373570520966,NaN,NaN,NaN,0.135174185262482,0.161128354938835,0.139687756778965,NaN,NaN,NaN,NaN,0.0309068338797466,NaN,NaN,0.97507629299698,0.599428525246915,0.448616560750441,0.250731804536565,0.563681062407317
0.554147358125888,NaN,NaN,0.412325285895807,0.288537549407115,0.376204238921002,0.389603429796356,0.375983303901108,0.465218185137849,0.437962202136401,0.464175654853621,0.47910447761194,0.431886055593843,0.464180254204648,0.190724766845975,0.240835568560514,0.516714460043726,0.775646797287714,NaN,0.786688547765854,0.764758873741696,0.60382993529787
0.165038539459283,0.0591281627320698,0.265288380715511,0.280177890724269,0.328063241106719,0.229287090558767,0.369239013933548,0.229410820356398,0.390633558517437,0.326211996713229,NaN,NaN,NaN,0.443317499037104,NaN,NaN,NaN,1,0.636744698427197,0.686370911644932,0.40881937907386,NaN
0.402358940921687,0.124768057809486,0.484351791080866,0.0638500635324015,0.0513833992094862,0.0640655105973025,NaN,0.0638946861454487,0.211612196457915,0.162695152013147,0.2615562403698,0.18168249660787,0.141817903361666,0.26158685325459,0.0303338956615845,NaN,0.444991728518063,NaN,0.310598914870548,0.392270479200575,0.409748704105401,NaN
0.860832964627529,0.290921338681527,0.21106658836805,0.0346251588310038,NaN,0.0414258188824663,NaN,NaN,0.136388533868906,0.108463434675431,0.183936825885978,NaN,0.0690711386783061,0.184041597124149,0.0176655950599994,0.635495407624157,0.497824215259193,0.214935101152961,0.207721526471116,0.373680549458713,0.361191137557899,NaN
0.128775353375405,0.0519836288108434,0.230739115916497,0.103557814485388,0.130434782608696,0.0847784200385356,0.119506966773848,0.0846042703483705,0.289757166331934,0.241577649958915,0.341679506933744,0.274355495251018,NaN,0.341764026190782,0.0784288760861954,NaN,0.925978986469302,NaN,0.475752551142633,0.71084307514987,0.537623205633071,NaN
0.283142770649465,NaN,0.0030398286642026,0.239834815756036,0.24901185770751,0.211464354527938,0.19882100750268,NaN,0.196914369180208,0.183237469186524,0.227850539291217,NaN,0.144268320698369,0.227885479522403,0.0825667632173664,0.468910021945867,0.563634412164795,0.616658565930695,0.477387893189474,0.448846177223397,0.38626422903836,0.376341057270912
0.313403814358568,0.235381773273319,NaN,0.0638500635324015,0.0909090909090909,0.0428709055876686,0.0594855305466238,0.0428640231176754,0.0501186781084535,NaN,0.061055469953775,0.0431478968792402,0.0490083467340531,0.0611118243676981,0.0246363433809721,0.680078029748842,0.721809879579356,0.334505948064986,0.474578069999872,0.45903259428345,0.348000416394557,NaN
0.161941410707217,0.0603937658838299,NaN,0.0676620076238882,NaN,NaN,0.07502679528403,0.0542623213999037,NaN,0.149548069022186,0.203967642526965,NaN,0.157056436174286,0.204069842084992,0.0560842855778719,0.421035519791921,NaN,NaN,0.379433164592069,0.510549976475567,NaN,NaN
0.105855436275994,0.0217030527572798,NaN,0.133735705209657,0.209486166007905,0.107418111753372,0.121650589496249,NaN,0.363155011867811,0.292522596548891,0.429121725731895,0.344911804613297,NaN,0.429195018615997,0.0944074863927173,NaN,0.889549466728576,0.676406141685856,0.481592051134768,0.707108430751499,0.423446127619593,0.411204404052789
0.321356216379852,0.122620615042306,0.00191716466890047,0.296378653113088,0.288537549407115,NaN,NaN,NaN,0.404418477268578,0.322925225965489,0.519453004622496,NaN,0.204686423156444,0.51938631403261,0.153324633160391,0.483499959359506,0.598876291762817,0.626128459080659,0.378819707923752,0.327631190921595,0.309274832863851,NaN
0.686922199194281,NaN,0.152820477391274,0.103875476493011,0.0513833992094862,0.11271676300578,0.082529474812433,0.112538128110451,0.105075771407705,NaN,0.12557781201849,0.0968792401628223,0.0677693544681828,0.125561689562203,0.0312887926918547,0.545517353491019,0.174851428318101,0.561098141080293,0.223337822613933,0.394911068639567,0.673894997393085,NaN
0,0.020606877124223,NaN,0.10705209656925,0.209486166007905,NaN,0.127545551982851,0.0897415315459945,0.108544823808654,NaN,0.120184899845917,0.104748982360923,0.0898231104985068,NaN,NaN,NaN,NaN,0.804259659131654,0.490912506398084,0.866077317719413,0.437759690515635,NaN
0.217194886244557,0.0794533410902559,NaN,1,1,NaN,0.766345123258307,1,NaN,0.66228430566968,0.944337442218798,0.572727272727273,0.419404242285014,0.944280395429452,1,0.0173128505242624,NaN,0.328932376118499,0.771013602899898,NaN,0.697450206150895,0.67606269727522
NaN,NaN,0.305871244832867,0.102287166454892,NaN,NaN,NaN,0.0467169690158934,NaN,0.117502054231717,0.181240369799692,0.0880597014925373,0.0940347652959645,0.181281294132751,NaN,0.690400715272698,NaN,0.842338430157048,0.203974432615862,0.593382993523465,NaN,0.213227070509581
0.382309107421466,NaN,0.363541630683846,0.00476493011435832,0.0118577075098814,0.00385356454720617,0.00428724544480171,0.00401348531064376,0.00693810480189885,NaN,NaN,0.0016282225237449,0.0116394823493376,0.00269610989857492,0.0056657223796034,0.811509387954158,0.0165289641864665,NaN,0.154296736927614,0.311796658855204,NaN,0.100768803797626
NaN,0.0427937168927401,0.248471449791012,0.0520965692503177,NaN,0.0443159922928709,0.0573419078242229,0.0443088778295071,NaN,0.0427280197206245,0.0687596302003082,0.0492537313432836,0.0317022742935906,0.0688149955064835,0.0106948467390266,0.713809639925222,0.348641213679561,NaN,0.361276799857095,0.431462859535499,0.245374728409319,0.288980755051488
NaN,0.196374659358829,0.0699736317892385,0.106099110546379,0.0909090909090909,NaN,0.0862808145766345,0.102263605715203,0.0764104436735439,0.0682004930156122,0.0651001540832049,0.066078697421981,NaN,NaN,0.0351720406149537,0.700520198325612,NaN,0.595663051879238,0.24033019264492,0.45831448001999,0.237858272816731,NaN
0.178859185431851,NaN,NaN,NaN,0.0909090909090909,0.0486512524084778,0.0418006430868167,0.0488039813774282,0.0225488406061713,NaN,NaN,NaN,0.0150088061873038,0.0342791115675953,0.0266734570455486,0.607494107128343,0.500260160856408,NaN,0.45721758980776,0.55971266424894,NaN,NaN
0.162733157906993,NaN,0.181393715384527,NaN,0.0909090909090909,NaN,NaN,NaN,0.0556874201205039,NaN,0.0408320493066256,0.0569877883310719,0.0744314266023432,0.0408910001283862,NaN,0.640412907420954,0.79785384793073,0.318912695314056,0.428931506017137,0.2873425044854,0.282654942372061,0.351692528188092
0.583837878117505,0.233028159670127,0.578638294932467,0.492693773824651,NaN,0.447013487475915,NaN,0.446781184780864,0.562716815775059,0.52341824157765,0.581471494607088,0.544097693351425,0.467493682517804,0.581461034792656,NaN,0.156750386084695,NaN,0.755973960781814,NaN,0.740812527154399,0.823704060914609,0.774824575211048
0.902976038003865,NaN,0.961224912777644,NaN,0.00790513833992095,NaN,0.0241157556270096,NaN,NaN,0.0336894001643385,NaN,0.0445047489823609,0.0240447201163948,0.062010527667223,0.0123818314925041,0.687921645127205,0.424017863601046,NaN,0.164006998432277,0.192098942188425,NaN,0.0972002452219009
0.168205528258389,NaN,0.237083606802768,NaN,0.130434782608696,NaN,NaN,0.0568309519987157,NaN,NaN,0.0787750385208012,0.0886024423337856,0.0941879163795084,NaN,NaN,NaN,0.80952025404766,0.379604471606256,0.424142819510489,0.417141094820348,0.268672804630877,NaN
0.142881261206716,0.0952897108505057,0.238954713461605,NaN,0.130434782608696,0.0973025048169557,0.105573419078242,NaN,NaN,0.217748562037798,NaN,NaN,NaN,0.377070227243549,NaN,0.606721937738763,0.543579860049792,0.859322087918217,0.395775917821034,0.753896163829102,NaN,0.309383465747637
0.154355773932888,0.345323902548557,0.22570727831704,0.222045743329098,NaN,0.146917148362235,0.229367631296892,NaN,0.207321526383056,NaN,0.260015408320493,0.190502035278155,0.137835975189524,0.25998202593401,NaN,0.537226692676583,0.679929814900801,0.968558520513454,0.606735041863491,0.484979255727468,NaN,0.563049367476617
0.677240761008779,0.243230554109638,0.71473395741937,0.213786531130877,0.130434782608696,0.209055876685935,0.210610932475884,0.209022314978327,NaN,0.102711585866886,0.158320493066256,0.123880597014925,NaN,0.158364359994865,0.0398192061622688,NaN,0.565370373394994,0.588842497788897,0.558429623249375,0.463239978479083,0.42416280671285,0.463115229439883
0.912005449083669,0.347152903232391,1,NaN,0.0513833992094862,0.101637764932563,NaN,NaN,NaN,0.0788824979457683,0.121147919876733,0.0747625508819539,NaN,0.121260752343048,0.0313206225928637,0.531862147443713,0.621217459476739,0.28898113989307,0.119415948752412,0.371019699742694,0.298927695042591,0.107038117093458
0.474122674242601,0.182928646519081,0.494979676903059,NaN,0.328063241106719,0.382947976878613,NaN,0.382886498635415,0.656289939748037,0.604765817584223,0.645030816640986,0.658887381275441,0.619419557393369,0.644948003594813,NaN,0.159229456230188,0.711744104381669,NaN,NaN,0.919555444499222,0.885444341037819,0.855364643309833
0.665411126376825,NaN,NaN,0.463468869123253,NaN,0.409922928709056,NaN,0.409696580510515,0.567463940113201,0.614626129827444,NaN,NaN,0.439620185312811,0.589420978302735,0.249037145494478,NaN,NaN,0.802474841238855,0.555508065246622,NaN,NaN,0.467317554077228
NaN,0.0502832297375915,NaN,NaN,0.209486166007905,0.14354527938343,0.132904608788853,0.143361695296195,0.246850465583349,NaN,0.271379044684129,0.185888738127544,NaN,0.271408396456541,0.0840945984657988,0.427253515402747,NaN,NaN,0.440276928767972,0.532341029987461,0.438371826103668,NaN
0.137862981161074,NaN,0.239202275265697,0.115946632782719,NaN,NaN,0.127009646302251,0.0964841868678761,NaN,0.115858668857847,0.176810477657935,0.109226594301221,0.0947239451719121,0.176916163820773,NaN,0.639559457042998,0.589286505934701,0.85754922193095,0.465716306032613,0.676157480882178,0.2248446083133,0.374713148367535
0.129444845492863,NaN,0.238033553260331,NaN,0.130434782608696,0.0761078998073218,NaN,NaN,0.113657111557422,NaN,0.159668721109399,0.0853459972862958,0.0702197718048855,0.159712414944152,NaN,0.706291148500366,NaN,0.964351449766141,NaN,0.549949461864531,NaN,0.389797194860281
0.279585729921058,0.151974442981516,0.00157748684468088,NaN,0.24901185770751,NaN,0.206859592711683,0.224273559158774,0.367354391090013,0.327033689400164,0.441833590138675,NaN,0.231028409525997,0.44184105790217,NaN,0.411647565634398,NaN,0.633251794777814,0.498467262332549,NaN,NaN,0.410999362091676
NaN,0.279334945956704,NaN,0.0304955527318933,0.0118577075098814,0.0414258188824663,0.0316184351554126,0.0412586289934179,NaN,0.0657354149548069,0.107473035439137,0.0985074626865672,NaN,0.10752343047888,0.00751185663812586,NaN,0.446611025687093,NaN,0.121350335104999,0.180311963243355,0.399611098160568,0.111874207792423
0.34788556924295,NaN,NaN,NaN,0.1699604743083,NaN,NaN,0.192005137261198,NaN,NaN,NaN,NaN,NaN,0.558865066118886,0.0753095457873126,NaN,0.538607637762757,0.609670685162904,0.308055953467694,0.258165454426758,0.317539997900232,NaN
NaN,NaN,0.251822170023144,0.0864040660736976,0.130434782608696,0.0703275529865125,NaN,NaN,0.00721197735986855,0.0106820049301561,0.0159861325115562,NaN,NaN,0.0160482732058031,NaN,0.74782573356092,0.46892186074511,0.500007967937022,NaN,NaN,NaN,0.14149345108403
0.388567403302052,NaN,0.452934470966182,0,0.0118577075098814,NaN,NaN,0,0.010041993792222,0.00986031224322103,0.012904468412943,0.00841248303934871,0.0160042882303392,NaN,0.00534742336951332,0.865845728684061,0.181064956215978,0.41293036819837,0.177868624087024,0.401324571889091,0.314358761279577,0.128954824492366
0.177060289220595,0.0440470722720639,0.255391665803079,0.0517789072426938,0.0909090909090909,NaN,0.0423365487674169,NaN,0.00812488588643418,0.0115036976170912,0.00674114021571648,0.00691994572591588,0.0140898996860403,NaN,0.0139733265429544,NaN,0.526682237430031,NaN,0.274247494057534,0.388184656667094,0.272053341210427,0.200657376954112
0.210232168222993,0.0672076099492738,NaN,0.0835451080050826,NaN,NaN,NaN,0.0349975919088136,0.112287748767573,0.0920295809367297,0.151386748844376,NaN,NaN,0.151495699062781,0.0131775790177293,0.678452409981306,NaN,0.803371234153765,NaN,0.558787444931442,0.185469520452269,0.122242289179584
0.640674848054398,0.230784776018862,0.734786463550842,0.0139771283354511,0.0118577075098814,0.0216763005780347,NaN,0.0216728206774763,0.0282088734708782,0.0213640098603122,0.0356317411402157,NaN,0.0177655256910943,NaN,0.00171881465448642,0.907664797203934,NaN,0.655048086499924,0.162187782105543,0.380233623505523,0.0395877337993156,0.10724523018549
0.185909228512214,0.0716474274574645,0.284085806072749,0.0524142312579415,0.0909090909090909,0.041907514450867,0.0589496248660236,NaN,0.0597042176373927,NaN,0.0624036979969183,0.0497964721845319,0.0483957423998775,NaN,0.0172518063468823,0.668332926928392,0.792078976902849,0.756276742388628,0.421385247714092,NaN,NaN,0.346328299104443
0.539348671494772,0.200006123886218,0.518262000990247,0.0756035578144854,0.0513833992094862,NaN,0.0814576634512326,0.0730454326537165,0.264560890998722,0.202136400986031,0.318181818181818,0.260922659430122,NaN,NaN,0.0864818410414744,0.314354222547346,0.762992293172119,NaN,0.417122510352194,0.697018812792789,NaN,0.322856172384369
0.350051230701162,0.12029966216561,0.440556380761569,0.0727445997458704,NaN,NaN,0.0766345123258307,0.064376304382726,0.0800620777798065,NaN,0.0953389830508475,0.0723202170963365,0.0643234550884447,NaN,0.0182703631791705,0.586239128667805,NaN,NaN,0.408777836296928,0.472582217329741,0.558706294141827,NaN
0.296270637822229,0.988848403196669,0.00392068810667034,0.903113087674714,0.841897233201581,0.860308285163777,0.823151125401929,0.860330711189597,0.772777067737813,0.694330320460148,NaN,0.601763907734057,0.406156673558465,0.981512389266915,0.823280389597988,0.0832317320978623,0.792830293456779,0.267467709935221,NaN,NaN,0.563925461815373,0.828939083897371
0.51135807931444,0.170364473294753,0.564717261390722,0.0638500635324015,0.0513833992094862,0.0659922928709056,0.067524115755627,0.0661422379194092,0.0818878948329377,0.0682004930156122,0.0930277349768875,0.0800542740841248,0.0591163182479516,0.0930799845936577,0.00875322277747716,NaN,0.198013911022654,NaN,0.354110765359966,NaN,NaN,NaN
0.222265561325478,0.0808577523296284,0.19743917464046,0.561626429479034,0.565217391304348,0.525529865125241,0.481243301178993,NaN,0.527661128354939,NaN,0.607858243451464,NaN,NaN,0.607844395942997,0.530890918929242,NaN,0.891255095302872,0.401070093941978,0.760200999719217,0.532590906737443,0.538886625015348,0.691641744057925
0.197954264955872,0.082109066413546,0.168791092380854,NaN,NaN,0.167148362235067,NaN,0.167282067747632,0.122238451707139,0.113393590797042,0.144453004622496,0.0975576662143826,0.0805574699440998,NaN,0.0995002705541586,NaN,0.828569161955383,NaN,0.457404718499687,0.50483657835437,0.567808252085976,0.364533539894124
0.168484968446545,NaN,0.258650270015084,0.185514612452351,0.209486166007905,0.111271676300578,0.202036441586281,0.111414352223471,0.122238451707139,0.111750205423172,0.141371340523883,NaN,NaN,0.14148157658236,0.0196072190215488,NaN,0.639223390677608,0.96999274917731,0.606897943265835,NaN,0.266165095103449,0.559050013669464
0.130254057704399,0.0417771517805199,NaN,0.110546378653113,0.1699604743083,NaN,0.105573419078242,0.100658211590946,0.115117765199927,NaN,0.159668721109399,NaN,NaN,NaN,0.0129547697106662,0.680972120620987,0.482858549492395,NaN,0.449722136492572,0.695152616164549,0.195209416211272,NaN
NaN,NaN,0.479089663431091,0.0660736975857687,0.0513833992094862,0.0549132947976879,NaN,0.0549044790496067,0.234891363885339,0.174198849630238,0.308166409861325,NaN,NaN,0.308191038644242,0.0529331253779801,NaN,NaN,NaN,0.430255870914108,NaN,NaN,0.342407648272263
0.0452518454695759,0.0133072047521357,0.109583520443999,0.167090216010165,0.24901185770751,NaN,0.173097534833869,0.154759993578424,NaN,NaN,NaN,0.255223880597015,0.165173443602113,NaN,NaN,NaN,NaN,NaN,NaN,NaN,0.543925177101146,NaN
0.140965931583727,0.0637476142359942,0.231666033369028,NaN,0.0909090909090909,NaN,NaN,NaN,NaN,NaN,NaN,NaN,0.0322383030859943,0.0403132622929773,0.0117770633733329,NaN,0.365683499735173,NaN,0.296775799758197,0.478617528741454,0.342602412597181,NaN
0.164305008965373,1,0.119474478105173,0.104193138500635,0.130434782608696,NaN,0.0916398713826367,0.0895809921335688,0.0644513419755341,NaN,NaN,NaN,0.0591163182479516,0.0703556297342406,0.0423974281439985,0.630618548321548,0.722976520191049,0.371991107782284,0.277323817432547,0.330998899191615,0.328599811020932,0.15754264458565
NaN,NaN,NaN,0.256353240152478,NaN,0.252890173410405,NaN,NaN,0.173270038342158,0.148726376335251,NaN,0.137177747625509,0.110115629068076,0.20124534600077,0.119775917496897,0.532105990408843,0.883018612584319,NaN,0.523397685715283,0.616400919366349,0.653513907400256,0.42492150413812
NaN,NaN,0.0529724688244845,0.0889453621346887,0.0909090909090909,0.0814065510597303,0.0868167202572347,0.0812329426874298,0.527022092386343,NaN,NaN,0.499864314789688,0.312657937054905,0.641866735139299,0.132062259286374,0.255953832398602,0.799851136657948,NaN,0.394454988136764,0.660752916917106,NaN,0.309660997290961
NaN,0.192681955969258,NaN,NaN,NaN,0.0317919075144509,0.0294748124330118,0.0319473430727244,NaN,0.0386195562859491,0.0552773497688752,0.0449118046132972,0.0394364040125584,0.0553344460136089,0.00611134099372951,NaN,0.116367734453931,0.736719440969538,0.166495538833904,0.128625745409359,0.417393281100136,0.147445881349052
