0.715889808545348,0,0.0321852749975373,0,0
0.724936027193217,0.0486738822746778,0,0,0.148663966059243
0.684031623572547,0,0,0,0.158462187236435
0,0,0,0,0.193904464947479
0,0,0,0.331873870653879,0.237588493878907
0,0,0,0,0.0952053569146625
0,0.0361504155721313,0,0,0.0683223860761111
0,0,0.0269964833574277,0.24863022312239,0
0,0,0.0264285433475404,0,0
0.794855986163323,0,0,0,0.129666854090526
0,0.0775395866164581,0.0554572791431301,0,0
0,0,0,0.239891979905085,0
0,0.0719300991101854,0,0,0
0,0.0504062749572821,0,0,0
0,0.0510380208222051,0,0,0
0,0,0,0,0.172088327753214
0.655845395867548,0.0685040038482216,0.0369566446552402,0,0
0,0,0,0,0.102615201778823
0.714116575095073,0,0,0,0
0,0.0668640054420229,0,0,0.189391596595701
0.669998526852211,0,0,0,0
0.896901479149503,0,0,0.224710920487414,0.080961995552943
0,0,0,0.485286895282725,0
0,0.0753515746583289,0.0391936896936149,0,0
0,0,0.0246100860938506,0.283491855470172,0
0,0,0,0.28637702454942,0
0.799155395267376,0.0497439234882997,0,0,0.13516625348225
0.695876823020389,0.046352476079988,0.022888260895669,0.281849711747847,0.224129118000358
0.750421483950873,0,0,0.246812017235559,0
0,0.0825589056821902,0,0,0.135336851790324
0,0,0,0.371120509918389,0.104187006415008
0,0.066848991372107,0.0507908316904697,0,0
0,0.0929295857444871,0,0,0
0,0.0573473949722499,0,0.314075706730737,0
0,0,0.0369391576210665,0,0
0.616255913051544,0,0,0,0
0,0,0,0.219415817795516,0
0,0,0,0,0.097567536483758
0,0.0516149075855123,0.0250999821178884,0.252632658869628,0.117601656145373
0,0,0,0.317871633472992,0.10597413550745
0,0,0,0,0.218129424693945
0,0,0,0.160525671319738,0
0.569082447171283,0,0,0.227358471833363,0
0,0,0.036444986988675,0,0.18865936565543
0,0,0,0.313908910995943,0
0,0,0.0458931667859563,0,0
0.688150981280111,0,0.0647331792704033,0,0
0,0.0543907781272719,0,0,0
0,0,0.0270861853660597,0,0
0,0,0,0.24024344234626,0.135792419556828
0,0.0489302763917032,0,0,0
0.758600182233838,0.066700005601403,0,0.373807112646691,0.166804252817747
0,0.0528397092121136,0,0,0
0,0,0,0.279519866563412,0
0.705697808283456,0.242044708435424,0,0,0
0,0,0,0.434639899922559,0.162489457407928
0,0.0606562649960242,0,0.344087025012741,0.343212487540573
0,0,0.0209657234052489,0,0.148167505814399
0,0,0,0.192195680519979,0.158837247936208
0,0.0572394091617009,0,0,0
0,0.0776192766798579,0,0,0
0.726883855937058,0.0737104213236751,0,0,0
0.692559512442643,0.0440778444877286,0,0,0
0,0,0.0354132519724241,0,0
0,0.0698633546398384,0,0.364896116704063,0
0.738636301635194,0.0649774298106668,0.0336062584411371,0.353161507250981,0
0,0.0761513626134645,0,0.558633333995221,0
0.663718552386772,0,0.0362973187000968,0.19729420252444,0
0,0.14344095919118,0,0,0
0,0.0410565516492667,0,0.136592469040196,0
0.752462066444421,0.0602664766424382,0,0,0
0,0.0563449170732496,0.0313100165537447,0.381071993539975,0
0.585270704546571,0.0520809212171329,0.0272157189525318,0,0
0,0,0,0.354478002157754,0
0,0.0516576399383499,0,0.289502458913313,0
0,0.0508295562360651,0.047638631863669,0,0.0964992204871317
0.59395682040146,0,0.0371438206876925,0.476512248234414,0
0,0,0.0446800847486443,0.506013250994486,0
0.485544600913352,0,0,0,0
0.744681663674904,0,0,0,0
0,0,0.0322863111949855,0,0
0,0,0,0.415807205310988,0
0,0,0,0,0.225379533314591
0,0,0.0367312562147786,0.346443345710636,0
0,0,0.0626936729513988,0.264773005566477,0
0,0.029981942693605,0.0109238911811656,0.0582388488446748,0
0.700350827418008,0,0.0173966844971807,0,0
0.665906449659266,0.0613059122520008,0,0,0
0,0,0.0412914861265319,0.361311994069485,0.123617962021111
0.694818339053148,0.0696277492350043,0,0,0.132375980780535
0.720352900737119,0.0732565344408327,0.0470557307245442,0,0.15080123699747
0,0,0,0,0.0763449791703938
0,0.0551224253035585,0.0343834599599702,0.133958817338814,0
0,0,0,0.441576484448945,0
0.645129609724958,0,0.0292168185631474,0,0
0,0,0.0722234589081575,0,0
0,0,0,0,0.138960308738211
0,0.0455821388004566,0,0,0
0,0,0.0306483589940448,0.352852405631342,0
0.72072937183887,0.0951100906676584,0,0,0
0,0,0.0232001777718941,0.243111402341759,0
0,0,0.0409482221223806,0,0
0,0,0,0.329097251179815,0
0,0,0.0355492622382199,0,0.165486109336264
0.741571685008266,0,0,0,0
0,0.0730059149660827,0,0.439042115923036,0.239987093311524
0,0.0694949324626712,0,0,0
0,0,0,0,0.238909832085261
0,0,0,0.249531714355685,0
0,0,0,0.187842444219403,0
0,0,0.0234642319879176,0.209894561267648,0.194359393769009
0,0.0424950150400558,0.0211276403883391,0.177584506529524,0
0,0,0,0.392548466736827,0
0,0,1,1,0
0,0,0,0,0.141624070335063
0,0.0431469721529426,0,0,0
0,0,0,0.412199254714296,0
0,0,0,0.411449335795556,0
0,0.0421981984271029,0,0,0
0,0,0,0,0.126007616224091
0,0.0513550486831217,0.023681330278845,0,0.157442431057837
0.69541851037478,0.0403612847193148,0,0.197051289688449,0
0,0,0,0.201789082822025,0
0.677898963886055,0.172537071759747,0.158528449234913,0,0.356361975106704
0,0,0.223718169630838,0.346365904833767,0
0,0.0673871880321694,0,0,0.105471285812866
0.72530158608912,0.058752365437842,0,0.391245209586783,0.144381756843101
0,0.0671741037322091,0,0,0
0,0,0,0,0.26249137424285
0,0,0,0.160789764566497,0
0.577583055526759,0,0.032866621662381,0,0
0,0,0,0,0.0940725074756562
0,0,0,0,0.132028394714647
0,0,0,0.379195541523533,0
0.681041679170236,0,0,0.150361059814804,0.124523985994326
0,0,0.0272157189525318,0.20441280620586,0.217303907787461
0,0.0346172480480265,0,0,0
0,0,0,0.258630024556039,0
0,0,0,0,0.175826794796432
0,0,0,0.398024926695922,0
0,0,0,0,0.161426891916068
0.724073962931237,0,0.0330939531066397,0.257944970645274,0
0.696515187062489,0,0.049131506447761,0,0
0.643967459802162,0,0,0.30022040864955,0
0,0,0,0,0.171303064380096
0,0.0604322088757407,0.0298197974081754,0,0.165664374984026
0.686224976947965,0.0677839059564858,0,0,0
0,0.0675407935166936,0,0,0
0,0.0678087369182697,0,0,0
0.740529569349796,0,0,0.433384960584579,0
0.764803771258341,0,0,0.368506052964265,0
0,0,0.0175859978338098,0,0.170828967209344
0,0,0,0.307175526035358,0
0.748075359693585,0,0.0282968062652287,0,0
0,0.0616806865356708,0.0398730933546615,0,0
0.552566823620561,0.0899625745434134,0,0,0.144881411812815
0.705043075932584,0.0517656257488989,0,0,0.139454213203159
0.516582188006395,0,0,0,0
0,0,0,0,0.238263858716487
0,0,0.0322694718287442,0,0
0,0,0,0.248571976992779,0
0,0,0,0,0.171432770209829
0,0,0.0242973272493135,0,0
0,0.0467971235351898,0,0,0.174202596672375
0.755064627539134,0.0560844807066314,0,0,0
0.6379330099683,0,0.0302504965831955,0,0
0,0,0,0,0.171346512638332
0,0.0367394290842168,0,0,0
0,0,0,0.318441518900207,0
0,0,0.150402159687581,0.24175453227696,0
0,0,0.0342480973621068,0,0
0.746258477419918,0.0521513718528921,0,0,0
0,0,0.161356815095533,0,0.293669333197025
0.740153098248045,0.0473283906245218,0,0,0
0,0,0,0,0.109287704142919
0,0.0418886776011443,0,0,0
0,0.06166682739421,0,0,0
0,0,0.0706833045650032,0,0.039124581491042
0,0,0,0,0.138883635341324
0.708305825481092,0.0648128525058194,0.034822578818111,0,0
0,0,0,0.169774230058974,0.0486605796508804
0.752991308428042,0.0706452412039205,0,0.27041758503604,0.107573414777519
0,0,0.0347720607193868,0,0
0,0.0730717458880216,0,0.112079453015892,0
0.700678193593444,0,0,0,0.31129654714136
0,0.0415999454873769,0,0.0950543740857674,0.0700175070922892
0,0.0625330237355122,0.0334119580614288,0.454606408398033,0
0,0.0489169947144699,0.023800371644813,0,0.0536886932297391
0,0,0,0.203261121370373,0
0.628335724925115,0,0.0458128559623435,0.221868774117538,0.11220640478442
0,0.0668640054420229,0,0.462328653786329,0
0,0.154761567907772,0,0,0
0,0.0355198246356634,0,0,0
0,0,0.0464909642875255,0,0
0,0,0.0356166197031855,0,0
0,0,0,0.302648213233785,0
0,0,0.0313478403609946,0,0.146616147417384
0.742531959122877,0,0,0,0
0.842051276455279,0.052871469744628,0,0,0
0,0,0,0,0.109721547780305
0.846312492838865,0,0,0,0.0915934009763079
0,0,0.0478763259948455,0,0
0,0,0,0.341606269401587,0.21620492243208
0,0,0,0,0.160578372990518
0,0,0.0174470730623184,0,0
0,0,0.0312365710102149,0,0
0,0,0.0410091029080226,0,0
0,0,0,0,0.14669729342909
0.642712556129659,0.0543041584931417,0,0,0.194483349093976
0,0.0247154689384879,0,0,0
0.686530518711705,0,0.0333037975167246,0,0
0,0,0,0.507709669519403,0
0.716959204718438,0,0,0.216700092002409,0
0.557771945809986,0,0,0,0
0,0,0,0.28734933778122,0
0.646166269280504,0,0.0411658385476539,0.263045478313245,0
0.621690191563774,0,0,0,0
0,0,0.0331418805336343,0.28841762474931,0
0,0,0.0216457747342279,0,0
0,0.0634569664995678,0.0322351454283291,0.363442611015137,0
0,0.0754399266851417,0.0469119484435601,0,0.0743118562629386
0.730212078720653,0.0402781298705499,0,0,0.183699235821811
0,0,0.0260389710862253,0,0
0,0.0664118509518632,0,0,0
0.628581249556692,0,0,0,0
0,0.0406401999412142,0,0,0.15814335369438
0,0,0.017451347670672,0,0
0,0,0.0265726494624907,0,0
0.775819643061747,0,0,0.38052262663569,0
0.6836333280591,0,0.0427733503557737,0,0
0.744146965588359,0,0,0,0
0.66195077503942,0,0,0,0
0.663543957093207,0.0671088502744976,0.0424015889625985,0,0.146786745725458
0.625225746258477,0,0,0,0.0908688373757252
0.525907759123968,0,0,0,0
0.78293985737747,0,0,0,0
0,0,0,0.221658293785535,0
0,0.0635915156645834,0.036326463757053,0,0
0,0,0.024258791007338,0.215558335484469,0
0,0,0.0241554879721265,0,0
0,0.0671030756322223,0,0.465113215914431,0
0,0.0444439568079856,0,0,0
0.768224747791642,0,0.0252850208461639,0,0
0.687878176133915,0.0386733567822307,0,0,0.047531180514734
0,0.0547638200182594,0.0292912356085757,0,0
0,0.0572249725560126,0,0,0
0,0,0,0.429577781749105,0
0,0.0396827642519615,0,0,0
0,0,0,0,0.10754210647379
0,0.0471857569603207,0.0185569168312121,0.170690944712509,0
0,0.0531971595689576,0,0.321199605514849,0.141305236793007
0,0.0553008617498668,0,0,0.155968385002684
0,0.0515034569895981,0,0.392036165551386,0
0,0,0,0,0.188608250057505
0,0,0,0.182099243462203,0.10173793032944
0,0,0,0.230940608804432,0
0,0,0,0.236103333929032,0
0,0,0,0,0.103591509699185
0,0.0626820095062161,0,0,0
0,0,0.0260661083725912,0.197689349562823,0.147414828634958
0.713041722819059,0,0.0324851452502203,0.296994367334512,0
0,0.0458339132036618,0.0241481045576976,0,0
0.767215368750716,0.051135034812431,0,0,0.135162419812406
0,0,0,0.258377183402501,0
0.754606314893524,0,0.0254392305808591,0,0
0.685553876288322,0,0,0.333385622472416,0
0,0,0,0,0.132988090065684
0,0,0,0,0.168864211414113
0,0.0714646629427924,0,0.38538220713118,0
0,0.0513856542871811,0,0,0
0,0.0588684357475765,0,0,0.155363943057224
0,0,0.0247151378324795,0.261373549638278,0
0,0.0718475217256479,0,0.491770086641118,0.0947868479566539
0,0.0535413282485683,0,0,0.106599662637054
0.784091095094418,0,0.0324514665177376,0,0
0.771192867782258,0,0,0,0
0.804524200544519,0,0,0,0
0.822474779164234,0,0,0,0
0.649319896770533,0,0.0218616424560837,0,0
0.729169963062183,0,0,0,0
0,0.0697109040837693,0,0,0
0,0.0528125683934195,0.0253159146065375,0,0.168025915608148
0,0,0,0.306575855655501,0
0.707023641293969,0,0.0142466867413501,0,0.0708577197331766
0,0,0,0.18400481854345,0
0,0.0392843139349625,0.0198582112409117,0,0
0.686852428784217,0,0.0266729084584201,0,0
0.665235348999623,0,0,0.225108053189307,0
0,0.0772410376108226,0,0,0.195370843662944
0.684288060409972,0.0673132726110449,0,0,0.153819613054924
0.589013591152383,0,0,0,0
0.688745696498819,0.0703287908072315,0.0363510751384827,0,0.128323791755054
0,0.101768253211134,0,0,0
0,0.0575437328096118,0,0.288790929489089,0.28229483476883
0,0,0,0.373378871216484,0.119839880389501
0,0,0,0.322768941575161,0
0.721733294776873,0,0,0,0
0,0.0653712604138455,0,0,0
0.631549369547307,0,0.0343400662085021,0,0
0,0,0.0278633868848928,0.172289403837626,0
0,0.0637537831125207,0,0,0
0,0.143996479778069,0,0,0
0.715082305312607,0,0,0,0
0,0.0629661219061632,0,0,0
0,0.0906416724749943,0,0,0
0,0,0,0,0.154498811562348
0,0.0608006310529078,0,0,0
0.632689695058408,0,0.0341431751570643,0.369590887128267,0.270406624581491
0,0,0.0157414395624459,0,0.0856563242773533
0,0,0,0.197515934949663,0
0,0,0.0232950611239849,0,0
0.689280394585363,0,0,0,0
0,0,0.0360861789541471,0,0
0,0,0,0,0.158650676003783
0,0,0,0.248649417869648,0
0.636339827914514,0,0,0.293966230482582,0
0,0.0851263116378098,0.0584009298957106,0,0
0,0,0,0,0.118161371942648
0.770450837784604,0,0,0,0
0.726725628952264,0,0,0.241944494086032,0
0,0.0737213931439982,0.0410758127050557,0,0.177431824571268
0,0,0.0531366849414809,0.205810051428685,0
0.637403767984679,0,0.0381794417115376,0,0
0.608126319694895,0,0,0,0.0522564980703862
0.569038798347892,0,0,0,0
0.806897605316427,0.0790871907462513,0.0537053373860938,0.261114751494212,0.0610699772535589
0.738952755604782,0.0388569904065868,0.0288626737377324,0.147395802307341,0
0,0,0.0174731093131993,0,0
0.579923723681124,0,0,0,0
0,0,0,0,0.187799984665321
0.748299059913466,0,0,0,0
0.716860994865807,0,0,0,0
0,0.0576245778014666,0,0,0
0,0,0.0226422118481651,0,0
0,0,0.0344909728367421,0,0
0,0.140928412337177,0.152391147907861,0,0
0.770494486607995,0,0.0304297710668729,0,0.144505712168068
0,0.142511819249077,0,0,0
0,0,0,0.567409966707042,0.142408694763207
0.686044925551476,0.0300235201179875,0,0,0
0,0,0,0.264093246758404,0
0,0.0474525454334417,0.0392325497695565,0,0
0,0.0684589616384739,0,0.359830689091427,0
0,0,0,0,0.0844499961663301
0.670227683175015,0,0,0,0
0.641468564663004,0,0,0.369560440287789,0
0,0,0.0159884601118483,0.149742194687688,0
0.630987390946143,0.0728881122636655,0,0.297082398416764,0
0.653270115287455,0,0,0,0
0,0,0,0,0.184007207299307
0,0,0.0287701219901981,0.359631460852644,0
0.64069925415073,0,0,0,0.158238556495515
0.603903296031776,0,0,0.27432735648617,0.127003092493674
0,0,0,0.306483853246229,0
0.769948876315603,0,0,0,0
0,0.126844637291831,0,0.123305732610552,0
0.717095607291536,0,0.0199618381100894,0,0
0,0,0.0285070392760731,0,0
0,0.0640211490498692,0,0,0
0.593744032387427,0,0,0.321280355830901,0.103206864824801
0,0.0490088115266479,0,0.315813162301516,0
0,0.0581494927842957,0,0,0
0.609042944986114,0,0,0,0.120153602371764
0,0.0472013484944641,0,0,0
0,0,0,0,0.105619521046847
0,0,0.0332636421049182,0.303558309008955,0.12215861170036
0,0,0.0299984889907138,0.262039408801784,0
0,0.0633992200768143,0.0313607937196418,0.323994095960499,0
0.784549407740028,0.0574911835649061,0,0,0
0,0,0,0,0.192759475553965
0,0,0.044681380084509,0,0
0,0.0640113321580011,0.038711177084006,0,0.142027244613694
0,0.061268377077211,0,0.308145853603648,0
0,0,0.0697545487499976,0.269851670935843,0
0,0,0.0199313329504752,0,0
0,0.0379624983181354,0,0,0
0,0,0.0411431701700212,0.399332817060821,0
0,0,0,0.268291601305243,0.181410534924732
0.646711879572896,0,0,0,0
0,0,0,0,0.116690520612365
0,0,0,0,0.11668349221765
0.685433842023996,0,0,0,0.126815242671301
0,0.0563333677886989,0,0.265316415480233,0
0,0.0571360430649722,0,0,0.172600122677435
0.658966286740033,0.0647198807651863,0.0368465411067389,0,0
0.729950185780305,0,0,0,0
0,0,0,0,0.175136095279474
0,0,0.0435453705311479,0,0
0,0,0.0272435039068301,0.138098263868205,0.172952820303115
0.698648523305744,0.0434050986626506,0.0214110598755403,0,0
0,0,0.0506476970774179,0,0.146749686916963
0,0,0,0.278916224856536,0
0,0,0,0,0.250819127456743
0.804627866500074,0.0553147208913276,0,0,0
0,0,0.0241664335601833,0,0
0,0.163781559141865,0,0.224655983796986,0
0,0,0.0159786803260697,0,0
0,0.0412465373801256,0,0,0.152044623916988
0,0,0,0.184979779326595,0
0,0.0780650790635147,0,0,0.116621514555167
0,0,0,0,0.184024458813607
0.628504864115757,0,0,0,0.240020957395149
0.622590448546221,0,0,0,0
0,0,0,0.342526955382141,0.230771589950673
0.719092540961693,0,0.0394242594775354,0,0
0.732345414963908,0,0.0288935027313128,0,0.196751603751885
0,0,0.0246922103876739,0.249973193542622,0
0.687250724297663,0,0,0,0.125526490658624
0,0.0415468187784437,0,0,0
0,0,0,0.261558216344658,0.2333842359496
0.688478347455546,0,0,0.164053533488215,0
0,0.047148221785531,0,0,0.198710609042349
0,0,0,0.397537115360431,0
0,0,0,0.413000800884282,0
0.720538408236533,0.0636954592255397,0.036592007609321,0,0.10725713701536
0,0.0818780753579267,0,0,0
0,0,0.0440142821141772,0.237899035629422,0.128331459094743
0,0,0,0.435438136653363,0
0,0,0.0301677246214397,0,0
0,0,0.0378601414208837,0.535386509402117,0
0.713025354510287,0.0376968647734695,0,0,0
0,0.0613059122520008,0,0.388859103936247,0
0.724761431899651,0,0.0296978415365118,0,0
0.823435053278845,0,0,0.354698410807305,0
0,0,0,0,0.109310706161985
0,0,0.0492079312637795,0.231991686688774,0
0,0.0694019607220382,0,0,0.125742454059856
0,0.0519400199456144,0.0341528901760497,0,0.0944220103764664
0,0,0,0.384589927390904,0
0,0.0405518479144013,0,0,0
0.649298072358837,0,0,0.462053308446351,0
0.748004430355574,0.0524366391812943,0,0,0
0.71946355596052,0,0.0208958400353471,0,0
0.699472394847256,0,0.0198442216135727,0.144706552027693,0
0,0.0563177762545555,0,0.322234798091115,0
0.81957758851163,0.0636302057678282,0,0.386211552590298,0
0.697699161396981,0.174677731651219,0,0.167999708769352,0
0,0.0641100785409096,0,0,0
0,0.0489626143884452,0,0,0
0.624772889715792,0,0,0,0
0,0,0,0.163927774799282,0
0,0,0.0432182982253057,0,0.0918419505712168
0.657858697846476,0.0593356043076522,0,0.362751600113845,0
0,0.0823694974155588,0,0,0
0,0,0,0,0.148125974391085
0,0,0,0,0.113719426482991
0,0,0.024861769852366,0,0.147626319421371
0.534210856553598,0,0,0,0
0,0,0,0.242581892072569,0
0.727576781008397,0.0387045398505176,0.0166882005459711,0,0
0,0,0,0.213458827267131,0.0722001431236742
0,0,0.0336969319516677,0,0.151987118869323
0.666561182010137,0,0.034198226931315,0.367574776778327,0
0.706401645560642,0,0,0,0
0,0.0396417642918065,0,0.178027309492133,0
0.7792297073892,0.055828086589606,0,0,0
0,0,0,0.414672729559249,0
0,0.0412061148841982,0.0250881945615195,0,0
0,0,0.020756461896303,0,0
0,0.054665073635351,0.0295797069056492,0.354399899393049,0.100822961126588
0,0.0456629837923115,0,0.197573519191438,0
0.687168882753804,0.0638565717450218,0,0,0
0,0.0926229522396662,0,0,0.0947095356147928
0.76798467926299,0,0,0,0.114948117668106
0.694381850819234,0.0740413083260525,0,0.463610730525605,0
0.747115085578974,0,0,0,0
0.772207702926108,0,0,0,0
0,0,0.0333575539551105,0,0
0.706756292250697,0.058536393816744,0,0,0.186613463848493
0,0,0.021302899330836,0,0
0,0,0.035003925839172,0.278902987099806,0
0,0,0.0397804768403339,0,0
0,0,0,0.142814876591013,0
0,0.0907421512505854,0.0529929026604968,0,0
0,0.0549295522515619,0.0293513391926988,0,0.162655583101183
0.653313764110846,0.0668062590192694,0.0452338408308129,0,0
0.730954108718307,0,0.0349832004653365,0,0
0.833839841554771,0.0591346467564701,0.0324566478611965,0,0
0,0.0586513091980235,0,0.292003071159561,0
0.73908915817788,0,0,0,0
0,0,0,0,0.184071740741687
0.57765398486477,0,0.0331541862243492,0.397157853630124,0.172917039384568
0,0,0,0.37355294771748,0.123934878728244
0.639040598861857,0,0,0,0
0,0.263017054251032,0,0.470165405770338,0.530091752498275
0,0,0,0,0.188908554195313
0,0,0,0,0.124404503284177
0,0.0559643681473042,0.028689163498653,0,0.0950360364965369
0,0,0.0285381273368264,0,0
0,0.0588684357475765,0,0,0.171867891737164
0.779600722388027,0,0.0229411105989497,0,0
0,0,0.0273854727176036,0,0.194147902982595
0,0.0563120016122801,0.0277691512007343,0,0
0.750285081377775,0.0439161545040189,0.0220869661297521,0,0.107575331612442
0.744283368161457,0,0.033204056655141,0.358463228821244,0
0,0,0.0290604715242755,0,0.194302527666317
0.449403920755561,0.114721353298966,0,0,0
0,0,0,0,0.226617808674317
0,0,0,0.267689283374039,0
0,0,0,0.205947724098674,0
0.685799400919899,0,0,0,0
0,0,0.0503743812099616,0,0.125355253405577
0,0.0805406682069563,0,0,0.146903033710737
0.7021731657946,0,0,0,0
0.684937336657919,0,0,0,0
0.710084515034292,0,0.0254900077467561,0,0
0,0.045753068211807,0,0,0
0,0.100921113189341,0.0708989779864794,0.249062435879616,0
0.655823571455852,0,0,0,0.221338845298643
0.731281474893742,0.0467642080742203,0,0,0.260978352544279
0.817449708371299,0.0613301657495572,0,0,0
0,0.0531492300380722,0.031522710702732,0,0.0773596237891992
0.709020574964126,0.0557686077741699,0.0282612492957421,0,0
0.756761475548475,0,0,0,0
0,0,0.0224463570654192,0,0.148442891098219
0,0,0,0,0.0904004907097401
0.632236838515722,0,0.0321010781663303,0,0
0.732350871066832,0.0520422311138881,0,0.301742088785634,0.148902931479541
0.770761835651268,0,0,0.393958287828545,0
0.79875709975393,0.0520422311138881,0,0,0
0.647513926702713,0,0,0,0
0,0,0,0.232238570851783,0.198594321057071
0,0,0.0417014599277164,0,0.0519053339126435
0.692799580971295,0.0721905354768035,0,0,0.139373706136428
0,0,0.0278267936467144,0,0
0.753034957251434,0,0.0345991333814464,0,0.131710200117566
0,0.0682262435547774,0,0.520744226683346,0
0,0,0.0330667510534804,0,0
0,0.0634390651085142,0.0356263347221709,0,0
0,0.0845286361623113,0,0,0.169559383545889
0.782508825246479,0.0419314099539819,0.0201980426050214,0,0
0,0.0835515666893225,0,0,0.169001584583536
0,0,0.0677798092242292,0,0
0.675591032349234,0,0,0,0
0,0,0,0.22075481688873,0
0,0.0563968888537277,0,0.405921910473051,0.145715873948935
0,0,0,0.417377203259136,0
0.740922408760319,0,0,0.46458767697226,0
0.695811349785302,0,0,0.34647842576597,0.108970148490812
0,0.0428992399993302,0.0264628049811623,0.206219759999471,0
0.5922326918775,0.056102382097685,0.0265916261329088,0,0.0873297211644133
0,0,0,0.338314701190736,0
0,0.050761415457216,0.0272754987026887,0,0
0,0.053062610403942,0,0,0
0,0,0,0.390685252477115,0
0,0,0,0.393291104889365,0
0,0.0425799022815034,0,0,0
0,0,0,0.366830814850116,0.183849387890715
0,0,0.0305512088041906,0.277082795549466,0.132896081989419
0,0,0,0,0.25726033174023
0.700727298519759,0.0409162278419757,0.0282758218242202,0,0
0.739760258837523,0,0,0.366764626066467,0
0,0,0.0127172189190798,0,0
0.676698621242791,0,0,0,0.179479004268152
0.749248421822229,0,0.040643818194171,0,0
0,0,0.0307131257872809,0,0
0.688221910618122,0,0,0,0
0.77554683791555,0,0,0,0
0,0,0,0.21761945420729,0.105776062565492
0.701763958075305,0,0.0239569129840646,0,0.14257609834641
0,0,0.0248841143960325,0,0.164506606691032
0.690835383918682,0,0,0,0
0,0.0544335104801095,0,0,0
0,0.0605118989391404,0,0,0
0,0,0,0.0604952244792598,0.0519056533851305
0,0,0,0,0.116827893781787
0,0.0511708375945381,0,0,0.15295639839497
0.451038023581277,0,0,0,0
0,0,0.033252631750068,0,0.14717266848979
0,0,0,0.308798475010425,0
0,0,0,0.184047841252821,0
0.6455497296501,0,0,0,0
0.659631931296752,0,0,0,0.103290566616403
0,0.0463184056905635,0.0221571085668268,0.198165908805094,0
0,0.0541597924362581,0.0307131257872809,0.282295162261803,0.0658867278349988
0,0,0,0.291022153385887,0.15484064712347
0,0.0662461187185607,0.0466379849081714,0.0953456047338218,0.149752089350065
0,0,0,0,0.196298591765277
0.794708671384377,0.0604512651952493,0,0.297727739057339,0
0.693776223394678,0,0,0,0
0,0,0,0.236589821488851,0
0,0.0558921851188623,0,0,0
0,0.0791824723437945,0,0.331480047391169,0
0.646821001631375,0,0,0,0
0,0,0.0296823622729284,0,0
0,0.0512724712985843,0,0,0
0.637491065631462,0.0874350136194938,0.0498614282075317,0,0.143758146548419
0.68421713107196,0.0743900967194835,0.0400181709715103,0.515478247056254,0
0,0,0,0,0.321331177958954
0,0,0,0,0.0946577810718941
0.679519426454461,0.0774980091920756,0.0448031416557929,0,0.201319421371431
0.722224344040026,0.0558217344831031,0,0,0.146639788381425
0.685433842023996,0.0661202315169581,0,0,0
0,0,0.0389676535852209,0.36393571745332,0.156560686993636
0,0.0734788581684336,0,0,0
0,0,0.402773741547205,0.583623571149633,0
0.716800977733644,0,0.0170666329188496,0,0
0.678597345060317,0.0592888297052219,0,0,0
0,0,0,0,0.161938047895315
0.736928541420005,0.0595192379320082,0,0,0
0.694403675230929,0,0,0,0.105940910368799
0,0.0614566304153873,0,0,0
0,0,0,0,0.16653078436885
0,0,0,0.401755988430201,0
0,0,0,0.281898029559911,0.165443938967976
0,0,0,0.343002852736575,0.163864466992103
0,0,0,0,0.135925959056406
0,0,0.0236594391027312,0,0
0.764667368685243,0.0473127990903783,0,0,0
0.600078567882105,0,0.0361185623507652,0,0
0,0.0619671087925281,0,0,0
0,0,0.0367383805620346,0,0.223363022976461
0,0.123391401211173,0.107084185367485,0,0
0,0,0,0,0.126645283308201
0.616015844522891,0,0,0.38630355499957,0
0,0.0408942842013295,0,0,0
0,0,0,0,0.107625808265392
0.634872136227978,0,0,0,0
0.665617276204298,0.0525607939902143,0,0,0
0.571324905473017,0.0619295736177383,0,0,0
0,0,0.025207948362213,0,0
0.657618629317823,0,0,0,0
0,0,0.0387008143970882,0,0
0.667974312667434,0,0,0,0
0,0,0.0903244822817807,0,0.114766657295474
0.750852516081863,0,0,0,0
0.602664760668045,0,0,0,0
0,0.0620595030689337,0.0319566482174138,0,0
0,0.0567040998227762,0,0.263048787752428,0.253515475247272
0,0,0,0,0.18588570552304
0.654033969696804,0.0775130232619915,0,0,0.1225049198763
0,0,0,0,0.131090423492729
0.611236298361532,0,0,0.36267151168563,0.148460781557492
0,0.0650738663366651,0,0.179901113957229,0
0,0.0515612034123516,0,0,0
0.587240357702108,0,0,0.216238756180378,0
0,0,0.0398264612635315,0,0
0,0.0580305351534236,0,0,0
0,0.0516576399383499,0,0.34495409807854,0
0.66578641539494,0.0634407975011968,0.0359378629976365,0,0.235205868070642
0,0,0,0.350230006023179,0
0,0,0,0.226725045173845,0
0,0,0,0,0.180467452143021
0.721225877204948,0,0,0,0
0.752080139239747,0.042033043658028,0,0,0.0869271858307563
0,0,0.0171422157665561,0,0
0,0,0.0311615062968543,0,0
0,0.0326919823134256,0.0164644312753404,0,0.0609618677639482
0,0,0,0.27832383524288,0
0,0.0816216812409013,0.0613691920297207,0,0.201551997341989
0,0,0.0407811237958315,0,0
0,0,0.0316980991788153,0,0
0,0,0,0.327619917528776,0
0,0.035139275709718,0,0,0
0,0,0.0421898015487165,0,0.167933907531883
0,0,0.0374061262002987,0,0
0,0.0658372740454661,0,0.308476797521892,0
0.746918665873713,0,0.0261362508096659,0,0
0,0.0330621368832754,0.0144167643403881,0,0
0,0,0.0506470494094855,0,0.154320545914586
0,0.156739960351306,0,0.355608506582475,0.506444399008357
0.685979452316388,0,0,0,0
0,0.0540685530883075,0,0.417912670518854,0
0,0.074383167148753,0.0451153175991909,0,0
0,0.0648428806456512,0,0.47060225174242,0
0,0,0,0,0.155452756408618
0,0,0,0,0.220341452194137
0,0,0.04571311510076,0.465982274643739,0
0.833572492511499,0.0430915355870992,0,0.0523440757729196,0
0.734751556353359,0.0437377180577106,0,0.20522494258123,0
0.597104991788565,0,0,0,0
0,0,0,0.229270665792975,0
0,0.0463640253645387,0,0.113468755584679,0
0.692805037074219,0,0,0,0
0,0,0.135419657408275,0.220739593468491,0.0839592864262529
0,0,0.0464553425512456,0.447347484495277,0
0,0.0856084942678013,0,0.454963827829736,0.107928029238122
0.669965790234667,0,0,0,0
0,0,0,0.287766989006043,0
0,0.0528604979243048,0,0,0
0.844910274387416,0,0,0.375687535990151,0
0,0.0356116414478414,0,0,0.0858422572648043
0,0,0,0,0.223104889206941
0.510444072216978,0,0,0,0
0.689176728629809,0,0,0,0.166673269098065
0,0,0.144424832339822,0,0
0,0,0,0.277078162334611,0
0.728417020858681,0,0.0293477770190708,0,0
0.582215286909172,0,0,0,0
0.727860498360441,0,0.0287213525948913,0,0.120968257213689
0.624778345818715,0,0,0.28555363608083,0
0,0,0.046150938623036,0,0
0,0.0490781072339521,0,0,0.128743578603011
0,0.100587916330053,0,0.157065983598419,0
0.836829785957082,0.0527161318674211,0,0,0
0,0.0252761867034242,0,0,0
0.579285359639024,0.0946544713921335,0.102037556838528,0,0
0.626196932578936,0,0,0,0
0,0,0,0,0.090921230863598
0,0,0,0.225538280283023,0
0,0,0.0126090583743755,0.102047219078255,0.0880344774708002
0,0.031036969837311,0,0,0
0,0.0513821895018158,0,0.244252496971863,0.137881769622
0,0,0,0.371371365408418,0
0.650443853972861,0,0.0989650201674079,0,0
0.761819282958954,0,0,0,0
0,0.092356163766545,0,0,0
0.68853836458771,0.0744946177446673,0,0,0
0.704753902477616,0,0,0,0.184284509418049
0,0.048527206360884,0.0320084616520027,0.123777658637967,0.0916080967107112
0,0.065420344873186,0,0.455615125460839,0
0,0.0637283746865091,0.0346133820759584,0,0
0,0,0,0.404689475321512,0
0,0,0,0.224737396000874,0
0,0,0,0.3519972465466,0
0,0,0,0.33688767101527,0
0,0,0.0265032842269348,0.302052514180947,0.0722180335829478
0,0,0,0.145782781649822,0
0,0,0,0.21110383034491,0.195591918623968
0,0,0,0.291586081822574,0
0,0,0.0204067859796214,0,0.119596442354384
0.649150757579891,0,0.020756461896303,0,0.128033710736831
0,0,0,0.395845991938206,0
0.711301225986327,0,0,0,0
0,0,0.165501889862643,0.258990091539088,0
0,0.0783803745317487,0.0629112893766721,0,0
0,0,0.0332455074028121,0.231270228947003,0
0,0,0,0,0.178647736856902
0.608066302562732,0,0,0,0
0.760837184432647,0,0.0323076842367535,0,0
0,0.0613688558528021,0,0.188567211400356,0.192679607432208
0.746269389625766,0,0,0.250699946387085,0
0,0,0.0251889069250015,0,0.205534541365298
0,0.0502457399020274,0,0,0.187511181537046
0,0,0,0,0.129333963759041
0,0.147372335652237,0,0,0
0.541639340684523,0,0,0,0.150477930840596
0,0,0.0208276406020695,0.143089560043155,0
0,0,0,0,0.110724691389578
0,0,0,0.241630759251537,0
0,0.0449763788257727,0,0.216490935446079,0
0,0,0,0,0.156349196207223
0,0.435169534835241,0,0,0
0,0,0,0,0.212920745265418
0.59233090173013,0,0.0275925321555794,0.27663933069902,0
0,0.0659377528210571,0.0383659700760576,0,0.16867955631661
0,0.0403006509754237,0,0,0
0,0,0.0516004166059208,0,0
0.782214195688588,0,0,0.1995591827009,0.128924400030669
0,0,0,0,0.182289084264063
0.691571957813412,0,0.055367253300532,0,0
0.684353533645059,0.0934677824045494,0,0,0
0,0,0.0327150673662085,0,0
0.619873309290106,0.0525059348885985,0.0259733623246771,0,0
0,0.0581408308208827,0,0,0
0.674352496985503,0,0,0,0.118790732742096
0.655310697781003,0.0490203608111986,0,0.250524546110416,0.168275743093005
0.716746416704405,0.0397231867478889,0,0,0
0,0.0577862677851764,0,0,0
0.929157959635751,0,0,0.464976205132278,0
0.768748533672339,0,0,0.293831205363939,0
0.683998886955004,0.0639079660612724,0,0,0
0.614771853056236,0,0.0341205067794317,0,0
0,0.0495400786159799,0,0.183673874625206,0
0,0,0.0306651335934929,0,0
0,0,0,0.219482006579165,0.220421320315894
0.767029861251303,0,0.0220955153464593,0.205700178047828,0
0,0,0,0,0.156976640171748
0,0.10111340877711,0,0,0
0,0,0,0.181976794212453,0.163185907429652
0.526944418679514,0.0761946724305296,0,0,0
0.656712916232452,0,0,0,0.132110179671327
0,0,0,0,0.0751245942699414
0.700765491240227,0.0848312274175395,0.083116585862536,0,0.0750153346793774
0,0,0.037944985920023,0.435398423383174,0
0,0,0,0.291032081703435,0
0.522455682804,0,0.0213219407680474,0,0
0.693001456779481,0,0,0,0
0.673976025883752,0.0497387263102519,0.0261693466410095,0,0.133441740997265
0,0.0527571318275761,0,0,0
0.651485969631331,0,0,0,0
0.772573261822011,0.0387080046358828,0.0164251825986393,0,0
0,0,0.0360920079655384,0,0
0.53371871606986,0,0,0,0.124382779155059
0.632313223956657,0,0,0,0
0,0.0547176228800567,0,0,0.137233879418305
0.669049164943447,0.0394125109934752,0,0,0
0.736688472891353,0,0,0.319249022060722,0
0,0,0.0402429117440395,0,0.151080455951134
0,0,0.0235455790802221,0,0
0.783272679655829,0,0,0,0
0,0,0,0.324325039878742,0
0,0,0,0,0.22955887238991
0.619562311423443,0,0,0,0
0.743066657209422,0.054275285281765,0,0,0
0.742226417359137,0,0,0,0
0,0,0.319720044240901,0,0
0,0.0523829350081336,0,0,0.125945638561607
0.759276738996404,0.060264166785528,0.0368659711447097,0,0.130524957190687
0,0,0,0,0.137818514069568
0,0,0,0.401060344314053,0
0,0,0.0179540675197706,0.241324305183244,0
0,0,0.129986371123699,0.327316111011828,0.358635980269379
0,0,0.0197027709371451,0.248538882600954,0
0,0,0,0,0.151507271193805
0,0,0,0.387314919613722,0
0,0,0.0346580711632913,0,0.117574820456462
0,0,0.0249920806403571,0,0.205134561811537
0,0.059441280261291,0,0.297677435581766,0.15886280573517
0,0,0.0241069128771993,0,0
0.690622595904649,0,0,0,0
0.712359709953569,0,0.047990315550941,0.317803459025834,0
0,0,0,0,0.257358729266236
0.766145972577627,0.0655895418918537,0,0,0.194218186929742
0,0,0,0,0.0854352493163288
0.678717379324644,0,0.450617619378639,0,0
0.637049121294624,0,0,0,0.220266695632172
0.56628346637131,0,0,0.337562796608487,0
0,0.0360331903339418,0,0,0
0,0,0,0,0.124743783065402
0.61256758747497,0,0,0,0
0.646046235016177,0,0.0233115766562602,0.310361854080208,0
0,0.0549024114328678,0,0,0.158989316840034
0,0,0,0,0.15488473432668
0,0.0614190952405976,0,0,0
0.636219793650187,0,0,0.503165147634082,0
0,0,0,0.478725601159628,0
0,0,0,0,0.171437242824648
0,0,0.161812125651983,0,0
0,0.0485439528234825,0.0236535453245467,0.212317070749191,0
0.746176635876059,0.0490036143486001,0,0,0
0,0,0,0.0796370207104704,0
0.719987341841216,0.0488182483315615,0,0,0
0,0,0.0285817153886743,0,0
0,0.0780702762415625,0,0,0
0,0,0,0,0.156883354205536
0,0,0,0.415831033273102,0
0.669845755970341,0.0390013564634705,0.0258879996911919,0,0
0,0,0,0,0.109632734428911
0,0.0564939028439536,0.0326833316375228,0.334501565364733,0.126378843254019
0,0.0709564944225617,0,0,0
0,0.12736955227466,0,0.234712707584573,0
0,0.0526751319072662,0.0273822343779418,0,0
0.674772616910645,0.0438543658316726,0,0,0.136752753852838
0,0,0,0.454915510017672,0
0,0,0.0224784813948643,0,0.152596033429601
0,0.0966034131600633,0.0687817515155915,0,0
0,0.0444341399161176,0,0.166743445655699,0
0,0,0.0298911056475284,0,0.186372581593273
0,0,0.0321412335781367,0,0.203336570654535
0,0.0428536203253549,0,0.140999318255528,0.0785359214864416
0.697382707427393,0,0,0,0
0,0.0483851501609104,0,0.252179265701634,0.177628619623278
0,0,0,0.394724753943197,0
0,0.073535449662732,0,0,0
0,0,0,0.16587835825341,0
0,0.0567993814203195,0,0,0
0.70580147423901,0,0,0,0.17021749686917
0.736764858332288,0,0,0,0
0,0.0470517852595326,0,0.104655719041851,0
0,0.0679883282930331,0,0,0
0,0,0.0303892918211004,0,0
0.724237646018954,0,0,0.244799878212638,0.107415595368927
0.7458438135977,0,0,0,0
0,0.0414440301459426,0,0,0
0.661781635848779,0.0601267302993748,0,0,0.204004268152427
0,0.0830676516666484,0,0.274089076865034,0.155401640810693
0.681385413654443,0,0.0439184272601879,0.263927774799283,0
0,0,0,0,0.12969113399954
0,0,0,0,0.233826385871649
0,0,0.0303430483307298,0,0.0721458328008792
0.70859499893606,0,0,0,0
0.733016515623551,0,0,0,0
0.744867171174317,0.0574120709657339,0.0329287977838876,0,0.15363176323255
0,0.0549936507808182,0.0443860435073524,0.289098045445219,0.173170061594295
0,0.04742251729361,0,0.277955825605793,0
0,0.0390539057081761,0,0.175363210950272,0
0,0,0.0452208874721657,0.513161639628549,0
0.649990997430176,0,0.0276289958601714,0,0
0,0,0.0320453787241473,0.336929369948968,0.210404579957574
0.530070220044631,0,0.0365421371785292,0,0.0744121706238658
0,0,0.0275700580783265,0,0.220142740307205
0,0,0,0,0.258714570501188
0,0.0597219278758729,0,0,0
0,0,0,0.427513353587101,0
0,0,0,0.197904463109681,0.201774350192961
0.720740284044718,0,0.054075155775472,0,0
0.722120678084471,0,0,0,0.149638357144683
0,0,0.0402876008313724,0.511561856727759,0
0,0.0581194646444639,0,0,0
0.785771574794987,0,0,0,0
0.811066067950306,0,0.0253467436001179,0.292790717684981,0
0,0.0550259887775602,0.029963709222746,0,0
0,0,0,0.39270996736893,0.0869891634932399
0,0.0648688665358902,0,0.403601331718327,0
0,0.0593044212393652,0,0,0
0.701152874547825,0,0,0.272975119636226,0
0,0.0565245084480129,0.0325330726772151,0,0.0775890050348864
0,0,0.0173279669295572,0.136017950398126,0
0,0,0,0.344016203014237,0
0,0,0.0191875510969519,0.2672822223546,0
0,0,0.035011050186428,0.44596215325351,0
0.654525018959958,0,0,0,0.192795256472513
0.729371838870368,0,0,0.157866867880569,0
0.770330803520278,0.0479572491683071,0,0,0
0,0,0.0503886299044735,0,0
0.704983058800421,0,0.0412221856577693,0,0.152617118613745
0.707503778351275,0,0,0.232939510070623,0
0.726240035792035,0,0,0.22893045544502,0
0.643192693186964,0,0,0,0
0.58895357402022,0.0460752932507714,0,0,0.0524886267794618
0,0,0,0.264802128631282,0
0.739269209574369,0.0564546352764812,0.0328219325750481,0.245280408781928,0.155969662892632
0.669534758103677,0,0,0,0
0.668487186342283,0,0.0291170777015638,0,0
0,0,0,0,0.112663250440872
0,0.0877820696202422,0.0763698290111322,0,0
0,0,0,0,0.180561377054208
0,0,0,0,0.188413371840417
0,0.0497791488061793,0,0,0
0,0.0557097064229614,0.0289064560899601,0.443377481252027,0
0,0.0449925478241436,0,0.204655719041851,0
0,0.054797890407684,0.0289405881899955,0,0
0.639106072096944,0,0,0,0.201580749865822
0,0,0.0304334627740874,0,0
0,0,0,0,0.121538196130549
0.620118833921683,0,0,0.261020101533594,0
0.710717422973467,0,0.042990966781047,0,0
0,0,0.0645175058489272,0,0
0,0,0,0.395919461488056,0
0,0.0384677795172284,0,0,0
0.627839219559038,0,0,0.402405962285631,0.116678380657858
0,0.0471337851798426,0,0,0
0,0,0,0.306479220031374,0.168195236026273
0,0.0640887123644908,0,0,0
0,0.0607630958781181,0,0,0
0.772938820717914,0,0.0256181164637772,0.286167206105253,0.165258644925499
0,0,0.0521774887336544,0.311260035874321,0
0.751212618874842,0.0643456839457438,0.0405376006532638,0,0
0.739618400161501,0,0,0.293205721358459,0
0,0.0739956886520772,0,0,0
0,0,0,0.191412667209415,0
0,0,0.0259682457480114,0.225545561049225,0
0,0,0.0245140369394815,0,0
0,0.0760225880907243,0,0.333122191113494,0
0,0.0626773897923958,0.0382150634478175,0,0
0,0.0453165052557907,0,0.214934175254661,0
0,0,0.187693583897058,0,0.200350780790758
0.695833174196998,0,0.0235579495377303,0.254243693863638,0
0.553085153398334,0,0,0.275773581408894,0
0.734467839001315,0,0,0.239669585592026,0
0,0,0,0.177309823077381,0
0,0,0,0.376724714229927,0
0.714274802079866,0,0,0,0
0,0,0,0.178820251120245,0
0.736339282304221,0,0,0,0.0625858103100161
0,0,0,0.360265549399999,0.124770618754313
0,0,0.0202496617392306,0.186027547771755,0
0,0,0,0.242229105855722,0
0,0,0,0.162881992017633,0.156129399136146
0,0,0,0,0.111045441766555
0.670047631778526,0,0,0.221680136084139,0
0.762708627735554,0,0,0,0.107377897615457
0,0.0528968781706395,0,0,0
0,0,0,0.314845482284572,0
0,0,0.0439715360306414,0,0
0,0.0930906982639693,0,0.193271248254271,0
0,0.0666001042900395,0,0,0
0,0,0,0.411724019247698,0
0,0,0,0,0.192559485777085
0,0,0.0363050907152851,0.38108986451156,0
0.759855085906341,0,0,0,0.216698187952054
0,0,0,0.225096801096086,0.514323868428451
0.877859679945002,0,0,0.402717711456617,0
0,0.0642786980953498,0,0,0.149099726531551
0.673714132943404,0.134409996136764,0.128373677972121,0.211794179358366,0
0,0,0,0.302915615919726,0
0,0.044342900568167,0.0204313973610511,0,0
0,0.0552483125051611,0.0277278947534428,0,0
0,0.0492732901428589,0,0.219565404446562,0
0.670756925158636,0.0611759828008054,0,0.341082054235089,0.194125539908503
0.69716991941336,0,0,0.371700985550989,0.208735016740358
0.652042492129572,0,0,0,0
0,0,0,0.358573102202101,0
0.760324310757798,0,0,0.32219243726958,0
0,0.0580166760119628,0,0,0
0.76546941581506,0.0385896244692382,0.0164164390815525,0,0
0,0.0572682823730777,0,0,0.155347969432872
0,0,0.0239935709890362,0,0
0,0.101511859094109,0.0892189131212406,0,0
0,0,0,0.405479769398278,0.0893507041173614
0,0,0.0261794502607544,0,0
0,0,0,0.471700985550989,0.185920847496614
0.653264659184531,0,0,0,0.187403838781404
0,0.0470569824375804,0.020350438869506,0,0
0.731456070187308,0,0,0.157084516457841,0.11598129169116
0,0.0817781740465632,0,0,0
0.560996502638026,0,0.026665201210025,0,0
0,0.0535078353233713,0,0.423533422026303,0
0.631325669327426,0,0,0,0
0,0.0505419790507527,0.0242364464636716,0.245189068260493,0
0,0,0,0,0.208666649628134
0,0,0.0282748503223217,0.391305441379904,0
0,0,0.0369695980138874,0,0
0.666959477523584,0,0,0.389113930753295,0
0.593154773271643,0.0615703908682117,0.0345991333814464,0,0
0,0,0.034901594305859,0.415334617395736,0.142238735400107
0.77366993850972,0,0,0,0.114018452730851
0,0,0,0.279110157992627,0.094928693740895
0,0,0,0.271963093134237,0
0.477323890637873,0,0,0,0
0,0,0,0,0.0788892580570961
0,0.053328243948608,0,0,0
0,0.0525342306357477,0,0,0
0.732225380699582,0,0,0,0
0,0.0510334011083848,0,0,0
0.531331671040642,0,0,0,0
0,0,0.0313607937196418,0,0
0.593716751872807,0.0644207542953233,0.030812737115278,0.396903688700913,0.14476895749738
0,0,0,0.107974424653998,0
0.717586656554689,0.0723123804288134,0,0,0
0,0,0.0271389703025471,0,0
0.624363681996497,0,0,0,0
0,0,0,0.239974715884646,0
0.697797371249611,0.0610067857821378,0,0.414105491683379,0
0,0,0,0.399516159991528,0
0.665873713041723,0.0396267502218906,0.0186341188487495,0,0.127912950136734
0.61708524069598,0.0758724473915652,0,0.385946797455703,0.125637028139137
0.655037892634807,0,0,0,0
0.687545353855555,0.0672070191931785,0,0.384784522414832,0
0,0,0,0,0.219756178597899
0.609381223367398,0.158991493374464,0,0,0.349950801236997
0.701027384180575,0,0,0,0
0.837266274190996,0,0,0,0
0.726780189981504,0.064921415780596,0,0,0
0,0,0,0.271023874294262,0.168261686303576
0,0.0456485471866231,0,0,0
0,0,0.0206280293453159,0,0.127279116722468
0,0.0615825176169899,0.0373789241471396,0.288224353501056,0
0,0.0530972582575941,0,0.295321114883872,0.220253277787717
0.748113552414053,0,0.0157628126042138,0,0.101959005290464
0,0.0501568104109871,0,0,0.122721522222506
0,0.049590895468003,0,0,0.126941753776165
0.750061381157894,0,0,0,0
0,0.082288652423704,0,0,0
0.618716615470234,0,0.0333646783023665,0.376696914940794,0.229278375546298
0.568089436439129,0.0554111574173259,0.0335194709382007,0,0.173481227796662
0,0.0815656672108305,0,0,0
0.787533896039415,0,0,0,0
0,0.2458779159778,0,0,1
0,0,0,0.313838750885275,0
0.656358269542397,0,0.0279104723435754,0,0
0,0,0.0416347501306832,0,0.190551281723618
0,0.069074538505026,0,0.45215940906654,0.135653129552483
0,0,0,0,0.0737776982646254
0.638173078496953,0.0407816786769601,0.0170760888706621,0,0
0,0,0.0343957656506851,0,0.0954583791243898
0,0,0,0,0.118211209650625
0,0.0344457411724487,0.0239486228345304,0,0
0,0,0.0307131257872809,0,0
0,0,0.0360848836182824,0,0
0.739591119646881,0,0,0,0
0.665055297603134,0,0,0,0
0,0,0.0310074908625389,0,0.137398727221612
0.656227323072222,0.0750079834429457,0,0.488132351091784,0
0.711279401574631,0.0360418522973548,0.0170311407161562,0.160425064368592,0
0,0.071483719262301,0,0,0
0,0.0556998895310933,0.030497258065425,0,0.20731847573287
0.714634904872846,0,0.0314147444584074,0,0.106671863419122
0.603188546548742,0,0,0,0.101176297697242
0.654688702047675,0.0472827709505466,0.0222280282054203,0.201618315760211,0
0.541177208766866,0,0.0546768392846352,0.291561591972624,0
0.707203692690459,0,0.0151091861268752,0,0
0,0,0,0,0.202834359904925
0,0,0,0.185439129485117,0
0.695860454711618,0,0,0,0
0.706221594164152,0.0611234335560998,0,0,0
0,0.0306939560861553,0,0,0.0692124364249751
0.642554329144865,0,0,0,0.107641781889744
0,0,0,0.255394054923453,0.105784368850155
0,0,0,0.383223129008558,0
0.60571472220252,0,0,0.410154683187387,0.18036969356199
0,0,0.0429151896329608,0,0.12819089120045
0.736290177377906,0,0,0,0.15340813249163
0.679950458585451,0.0539553700997107,0,0.358078010100408,0
0,0,0.111856850361052,0,0.133547166917985
0,0,0,0.461515855523123,0.149555294298055
0,0,0,0.194286584195442,0.245497354767807
0.696749799488217,0.128797621309354,0,0,0
0,0,0,0,0.139589030592685
0.695620386182965,0.0535823282087233,0,0,0
0,0.0511725699872207,0,0.282383193344056,0.224228154471337
0.681876462917596,0.069290510126124,0.0398316426069903,0.320444391493418,0.193931300636389
0,0.0853503677580933,0,0,0.0865974902241419
0.749308438954392,0,0,0,0
0,0,0.0274747861254762,0.378654779161123,0
0.767537278823228,0.0638802477783508,0,0,0
0,0.0651737676480286,0,0,0
0,0,0,0,0.142631047614179
0.584244957196873,0,0.0390945964999636,0.443523096576054,0.173881846295397
0,0,0,0.391506655282196,0.121492831037391
0,0,0,0,0.101114320034759
0,0,0.0237771851328344,0,0.183342065581312
0,0,0.0449307322384679,0,0.146693459759246
0,0.0915026716382487,0,0,0.298449919492933
0,0,0.0313607937196418,0,0
0,0.0484763895088609,0.0244409799967111,0,0
0,0.0687979331400368,0,0,0
0.750137766598829,0,0.0355317752040462,0,0.123470365732103
0.745058134776654,0.0581610420688464,0.0287238784998275,0,0
0.659200899165762,0.0519538790870753,0,0.237489327058637,0
0,0,0,0.33774680142703,0
0,0,0,0.235880277728136,0
0,0.0444774497331827,0,0,0.100114371150357
0,0.0410629037557696,0.0189903362115481,0,0.0809485777084877
0.689438621570157,0.074241688413007,0,0.204662999808053,0.0930208040483553
0.562185933075442,0,0.0423148014596622,0.326180973372252,0
0,0,0.0582998936982623,0,0
0,0.0779016566871224,0.0523361673770828,0.372417148190068,0
0.621995733327513,0.0522789914471773,0,0.339292971413064,0
0,0.0571435500999302,0,0,0
0,0,0.0311615062968543,0.212324351515392,0
0,0,0,0.411224955818987,0
0,0.0626098264777742,0,0.371561989105326,0.180943466148695
0,0.0706666073803393,0,0.474558355341104,0.170754849592353
0.702795161527927,0,0,0,0
0.639487999301619,0.0991015234083786,0,0.233027541152876,0
0.752958571810499,0,0,0,0
0.725956318439991,0.0572122683430068,0.0336736159061027,0,0
0.683611503647405,0,0,0.248078208666759,0
0,0,0,0,0.0752402433102461
0,0,0,0,0.275311805147341
0,0,0.0311310011372401,0,0
0,0.0517390623944323,0,0,0.21928719298694
0,0,0.0233459030566753,0.246056803214127,0
0.680015931820538,0.0910349256139455,0,0.281349324543463,0
0,0,0.0274124804703831,0.258148832098913,0
0,0,0.0174359331738818,0,0
0.660701327469841,0.0590237736247834,0.0465311196993318,0.297518582501009,0
0.694572814421571,0,0,0.361072390672677,0
0.675956591245137,0.0649728100968465,0,0,0
0.749581244100589,0,0,0,0.110954711580239
0,0,0,0.275849036622254,0
0,0,0.0269899419113108,0,0.235417997802029
0,0.0610893631666752,0.0371898051108902,0,0
0.672191880227629,0,0,0,0
0.5868966232179,0,0.0230172763477953,0.235106530847283,0.202252919978531
0.778067557466404,0.0571857049885403,0,0,0
0,0,0,0.233237359597043,0
0.757350734664259,0.0423119588799273,0,0.171554708339125,0
0,0.0622442916217448,0,0,0
0,0,0,0,0.134324124006441
0.653433798375173,0,0,0.243421827737072,0
0.730539444896089,0,0.0227619656488587,0,0.144345975924553
0,0,0.03660819930763,0,0
0,0,0,0,0.151616530784369
0,0,0.0260936990265098,0,0
0,0.0662287947917347,0.0332390307234885,0,0.131262299690751
0,0,0.0266915612948722,0,0
0,0.0718960287207608,0,0,0
0.648763374272292,0,0,0,0
0,0.061998291860815,0.0491114287418578,0,0
0.63427742100927,0,0,0.461292799322227,0
0.71400199693367,0,0.0208973944383848,0,0
0,0.0418950297076472,0,0,0.17251897666573
0,0.0710506210916499,0.0604520942374976,0,0
0.817051412857852,0,0,0.39647081405585,0
0,0.0544485245500254,0,0,0.268673166866869
0.656347357336549,0,0,0,0
0,0.0610893631666752,0,0,0
0.666943109214812,0,0.0450758098553168,0,0
0,0.0275964379696589,0.0153310123937088,0.125593216973452,0
0.547563577239321,0,0,0,0
0.656702004026604,0,0.0384417472241438,0.387270573128678,0
0,0,0,0,0.159465330845708
0,0,0.0316551587948998,0,0.215484831446316
0.659561001958741,0,0,0,0.0974423032688425
0,0,0.0308282811456546,0.377209878014072,0.149814705957523
0,0.072106803163811,0.045682674707939,0.345858898751018,0
0,0.086574591920467,0,0,0.109037237713088
0.746378511684244,0,0.0458834517669709,0.282702223281243,0.0764165410074884
0,0,0.0839883468994938,0,0
0.742450117579018,0.103696406266873,0,0,0
0.59073226357342,0.0940048241361568,0,0.478710377739388,0
0,0.0564783113098101,0.0307629314512794,0.326356373648921,0
0,0,0.026155486547257,0,0
0.688150981280111,0,0,0.249784555509223,0
0,0.0506950070710495,0,0,0
0.627713729191787,0,0,0,0
0.853541829213066,0.0696687491951592,0.0402429117440395,0,0
0,0,0,0.200221070537387,0
0,0,0.0147350283623502,0,0.0694367061108697
0.685341088274289,0,0.0290339819058419,0.323258738574161,0.130293020165103
0.709036943272898,0,0.0203587290190402,0,0
0,0,0,0.115733073873301,0
0,0,0,0.375621347206502,0.150183377207555
0.522793961185284,0,0,0.41636451486931,0
0,0.225545400526301,0,0.234935763785469,0
0,0.0530048639811885,0.0212409822765023,0,0
0.675116351394853,0,0.0532338351313351,0,0
0,0,0.020350438869506,0,0
0,0.0529344133454293,0,0.291521216814599,0
0,0,0,0.382074753612253,0
0.825961228932623,0,0.0209981068018669,0.273359676469226,0.116322488307307
0.817542462121005,0,0,0,0
0.732749166580278,0,0,0.359448117921937,0.198444807933141
0,0.0823111735285778,0,0.401104028911261,0
0,0,0,0.442233077182741,0
0,0.0750206876559514,0,0,0
0,0.0472302217058409,0,0,0
0.858599636623545,0,0,0.414231250372312,0.126001865719324
0.685090107539789,0,0,0,0.228374268408005
0.606991450286718,0,0,0,0
0,0.0339485444725413,0,0,0.081060393078948
0.723877543225975,0,0,0,0
0,0,0.0442681679436627,0,0
0,0,0,0,0.0813798655659774
0,0.0477603338667178,0.0235016024276148,0,0
0,0,0,0,0.234967541595318
0.66581369590956,0,0.022455359649679,0,0.0922604595292253
0,0.0677931453841263,0,0.151471707604429,0.274989776880415
0.648654252213814,0.0293288306522632,0.0153976574239487,0,0
0.711399435838958,0,0,0.309110886069247,0
0.693448857219243,0.0706585228811538,0,0,0.132964449101643
0,0.0749485046275096,0,0,0
0,0,0,0.241920004236082,0.155111559792471
0,0,0,0,0.0809338819740844
0,0,0.0302952504373216,0,0
0.771241972708573,0,0,0.506895547480524,0.115742326270862
0,0,0.0165825659062031,0,0
0,0,0,0,0.395878165972346
0,0.0421837618214146,0,0,0
0,0,0,0.202556210824514,0.109946456411174
0,0,0,0.201086819827512,0
0.725236112854033,0,0,0,0
0,0,0.064176184848573,0,0.116790834973292
0,0.0756997855875323,0,0,0.146403378741023
0,0.0605118989391404,0,0,0
0.661819828569246,0.0569726206885799,0.0315499775226844,0.310901292666945,0
0,0,0,0,0.203157027116825
0.797900491594873,0.0545449610760237,0,0,0.0950513711759143
0.737103136713571,0,0.0314385138715251,0,0
0.718956138388595,0,0,0,0
0,0.0476153903456066,0,0,0
0.569115183788827,0.0513134712587392,0,0,0
0.667150441125921,0,0,0.292620612511004,0
0.763265150233794,0,0,0,0
0,0.0647320075139645,0.0382856592524448,0,0
0,0,0,0,0.0871399545071179
0.759342212231492,0.0447471255274414,0,0,0.146372709382268
0,0,0,0,0.157631558770159
0,0.0460752932507714,0,0,0
0,0,0.0352468013138074,0,0
0.665257173411319,0,0,0,0.119606026528995
0,0,0,0,0.0823823702302758
0,0.0574963807429539,0.0261794502607544,0,0
0,0,0,0.466769259281322,0
0.777854769452371,0,0.025378867929563,0,0
0.696744343385294,0,0,0.442802962609956,0
0,0.0817712444758328,0.0567396616492048,0,0.139765379405526
0,0.047331855409887,0,0,0
0,0,0,0,0.214065734658931
0,0,0,0.279068459058928,0
0,0,0,0,0.173738722621208
0,0,0.107785609738231,0,0
0,0,0.0448646701093671,0.467965952489691,0.123237789761546
0,0,0.0619397874781307,0,0
0,0.0792794863340203,0,0,0.0648842231707005
0,0.0745182937779962,0,0.390703785336537,0.2125763539244
0,0,0,0.164346749799779,0
0,0.0731497035587388,0,0,0
0,0,0,0.280309498752341,0
0,0.0537428632639779,0,0,0
0.644502157888706,0,0,0,0
0.706363452840174,0.0498386276216154,0,0,0
0,0,0,0.234683584519767,0
0.736704841200124,0.0425400572498035,0.0349559984121773,0,0
0,0,0,0.228835143596566,0
0,0.201293635362523,0,0,0
0,0.0770660659498796,0,0.33789374052673,0
0,0.193072277155111,0,0,0
0.676114818229931,0,0,0,0
0,0,0,0.342945268494801,0
0,0,0,0.361139903231998,0.141382549134868
0,0,0.0568277444880059,0,0
0,0,0,0.147850519251008,0
0,0,0,0,0.208041761443505
0.735640901129959,0,0,0,0
0,0.0579525774827064,0,0,0.214686150228742
0,0,0,0.281631288761806,0
0,0,0.0275827523698008,0,0.156703810667825
0.65461231660674,0.222531614722797,0.30338909732642,0,0
0,0,0.0222214867593035,0.209376964979515,0
0,0,0,0,0.108311396222557
0,0,0.0282367674478988,0,0
0,0,0,0.511585684689872,0.146296035985381
0.844801152328938,0,0,0.338721100322339,0.214187773148976
0.670980625378517,0,0,0,0.213021059626345
0.733365706210682,0,0.0414242580526659,0.174865471297234,0
0,0,0,0.273249141200532,0.0477615201778823
0.749952259099416,0,0,0,0
0.614842782394247,0.240139653948787,0.206058855787085,0,0.291394689089376
0,0,0,0.450414672729559,0
0,0.0504807678426341,0,0,0
0,0,0.0337539267297154,0.389195342957182,0
0,0,0.0269485559304329,0,0
0.708780506435473,0,0,0,0
0,0,0.0317458970722236,0,0
0,0,0,0,0.217592710915736
0,0.0581067604314582,0,0,0.215534030209318
0.623359759058495,0.126804792260131,0,0.236272115327337,0.0807524216014517
0,0,0.0636302007815927,0,0
0.619125823189529,0,0.0363905828823567,0.285552974192993,0.141424080558182
0.825159181802805,0,0,0,0.102293812456871
0.67094243265805,0.0612908981820849,0,0.468901200002648,0
0.700912806019173,0,0.0423089724482709,0.282569845713945,0
0.70651076761912,0.0521386676398864,0,0.137507198030222,0.071253226672119
0.775666872179877,0,0,0,0
0.661034149748201,0,0,0,0
0.680823435053279,0.0615444049779726,0,0,0
0,0.0434564929789012,0,0,0
0,0,0.0248841143960325,0.288031744140638,0
0.751921912254953,0.0588707456044867,0.0321107931853157,0.218092042122542,0
0,0,0.0267012115470643,0,0
0,0,0,0.336404492894634,0
0,0,0.0204043896082716,0,0
0,0,0,0.231812976972922,0.216701382676924
0.583279226979338,0.137270176455744,0,0,0.49744038643392
0,0.0757835179005248,0.0562467863526781,0.280367082994116,0
0,0,0.0465311196993318,0,0
0,0,0.0308750427703711,0.317540689554748,0.180902573670356
0,0,0.038289545260039,0,0
0,0.0623037704371808,0,0,0
0,0.0531434553957969,0,0,0.181786873514453
0.718366879272811,0,0,0.383398529285227,0
0,0,0,0.280153955110767,0
0,0,0,0.31250570878259,0.191020267334577
0,0,0.0310801592045498,0.315455742869813,0.199155314744294
0,0,0,0.141697609923022,0
0,0.0775095584766263,0,0,0
0.756292250697017,0,0.0489197190338789,0,0.116958238556496
0.768246572203338,0,0,0,0.140160247399494
0,0,0.0355194695133313,0,0
0,0,0,0.282427539829101,0.198603905231681
0,0.0312003922137034,0,0,0
0,0.143517184469215,0.150891796644445,0.365497110859594,0
0.661274218276854,0.0463472789019402,0,0,0
0,0,0,0.231991686688774,0
0.782317861644142,0,0,0,0
0,0,0.040261694114078,0,0
0,0.0705095371104498,0,0.262686735105869,0
0,0.0611650109804823,0,0,0
0.678608257266165,0.0459228426947021,0,0,0
0.662278141214856,0,0.0397921348631163,0,0
0,0.047663319876492,0.0337895484659952,0.317871633472992,0
0.718110442435386,0,0.0691690569391434,0,0.147658905615048
0,0.0591005763670455,0,0,0.119631584327958
0.65623823527807,0.152632457300851,0,0,0.158320341452194
0.719665431768705,0.0692939749114891,0.0353096251032464,0.332672107384683,0
0,0,0,0.467037985742936,0
0,0.0728806052287076,0.0450479601342253,0.329648603747609,0
0,0.0769118830011278,0,0.399118365401799,0.131062948858844
0,0,0,0,0.209579701996064
0.708365842613255,0.0447003509250111,0,0,0
0,0,0,0,0.115869476320699
0.649450843240707,0,0,0,0
0,0.0556513825359803,0.028985989712054,0,0
0.621493771858512,0,0,0,0
0,0,0,0.310177849261664,0
0.697355426912773,0,0,0,0
0,0,0.0268631285301545,0,0.169397730467452
0.72179876801196,0,0,0.46273174347875,0
0,0,0,0,0.648950852352595
0,0,0,0.233035483806914,0
0.726780189981504,0,0.0433277541058746,0,0
0.68381337945559,0,0.0292822330243159,0,0
0.6121638358586,0,0,0,0.237916911595573
0,0.0450410548192566,0,0,0.204172949625578
0.692177585237968,0.189370731456613,0,0.328172593872242,0
0.75208559534267,0.059790068654722,0.0337895484659952,0,0
0,0.0781823043017043,0,0.480199625371485,0.151816520561249
0.549926069805381,0,0,0.423837228543251,0.136359802693792
0,0.0541309192248813,0,0,0
0.78537327928154,0,0,0,0
0,0,0,0.188692970089289,0.200819766401718
0,0,0.036356904149874,0,0
0,0,0,0.308697206171442,0
0,0,0,0,0.157018171595062
0.727254870935885,0.0530805117949956,0,0,0
0,0,0,0.438453697636399,0
0,0.0580097464412324,0,0,0
0,0,0,0,0.0767110946405296
0.692204865752588,0,0,0.381956275689522,0
0.743334006252694,0,0.032563513070036,0.382334875531992,0
0.751523616741506,0.0643618529441147,0.0326561295843636,0,0
0.683245944751502,0.0692806932342559,0,0.249258354679216,0
0,0.0478856436040928,0.029522841661188,0,0.156960666547397
0,0,0.0480919994163216,0,0.115064405653385
0,0,0.0441282716702728,0,0
0,0,0,0,0.1618128146804
0,0,0,0.206509004984015,0.157473100416592
0,0.0628743050939852,0,0.390965231031949,0
0,0,0.0209981068018669,0,0
0,0.0417420016873505,0.0187337301767466,0.237994347477876,0
0.691948428915163,0,0,0.318289946585652,0
0,0.0560573398879373,0,0,0
0,0,0.0417111749467018,0,0
0,0,0.0366405827042481,0,0
0,0.0546217638182859,0.0314255605128779,0,0
0.695549456844954,0,0.0659462613077154,0,0
0.725939950131219,0.060645293175701,0,0,0
0.810231284202945,0,0,0,0.141054770363176
0,0,0.0484326727487435,0,0
0.69526573949291,0,0,0,0.162313747540062
0,0.0511898939140468,0.0263644889890299,0,0
0.721307718748806,0,0,0,0
0.716140789279849,0.0413649175467702,0.0289106011647272,0,0
0.612322062843394,0,0.0318687596789924,0,0
0.720762108456414,0,0,0,0
0,0.0783584308911024,0,0,0
