0.174340193950984,-0.0106450642711176,0.00760985776579385,-0.00278631524332253,0.0244163504381776,0.0183963927271962,-0.0120351690868721,-0.019843098084023,0.00804419006833472,-0.00187326663066724,0.00241049857576668,-0.000226145363681248,-0.00284036628674333,0.00123113512357021,-0.00897554564213426,0.00319580727184419,0.00929974900242372,0.0129610295235394,-0.0109696586627516,-0.0230760569241515,0.0263630392778171,-0.00142247795609624,-0.0311120749211302,0.0292766859621452
-0.0106450642711176,0.0287863438887036,-0.00161807110030311,0.0159193301547365,-0.000514234146283762,0.00141940192717573,-0.00161393025108816,0.0058753588409177,0.0253873362049663,0.00122479192134733,-0.00866288880214263,-0.00333797400305177,-0.00322477567921323,0.0104819596729881,-0.00898749819593913,-0.00502957199403062,0.00887602409596202,-0.00193887456162988,0.00302902965893655,0.00177505160186364,-0.0170366123731438,-0.00279596285562995,-0.0157398569456669,0.00628838549943747
0.00760985776579385,-0.00161807110030311,0.0671174763586306,-0.00350615834693778,-0.00344706714973317,0.0155000593568319,0.0105903990747577,0.00818938949212943,-0.015612665286218,0.00449729878296054,0.0169934427452094,0.0181878592674511,-0.00440683433088104,-0.000530107398240998,0.00691868450893233,-0.00404628031670934,-0.0141831553559686,-0.00267125312398309,0.00980742532064585,-0.000614150013504929,0.00281946446163196,-0.00239480353808965,0.00461882528151657,-0.00789718945796452
-0.00278631524332253,0.0159193301547365,-0.00350615834693778,0.0207402310250378,-0.00339581724746365,-0.000521875560131879,-0.00424081982183611,0.0048918117573029,0.0182385772922392,-0.00106826101940291,-0.00600789774028162,0.000447440466175388,-0.0138117824332666,0.0147235485889957,-0.00655217903051543,0.0024260861622271,0.00491784359435636,-0.00249114846189465,0.00104380168385497,-0.00227550024016527,-0.0132110273283132,-0.00114102331379178,-0.0160512801965994,0.00709382600560817
0.0244163504381776,-0.000514234146283762,-0.00344706714973317,-0.00339581724746365,0.158079844386277,0.0060620183944796,-0.0163385179570261,0.0436417920893978,0.0281124307396502,0.0177736064033128,-0.0254104236678988,0.00992170448663934,0.0267202304080155,0.0537053871771178,-0.0141972852827603,0.0124748086430314,-0.00573265748842525,0.0145858521384744,-0.000452624116713719,-0.0187988801007953,-0.000664847791522563,-0.00734984476643236,0.00942653886050382,0.00588064372987528
0.0183963927271962,0.00141940192717573,0.0155000593568319,-0.000521875560131879,0.0060620183944796,0.0912102753090853,0.00782137120048945,0.0311496579027481,0.0211438717228457,0.0309720874395871,-0.0162044428461077,0.00311646300178821,0.0037507615335932,0.0348400763288001,-0.000631646246021089,-0.0192429645885468,-0.000326757281248512,0.0102921886004924,-0.00297425816841257,-0.0126401946371495,-0.00745293406690783,-0.00865666757678167,-0.00945082799720681,0.00469539708445554
-0.0120351690868721,-0.00161393025108816,0.0105903990747577,-0.00424081982183611,-0.0163385179570261,0.00782137120048945,0.0733726833078128,-0.0111610374518905,-0.0255401448368243,-0.00603803934418947,-0.00294854953713226,-0.00107421101750088,0.0228356222260519,0.00443334147122603,0.0224915658285681,-0.00028277447728275,-0.00736509200841313,0.0225971369396519,0.00852849182055773,0.00285487706196711,0.033537855798884,-0.00414319663465761,0.0194370607295854,-0.0140378622952968
-0.019843098084023,0.0058753588409177,0.00818938949212943,0.0048918117573029,0.0436417920893978,0.0311496579027481,-0.0111610374518905,0.132353799060488,0.0317157316527669,0.0259482669981685,0.0126360161381124,0.00414433251921944,0.0153224727718819,0.0306571981517496,0.00853317973135109,0.00853796910772885,0.0132198598776448,0.00601286390490893,-0.00360398704915573,0.0214322882613747,-0.0521213128182193,-0.00294292846833517,0.00645716914691705,0.00745974792946345
0.00804419006833472,0.0253873362049663,-0.015612665286218,0.0182385772922392,0.0281124307396502,0.0211438717228457,-0.0255401448368243,0.0317157316527669,0.122895123485553,0.012210063735945,-7.20960200092057e-05,-0.00265690789059214,0.022606542586255,0.0435444094875038,-0.0139453801754087,0.0199339191894425,0.0127553157741768,0.0160313678888075,-0.0055427574746208,-0.00689856501677999,-0.0759162734448124,-0.00663902741162589,-0.0558947300597294,0.0178073771512501
-0.00187326663066724,0.00122479192134733,0.00449729878296054,-0.00106826101940291,0.0177736064033128,0.0309720874395871,-0.00603803934418947,0.0259482669981685,0.012210063735945,0.0383528939485784,-0.00552984994356918,0.00440928930292715,0.00924704184640236,0.0124189166036114,-0.000727507317541231,-0.0016619286324983,0.00448198508569442,0.0135991809558155,-0.00671788764369853,-0.00831526202792865,-0.0144092869911258,0.00134852361034968,0.00134389942895327,-0.00516812956625419
0.00241049857576668,-0.00866288880214263,0.0169934427452094,-0.00600789774028162,-0.0254104236678988,-0.0162044428461077,-0.00294854953713226,0.0126360161381124,-7.20960200092057e-05,-0.00552984994356918,0.145119030553576,-0.0142211921936054,-0.0148642384444166,0.000271918499900907,-0.000474156176235619,-0.0164669694041714,-0.0182145569313139,0.00496295558961513,-0.000703235468570962,0.000679663180201552,-0.0179289791254667,0.0103943663862276,-0.00028390184920542,0.0129070078598477
-0.000226145363681248,-0.00333797400305177,0.0181878592674511,0.000447440466175388,0.00992170448663934,0.00311646300178821,-0.00107421101750088,0.00414433251921944,-0.00265690789059214,0.00440928930292715,-0.0142211921936054,0.039067402876479,-0.00663107020457544,-0.00133243363086032,-0.00549228906728831,0.0108739288724252,-0.00441464204653937,0.0093700777869195,0.00228966289153454,0.0091782851154999,-0.0100388488805485,0.0104762629939989,-0.00255086665687242,-0.00481975548405236
-0.00284036628674333,-0.00322477567921323,-0.00440683433088104,-0.0138117824332666,0.0267202304080155,0.0037507615335932,0.0228356222260519,0.0153224727718819,0.022606542586255,0.00924704184640236,-0.0148642384444166,-0.00663107020457544,0.148357941307093,-0.013451202069753,0.014863966830862,-0.0136591411450413,0.0247331164523723,-0.00153438617463928,0.00996703401614428,-0.00997613965515058,0.0051457482906695,0.0179936007445762,0.0362787591676152,-0.0679569978771398
0.00123113512357021,0.0104819596729881,-0.000530107398240998,0.0147235485889957,0.0537053871771178,0.0348400763288001,0.00443334147122603,0.0306571981517496,0.0435444094875038,0.0124189166036114,0.000271918499900907,-0.00133243363086032,-0.013451202069753,0.248199704198207,-0.0216273186548853,-0.0355520162583367,0.0264824170489646,0.0106958107372476,0.00594203036994669,-0.0116201769248815,-0.0111367743601217,-0.0149274294235019,-0.0301614160938535,-0.0389501114245661
-0.00897554564213426,-0.00898749819593913,0.00691868450893232,-0.00655217903051543,-0.0141972852827603,-0.000631646246021089,0.0224915658285681,0.00853317973135109,-0.0139453801754087,-0.000727507317541231,-0.000474156176235619,-0.00549228906728831,0.014863966830862,-0.0216273186548853,0.0490237641332959,0.0189402652756875,-0.00668490027439562,0.00739636586733757,0.00555877594725365,0.00812625308499044,-0.013762451454299,0.00389280453884669,0.0173600211746156,-0.013926519971116
0.00319580727184419,-0.00502957199403062,-0.00404628031670934,0.0024260861622271,0.0124748086430314,-0.0192429645885468,-0.00028277447728275,0.00853796910772885,0.0199339191894425,-0.0016619286324983,-0.0164669694041714,0.0108739288724252,-0.0136591411450413,-0.0355520162583367,0.0189402652756876,0.200576280837615,-0.0240937756981929,0.00943162334413053,0.00515917981098835,-0.00257844080828961,0.00123056440580186,0.00890325011949485,-0.00644743896005955,-0.00113032630994548
0.00929974900242372,0.00887602409596202,-0.0141831553559686,0.00491784359435636,-0.00573265748842525,-0.000326757281248512,-0.00736509200841313,0.0132198598776448,0.0127553157741768,0.00448198508569442,-0.0182145569313139,-0.00441464204653937,0.0247331164523723,0.0264824170489646,-0.00668490027439562,-0.0240937756981929,0.0906946302213502,-0.000825231490822109,-0.0111285922677888,-0.01139401834491,-0.0156224861432228,-0.00393223692128955,-0.0191464093005159,-0.0123809444401581
0.0129610295235394,-0.00193887456162988,-0.00267125312398309,-0.00249114846189465,0.0145858521384744,0.0102921886004924,0.0225971369396519,0.00601286390490893,0.0160313678888075,0.0135991809558155,0.00496295558961513,0.0093700777869195,-0.00153438617463928,0.0106958107372476,0.00739636586733757,0.00943162334413053,-0.000825231490822109,0.0834571435104208,-0.0520151683988186,-0.00586084370046292,0.00311471842574244,0.00142851223264813,0.00029918563546671,-0.0049711148178195
-0.0109696586627516,0.00302902965893655,0.00980742532064585,0.00104380168385497,-0.000452624116713719,-0.00297425816841257,0.00852849182055773,-0.00360398704915573,-0.0055427574746208,-0.00671788764369853,-0.000703235468570962,0.00228966289153454,0.00996703401614428,0.00594203036994669,0.00555877594725365,0.00515917981098835,-0.0111285922677888,-0.0520151683988186,0.0534971049492378,0.00754418222965426,-0.0107536782597352,-0.00212612513629462,0.00598798757396438,-0.00212022541152886
-0.0230760569241515,0.00177505160186364,-0.000614150013504929,-0.00227550024016527,-0.0187988801007953,-0.0126401946371495,0.0028548770619671,0.0214322882613747,-0.00689856501677999,-0.00831526202792865,0.000679663180201552,0.0091782851154999,-0.00997613965515058,-0.0116201769248815,0.00812625308499044,-0.00257844080828961,-0.01139401834491,-0.00586084370046292,0.00754418222965426,0.132635100056158,-0.103109559009058,0.00641244951332991,0.00446343480096777,0.0146451856770398
0.0263630392778171,-0.0170366123731438,0.00281946446163196,-0.0132110273283132,-0.000664847791522563,-0.00745293406690783,0.033537855798884,-0.0521213128182193,-0.0759162734448124,-0.0144092869911258,-0.0179289791254667,-0.0100388488805485,0.0051457482906695,-0.0111367743601217,-0.013762451454299,0.00123056440580186,-0.0156224861432228,0.00311471842574244,-0.0107536782597352,-0.103109559009058,0.214891132071067,-0.00210919257053478,0.0173382284758367,0.0224724154163291
-0.00142247795609624,-0.00279596285562995,-0.00239480353808965,-0.00114102331379178,-0.00734984476643236,-0.00865666757678167,-0.00414319663465761,-0.00294292846833517,-0.00663902741162589,0.00134852361034968,0.0103943663862276,0.0104762629939989,0.0179936007445762,-0.0149274294235019,0.0038928045388467,0.00890325011949485,-0.00393223692128955,0.00142851223264813,-0.00212612513629462,0.00641244951332991,-0.00210919257053478,0.0341233826240801,-0.00693378242430304,-0.0242215680914836
-0.0311120749211302,-0.0157398569456669,0.00461882528151657,-0.0160512801965994,0.00942653886050382,-0.00945082799720681,0.0194370607295854,0.00645716914691705,-0.0558947300597294,0.00134389942895327,-0.00028390184920542,-0.00255086665687242,0.0362787591676152,-0.0301614160938535,0.0173600211746156,-0.00644743896005955,-0.0191464093005159,0.00029918563546671,0.00598798757396438,0.00446343480096777,0.0173382284758367,-0.00693378242430304,0.167265979216887,-0.137977243806697
0.0292766859621452,0.00628838549943747,-0.00789718945796452,0.00709382600560817,0.00588064372987528,0.00469539708445554,-0.0140378622952968,0.00745974792946345,0.0178073771512501,-0.00516812956625419,0.0129070078598477,-0.00481975548405236,-0.0679569978771398,-0.0389501114245661,-0.013926519971116,-0.00113032630994548,-0.0123809444401581,-0.0049711148178195,-0.00212022541152886,0.0146451856770398,0.0224724154163291,-0.0242215680914836,-0.137977243806697,0.24440757143249
