10.2543968502297
14.4463444983938
13.6779064972117
9.94353164859482
0.168983435197568
19.492491035936
19.9164529457352
20.751357233998
28.4630510774339
0.37628537967394
23.6894802396597
7.26697265506652
16.233745192583
13.2696659066625
19.8460886105006
28.2769711046034
19.6545081570079
31.2842017985066
0.242235748407805
27.6130900608296
32.4269805698562
0.717985174064307
20.0760070277124
31.9117447797127
15.1322422656094
21.9676455098378
28.5070065111797
11.4914760753242
22.7904475713868
17.6028071533021
20.9980864033797
0.380003298023078
28.53313679609
21.4363761235524
51.648931696766
26.5019122694031
22.7654661868912
24.0247301638144
26.0644666981167
17.8589639808427
0.35760307567035
9.33184620492189
14.1064481942268
19.4666835599739
23.9540912970988
19.2010229428576
17.1271700829612
0.523358749617392
28.9493141849362
15.8558274921218
6.20109750168465
16.7385990758564
15.7265520901133
25.0922165184025
0.0611284135632561
15.6238668759963
0.0780832278237812
10.8418901783461
302917.900045283
6.92449002484594
