28.7242001171306
28.6576158356499
21.2483345423187
15.4763412717873
33.7182017380804
26.9484735538998
29.6884344121449
38.0754203749137
28.480515420758
44.6266214803786
0.281925402985075
0.348697529411765
38.1244421943253
32.0004279706196
0.279744253968254
44.6579630831539
47.4129280376746
65.991647749535
0.478004774647887
70.3445479221967
38.7743143259031
51.2895550643365
44.6607241839679
0.678469771428571
0.701768472222222
52.4408795098875
65.2253930353751
38.1985116814512
33.2760915798624
56.0482947747188
43.3307437957738
61.7425856428056
59.8249294123405
44.8570282357111
69.0199042318502
86.2461376211149
49.8830237069899
36.7822520203549
0.302163723076923
52.7377575108833
32.3190428953568
49.2558398214728
24.6491805790164
27.4721953784101
35.7879748588371
0.230291992063492
28.7320572016595
0.281412763636364
33.753292384321
0.234648253846154
12.6761627269954
19.6294764442719
30.5647275129198
43.5647334205755
25.3641766525813
0.195997924242424
25.6098233183376
20.427804100835
42.0668158287247
22.008687345143
