0.13717,0.068153,0.10808,0.064669,0.083693,0.091642,0.17614,0.18699,0.24641,0.35149,NaN,NaN,0.49215,0.28143,NaN,0.18777,0.15045,0.19314,NaN,0.51755,0.70584,0.82803,0.87962,NaN,NaN,1,0.96565,0.8625,0.78653,0.61063,0.53068,0.41024,0.21905,0.28426,0.34418,0.425,0.48349,0.42976,NaN,0.31961,0.18078,0.13773,0.25656,0.20227,0.09383,NaN,0.14433,NaN,0.11762,NaN,0.1245,0.065621,0.13506,0.37135,0.23356,NaN,0.15057,0.23341,0.22314,0.069284
0.085545,0.026575,0.096255,0.060152,0.004565,0.17872,0.19968,NaN,NaN,0.11268,0.065362,0.089097,0.14999,0.13881,0.22931,NaN,0.32919,0.34099,0.28687,0.26081,0.37648,0.4157,0.43446,NaN,0.68729,0.82223,NaN,0.62989,0.32102,0.29956,0.48371,0.47046,NaN,0.44028,0.50649,NaN,0.48054,0.4699,0.44613,0.47309,0.44424,NaN,0.29691,NaN,0.013506,0.072271,0.069359,NaN,0.054518,0.093334,0.10857,0.077033,0.05974,0.08772,0.15646,0.089743,0.14205,0.022884,NaN,0.039261
0.32301,0.2216,0.27201,0.15002,NaN,0.66676,NaN,0.75546,0.48304,0.39454,0.65632,0.92556,0.96948,0.77591,0.74561,0.94464,1,0.88301,0.79213,0.76648,0.49536,0.39188,0.35965,0.3765,0.3084,0.25102,0.2931,0.25556,NaN,NaN,0.36033,0.28567,0.15825,0.22565,0.11077,0.41351,NaN,0.070084,0.15486,NaN,0.15217,0.064347,0.18117,0.20974,0.088286,0.027838,0.095979,0.22222,0.20646,0.073939,0.1245,NaN,0.21818,0.11111,0.19955,0.47949,0.3892,NaN,0.1405,NaN
0.036873,NaN,0.017412,0.011888,0.038042,0.048911,0.13366,0.11466,0.14497,0.14243,0.091876,0.086606,NaN,0.065794,NaN,NaN,NaN,0.10379,0.063223,0.067423,NaN,0.27298,0.38942,NaN,0.81219,0.95837,NaN,0.56937,0.45891,0.31171,0.24469,0.11301,NaN,0.20816,0.21857,0.16583,0.026023,0.024748,0.1556,0.25436,0.30388,0.36447,0.29419,0.19067,NaN,0.16155,NaN,0.09973,0.13932,0.12121,0.022908,NaN,NaN,0.049708,0.10431,0.082051,0.065341,0.075515,0.013774,0.066974
0.15708,0.36305,0.32359,NaN,0.26629,0.41629,NaN,0.45447,NaN,NaN,0.43116,0.49927,0.55218,0.45973,0.51811,NaN,0.83691,NaN,0.82579,NaN,0.7891,0.85042,0.96206,1,0.93412,NaN,0.9023,NaN,NaN,NaN,0.32905,NaN,0.12822,0.32623,NaN,0.22692,NaN,0.22595,0.16034,0.19858,0.3143,0.33321,0.03983,0.15949,NaN,0.2404,0.1954,0.21803,0.12216,NaN,0.15837,0.23395,NaN,NaN,0.30385,NaN,0.32102,0.20595,NaN,0.069284
0.2087,0.26104,0.20861,0.20518,0.39259,0.58909,0.57982,0.43616,0.20495,0.10568,0.31008,0.49956,0.37325,0.26328,0.3216,0.42469,0.54803,0.43429,0.40543,0.61826,0.36046,0.18096,NaN,0.91446,NaN,NaN,0.24057,0.6514,0.79992,0.38212,0.51335,0.73669,NaN,0.91966,0.78143,NaN,0.79423,0.4178,0.27809,0.33181,0.28361,0.34701,0.06802,0.24053,0.22079,0.22394,NaN,NaN,NaN,0.077576,0.15339,0.032811,0.38442,NaN,0.46712,NaN,0.4233,0.10526,0.54821,0.15473
0.10103,NaN,NaN,0.04874,0.0076085,NaN,NaN,NaN,0.12942,0.19891,NaN,0.27535,0.29725,NaN,0.16752,0.1894,0.22682,NaN,0.37155,0.41706,0.52835,0.59012,0.56067,NaN,0.94877,0.98436,1,0.95657,0.86222,0.69405,0.58976,0.44024,0.25412,0.16237,0.055947,NaN,0.23048,0.28262,0.31004,0.22908,0.059178,NaN,0.2338,0.20922,0.15923,NaN,0.20228,0.28452,NaN,0.14545,0.047809,0.058488,0.093506,0.076024,NaN,0.10769,NaN,0.018307,0.090909,0.062356
0.13274,0.058294,0.054534,0.082739,0.082171,0.039506,0.23241,NaN,0.11328,NaN,0.17482,0.15914,NaN,0.10013,0.062393,NaN,0.090871,0.15283,0.3562,0.32128,NaN,0.24445,NaN,0.57463,NaN,0.49862,0.45078,0.68063,NaN,NaN,0.9879,0.94709,0.75449,0.67144,0.53432,0.45494,0.47321,0.16679,0.034577,0.14989,0.15669,NaN,0.33622,0.49549,0.53369,0.33105,0.19504,0.067086,NaN,0.22667,0.1245,0.028531,0.16104,0.32164,0.013605,NaN,NaN,0.089245,NaN,0.013857
0.080383,0.18303,NaN,0.092963,0.13442,0.067993,0.13474,0.063506,0.14468,NaN,0.19155,0.24399,NaN,0.18006,0.056275,0.22675,0.34276,0.35678,0.57174,NaN,0.55744,0.44525,0.41178,0.35365,0.63586,0.88325,0.89264,0.48333,0.32356,NaN,0.11673,0.36643,0.40565,0.30419,0.28649,0.40615,NaN,0.38952,0.54059,NaN,0.32102,0.33529,0.30402,0.29606,NaN,0.099287,0.11246,0.095238,0.22716,0.20242,0.077689,NaN,NaN,0.47953,0.4127,0.12821,0.31534,0.44165,0.4022,0.12933
NaN,0.13502,NaN,0.011888,0.25438,0.23408,0.25108,NaN,0.35347,NaN,NaN,0.59437,0.50353,0.37816,0.29431,0.30633,0.25655,0.27792,0.20135,0.50985,0.66294,0.62376,0.55749,0.67268,0.58852,0.82509,0.99065,0.91632,0.79758,0.64983,0.56131,NaN,0.58395,0.25045,NaN,0.17329,0.2939,0.45513,NaN,0.45065,0.54268,0.86972,0.79697,0.72958,0.81732,0.49273,0.45744,0.68853,NaN,0.43151,NaN,0.23966,NaN,NaN,0.26077,NaN,NaN,0.04119,0.1157,0.025404
0.17257,0.048436,0.086071,0.1669,NaN,0.38592,NaN,NaN,NaN,NaN,0.36382,0.39933,NaN,0.41394,0.51901,0.60299,NaN,0.74826,0.76078,0.79645,0.89408,NaN,0.93271,0.98494,0.97705,1,NaN,0.9049,0.72666,NaN,0.43455,NaN,0.16822,NaN,0.027104,0.13367,0.24087,0.17375,NaN,0.23039,0.16364,NaN,0.32601,0.18861,0.095678,0.13234,0.27019,0.33783,0.23372,0.23394,0.13944,0.027104,0.16364,NaN,0.013605,NaN,NaN,NaN,0.20937,0.15704
NaN,NaN,0.16064,0.045649,0.13416,NaN,0.25027,0.20639,0.19902,0.24796,0.27407,0.35346,0.33453,NaN,0.15287,0.17311,0.21117,0.30857,0.49853,0.64512,0.76454,NaN,NaN,0.91077,0.94857,NaN,1,0.94555,0.82112,NaN,0.40316,NaN,0.22902,NaN,0.13961,0.048488,0.065275,0.13694,0.088973,0.12691,0.003011,0.15543,0.30144,0.31796,0.27865,0.27222,0.28432,NaN,0.27713,0.23515,0.16534,0.17689,0.057143,NaN,0.12018,0.030769,0.0625,0.032037,NaN,NaN
0.069321,0.037291,0.034822,NaN,NaN,NaN,0.26272,NaN,0.12824,0.13199,0.096838,NaN,NaN,0.32288,0.47878,NaN,0.76562,NaN,0.8056,0.79976,0.82051,0.85022,0.88026,NaN,NaN,0.96332,1,0.91087,0.67147,0.43102,0.263,NaN,0.13326,0.20138,0.23995,0.22137,0.19659,0.12665,0,0,0.014823,0.028327,0.077201,0.055527,0.052459,0.0034285,0.059217,0.076969,0.091873,0.13091,NaN,0.098431,0.046753,0.31287,0.10658,0.18718,NaN,0.12128,0.14876,0.076213
NaN,NaN,0.023981,NaN,0.11616,0.18167,0.24297,0.19537,0.24226,0.19591,NaN,0.12661,0.10163,0.099309,NaN,0.10004,0.18527,0.2559,0.33095,0.51092,0.64935,NaN,0.92296,0.90032,0.91721,1,0.9812,0.90655,0.81575,NaN,0.59052,0.5665,0.48987,0.5487,NaN,0.52802,0.48928,NaN,0.15391,0.17789,0.15275,0.075458,NaN,0.048312,0.075775,0.038124,0.032416,NaN,NaN,0.14061,0.091633,0.099857,0.093506,0.008772,0.011338,0.10513,0.10227,0.043478,NaN,0.023095
NaN,0.23232,0.27168,0.062054,NaN,0.22037,0.26894,0.12304,0.20583,0.38968,0.3563,0.41764,0.35598,0.36382,NaN,NaN,0.235,0.08561,0.65033,0.936,0.7715,NaN,0.66186,0.91538,0.75543,0.80394,NaN,0.59767,0.28642,0.0522,0.091117,0.024713,0.05387,0.40212,NaN,0.097782,0.171,0.36883,0.41292,0.2646,0.091604,0.26129,NaN,0.18513,0.30509,0.32364,0.20373,0.07607,NaN,0.21576,NaN,0.10414,NaN,0.10234,0.26077,0.23846,0.23295,0.10069,0.12948,0.10855
0.27802,0.04372,0.082786,0.047314,0.086989,NaN,0.27597,0.36053,0.30061,0.33719,0.339,NaN,0.38563,0.20842,0.11375,0.19998,0.17749,0.1919,NaN,0.39319,0.4805,0.58532,NaN,0.75832,0.88504,0.96817,0.98739,NaN,0.94562,NaN,NaN,NaN,0.35189,0.31712,0.11333,0.036291,NaN,0.17126,NaN,0.10087,0.081761,NaN,0.31256,0.21013,0.10933,0.09915,0.16516,0.24319,0.25038,NaN,NaN,0.10699,0.19481,0.046783,0.16553,0.097436,0.19318,0.093822,0.057851,0.018476
0.18363,0.027861,0.10742,NaN,0.24753,0.18302,NaN,0.24719,0.055975,0.11898,0.11952,0.088511,0.076724,0.1748,NaN,0.41003,NaN,NaN,NaN,0.82673,0.8692,0.94091,1,0.99293,0.95646,0.85098,0.70743,0.56783,0.48904,0.4552,0.39204,0.22905,NaN,NaN,0.33702,0.37117,0.27968,0.20048,0.29486,0.3744,NaN,NaN,0.4217,0.2529,0.12283,0.23149,0.36056,0.36448,NaN,0.39152,0.25199,0.29387,0.66753,NaN,0.070295,0.1641,0.33523,0.16934,0.21212,0.13857
0.15192,0.02529,0.048949,0.102,NaN,0.20075,0.21077,0.39206,0.31882,0.24267,0.32043,NaN,0.35123,0.16706,NaN,0.25483,0.40669,0.61465,NaN,NaN,0.79964,0.84593,0.94066,0.94365,0.96465,0.78467,0.47148,0.37834,0.37662,0.5285,NaN,0.91496,0.93962,0.90238,NaN,0.46512,NaN,0.14194,NaN,NaN,0.55785,0.44518,0.28967,0.10513,0.056156,NaN,0.19051,0.30967,0.38566,0.26182,0.16633,0.11555,0.11948,0.01462,0.15646,0.13846,0.036932,0.15332,0.2011,0.073903
0.23451,0.092156,NaN,0.10057,0.15521,0.23623,NaN,NaN,0.10129,0.1154,0.16816,NaN,0.13459,0.071878,0.11466,NaN,0.13398,NaN,0,0.095034,NaN,0.60597,NaN,0.93484,0.86445,0.86474,0.84799,0.87989,1,0.81847,0.66692,0.57234,0.55014,0.7045,0.67526,0.51028,0.2623,0.10138,0.12439,0.27549,0.18923,0.22308,0.3551,NaN,0.081746,NaN,0.10829,0.13657,0.010601,0.082424,0.035857,0.019971,0.07013,NaN,NaN,0.15128,0.39773,0.29519,0.13774,0.080832
0.068584,NaN,NaN,0.095577,0.17373,NaN,0.26569,0.096803,0.058789,0.04004,0.11584,0.17233,0.29048,0.27875,0.40977,0.46733,0.52233,0.6134,0.69072,0.77718,0.94656,1,0.96238,0.94181,0.8625,0.76815,0.63242,0.4331,0.46621,0.59018,0.48469,0.31352,0.34212,0.33111,NaN,0.059576,0.0030615,0.0081105,0.13947,0.22353,0.15252,NaN,0.020561,0.10023,0.092835,0.028799,0.092176,NaN,0.13226,NaN,0.16036,0.029957,0.18961,0.30409,0.1746,0.13846,NaN,0.045766,0.068871,0.048499
0.18805,NaN,0.042707,0.052306,0.087497,0.17603,0.26867,0.23881,0.10647,0.2012,0.19651,0.16618,0.16943,NaN,0.21196,0.52839,0.67154,NaN,0.27341,NaN,0.41294,0.54739,0.55304,0.60793,0.80861,0.98006,0.98141,0.91416,0.73853,0.75882,0.87095,0.7805,0.65043,0.62226,NaN,NaN,NaN,0.50525,0.26913,0.15458,0.19027,0.24115,0.2854,0.22906,0.19235,NaN,0.13564,0.14136,NaN,NaN,0.04482,0.10842,NaN,NaN,NaN,0.089743,0.33239,NaN,0.19008,NaN
NaN,NaN,0.061433,0.077984,0.17373,NaN,NaN,0.3151,0.35051,0.38739,0.48235,0.51495,0.53879,0.31298,0.10573,NaN,0.3209,0.52634,0.62866,0.70848,0.77804,0.82251,0.86193,0.7783,0.70697,0.52616,0.25496,0.44792,0.63565,0.72355,0.82692,0.90047,1,0.98824,NaN,NaN,NaN,0.33753,0.63093,0.87135,0.84586,0.65458,NaN,0.22198,NaN,0.37905,0.35947,NaN,0.61535,0.59758,0.026892,0.098431,0.054546,NaN,0.1746,0.041025,NaN,0.24027,0.2259,0.062356
0.074484,NaN,0.11564,0.039705,NaN,0.11905,0.2914,0.22359,0.24182,0.30859,0.40862,0.38775,0.35598,0.20976,0.18638,0.16578,0.20195,0.34701,0.60267,0.70676,0.78225,0.80012,0.79517,0.91528,0.93105,NaN,1,0.98127,0.86648,0.61447,0.38311,0.31881,0.24761,0.23328,0.21459,0.11895,NaN,0.033066,NaN,0.14793,0.009033,0.050428,NaN,0.22443,0.22107,0.22641,0.21387,NaN,NaN,0.067879,0.2012,NaN,0.25455,NaN,NaN,0.05641,0.096591,0.093822,0.15427,NaN
0.7913,0.54522,0.29928,0.2796,NaN,NaN,0.51813,0.92767,NaN,0.80767,0.63009,0.31155,0.12077,0.27132,NaN,0.45766,0.11046,0.049247,NaN,0.89373,0.92749,NaN,0.082971,0.13984,0.25584,0.51636,NaN,0.60261,0.54038,0.83743,0.56196,0.56605,0.48399,0.64028,0.84627,0.83931,0.88224,0.91016,NaN,NaN,0.38958,0.53883,0.59304,0.57859,0.79841,0.59037,0.17113,0.2378,0.13831,0.18667,0.13944,0.63766,0.54026,0.21053,NaN,0.41795,0.28409,0.46224,0.4876,0.41801
0.18068,0.079726,0.078515,0.0007135,0.07228,NaN,NaN,NaN,0.21442,0.21693,0.10506,NaN,NaN,NaN,0.2918,0.28659,0.036266,0.1066,0.26257,0.34878,0.32525,0.22329,0.38625,0.55691,0.59979,0.595,0.63746,0.7605,1,0.83626,NaN,0.45383,0.4927,0.42989,0.1615,NaN,0.020118,0.15837,0.23087,NaN,0.27898,NaN,0.2241,0.105,0.047626,0.12795,0.18435,0.092543,0.105,0.38545,0.13147,0.15692,0.2987,0.11988,NaN,NaN,0.090909,0.011441,0.11846,0.16397
NaN,NaN,NaN,NaN,0.089272,NaN,0.53274,0.32216,0.11002,0.26627,0.2864,0.4087,0.54038,NaN,0.58592,NaN,0.73236,NaN,0.83758,0.77943,NaN,0.83478,0.77239,0.84418,0.73709,0.60712,0.52873,0.33296,NaN,0.29115,NaN,0.070546,NaN,0.40572,0.41516,NaN,0.36661,0.34917,0.36559,0.36786,0.46555,0.51392,0.36907,0.36176,0.34049,0.050604,0.14578,0.16202,0.089349,0.078788,0.22112,0.052781,NaN,0.30117,0.10658,0.41282,0.39205,0.16934,0.67493,0.44342
NaN,0.073725,0.085085,0.04137,0.16662,0.19645,NaN,0.27409,NaN,0.3728,0.26925,0.41046,0.39945,0.18418,0.087772,NaN,0.15035,0.18753,0.16116,0.090967,0.0009485,0.19671,0.39949,0.58437,0.68504,NaN,NaN,0.90325,0.85065,0.90274,1,1,NaN,0.68161,0.65265,NaN,0.72021,0.577,0.56958,0.66514,0.63474,0.54591,NaN,0.74233,0.71268,NaN,NaN,0.66846,0.5477,0.50182,NaN,NaN,0.11429,0.27485,0.21769,0.22564,0.22727,NaN,0.12948,0.069284
0.12094,0.055722,0.12911,0.13671,0.13416,0.18973,0.55655,0.75193,NaN,0.83684,0.84574,0.62588,NaN,0.2672,0.1609,0.02646,0.14879,0.41756,NaN,NaN,0.84718,NaN,0.85175,0.91814,0.86977,NaN,0.8628,0.83646,0.57315,0.33461,0.3273,0.47574,0.63194,0.70896,0.55671,0.51492,0.51487,0.36415,NaN,NaN,0.25999,0.18742,0.24247,0.29206,0.2242,NaN,0.15991,NaN,0.1792,0.26545,NaN,0.16405,0.14286,0.51754,NaN,0.31282,NaN,NaN,NaN,NaN
0.4528,0.45392,NaN,0.27841,NaN,0.29239,0.23025,0.18787,0.3009,NaN,0.73401,0.72817,NaN,0.5282,0.65473,0.86943,0.97783,0.93091,0.78087,NaN,0.67411,0.37123,0.011445,0.026944,0.25379,0.21126,NaN,0.16746,NaN,NaN,0.16316,NaN,0.2054,0.18484,0.24997,NaN,0.078941,0.17053,NaN,0.011983,NaN,0.20989,0.20031,0.20948,0.10065,NaN,0.14397,0.22821,0.059061,0.073939,0.25598,NaN,0.66753,0.28655,0.29932,0.46923,0.64489,0.12357,0.30854,0.28868
0.089971,NaN,NaN,0.005706,0.044129,0.040581,0.066559,0.016538,NaN,0.10882,0.11499,0.12427,0.13099,0.077344,0.057177,0.075717,0.099886,0.24758,NaN,NaN,0.55839,0.60955,0.56289,0.45077,0.53115,0.70999,0.9043,1,NaN,0.51433,NaN,0.053134,0.11793,NaN,0.64979,NaN,0.83228,0.73932,NaN,NaN,0.23104,0.20122,0.35277,0.51739,0.58644,0.47586,0.49602,NaN,0.46542,0.33455,0.16833,NaN,0.090909,0.043859,0.068027,0.13846,0.18182,0.073227,0.1157,NaN
0.084809,0.048864,0.13831,0.13457,NaN,0.06638,0.094967,0.086218,0.18407,0.18047,0.24628,0.3155,0.27753,0.12076,0.071321,0.13953,0.28007,NaN,0.52304,NaN,0.64829,0.72733,0.69651,0.69409,0.77029,0.90495,NaN,1,0.88647,0.6362,0.24251,NaN,NaN,0.49189,0.71198,0.81946,0.78559,NaN,0.4572,0.36656,0.36456,0.38156,0.45571,0.4714,NaN,0.23505,0.12568,NaN,0.1474,0.14061,0.023904,0.10842,0.24675,NaN,0.06576,0.13846,NaN,0.01373,0.088155,0.046189
0.12832,0.12945,0.05979,NaN,0.003297,0.18463,0.38068,0.30783,0.25381,0.34449,0.32865,0.50909,0.53577,0.2474,NaN,0.40922,0.68791,0.55668,0.1822,0.21137,0.73366,0.72017,0.29988,0.26483,0.59559,0.54808,0.47127,0.85755,0.83147,0.36977,0.19466,0.15064,NaN,0.14584,0.28812,0.12994,0.13711,0.17448,0.038267,0.0092595,0.148,0.18645,0.23665,0.24298,0.1433,0.090921,0.03314,0.12099,0.054518,0.17333,0.090637,0.042796,0.23636,0.38597,0.41723,0.34872,0.27273,NaN,NaN,0.15935
0.45723,0.30133,0.14389,0.065383,0.029927,0.31121,0.26569,0.4108,0.48675,0.54154,0.62172,0.79074,0.76609,0.41972,0.30304,0.3389,0.37571,NaN,NaN,NaN,NaN,0.85298,0.86097,0.92173,1,0.96277,NaN,0.72828,0.40726,0.24555,0.30496,0.36913,0.31219,NaN,0.065562,0.36734,0.46993,0.32287,0.15243,0.11166,0.099594,NaN,0.57688,0.60886,0.46389,0.19515,NaN,0.12159,0.15699,NaN,0.15339,0.057061,NaN,0.22515,NaN,0.23333,0.2358,0.18764,0.10744,NaN
0.0073745,0.12988,0.051248,0.040419,NaN,NaN,0.51786,0.35413,0.19147,0.18833,0.099957,NaN,0.32532,0.30587,0.30174,0.22878,0.001865,0.13475,0.26762,NaN,0.32683,0.18147,NaN,0.67718,0.72049,0.68631,0.69556,0.84726,1,0.75392,0.4751,0.37216,0.59005,0.51913,0.24169,NaN,0.065165,0.19798,0.32775,NaN,0.17846,0.35226,0.28592,0.19634,0.10606,0.083105,0.12532,0.13357,0.17365,0.099394,0.10757,0.20114,0.18701,0.076024,0.2449,0.20769,0.27841,0.029749,0.07438,0.018476
0.085545,0.083583,0.0098555,NaN,0.041339,0.10185,0.19183,0.061301,NaN,0.28114,0.28442,0.25703,0.14395,0.16686,0.29271,NaN,NaN,0.78421,0.81275,0.70997,0.72091,0.78714,0.79411,0.47731,0.17357,0.22062,0.60658,0.85035,0.89509,0.76787,0.51074,0.49831,NaN,0.33906,0.26859,0.22913,0.25672,NaN,0.41661,0.34826,NaN,0.19695,0.47873,0.39577,0.13435,0.21188,0.25245,0.23121,0.31045,0.27879,0.11056,0.22825,0.21039,0.10234,NaN,0.15641,0.076705,0.14416,NaN,0.10855
0.32743,0.18474,0.10907,NaN,0,0.21177,0.47754,0.37177,0.22553,NaN,0.34085,0.443,0.62775,0.56842,0.44538,0.21056,0.18806,0.29361,0.25468,0.38303,0.4161,0.22094,0.62011,0.89407,0.88914,0.72783,0.66782,0.83429,1,NaN,0.53896,0.46877,0.79702,NaN,NaN,NaN,0.13634,NaN,NaN,0.50817,0.22976,0.4326,0.36014,0.2328,NaN,NaN,0.058312,NaN,0.082282,0.10667,0.12052,NaN,NaN,0.28947,0.35828,0.37692,0.19034,0.18764,0.31956,0.11547
0.19764,0.25418,0.21058,0.040656,0.19579,0.4222,0.3033,0.22999,0.19177,0.23652,0.24188,0.38584,0.44494,NaN,0.41509,0.49603,0.60419,0.7948,0.92983,0.93568,0.92359,0.94377,0.82282,0.77185,0.69334,NaN,0.55983,0.42919,0.36151,0.24268,0.18561,NaN,0.32563,0.39587,0.27043,NaN,0.35731,NaN,0.35758,0.50654,0.42837,0.44017,0.30001,0.18681,0.14458,0.15236,0.11862,0.081162,0.12317,0.21697,0.10857,0.19829,0.42857,NaN,0.090703,0.17692,0.14489,0.06865,0.12121,NaN
0.21755,0.092156,NaN,0.031622,0.22749,0.46359,0.29031,0.36318,0.40412,0.61762,NaN,0.78766,0.74781,0.3893,0.22209,0.16507,0.20184,0.24364,0.496,0.66802,0.8105,0.87527,0.74568,0.75576,NaN,NaN,NaN,0.94947,0.83239,0.54512,0.423,NaN,0.39515,0.31203,0.10883,0.14083,0.18708,0.20973,0.50622,0.55022,0.13098,0.28706,0.44161,0.57897,0.65738,0.27441,0.14035,0.36897,0.39526,0.10788,0.24801,0.2796,0.14026,0.12573,0.16553,NaN,0.034091,NaN,0.18182,0.11085
0.16445,0.13373,0.13371,0.081074,0.18286,0.17845,NaN,0.23991,0.22494,0.27671,0.33503,0.41969,0.31625,0.16964,NaN,0.16009,0.14838,0.25735,0.4778,NaN,0.74874,NaN,0.76613,NaN,0.87838,0.94162,1,0.97314,0.84233,0.58996,0.41635,0.31015,0.25118,0.19131,0.10054,0.019254,0.025039,NaN,0.073898,0.10512,0,0.13932,0.26652,0.26462,0.26699,0.28072,0.31076,0.32016,0.24079,0.20606,0.18526,0.12554,0.17143,0.21637,0.072562,0.05641,0.071022,0.022884,0.093664,0.12471
0.35103,0.11702,0.18955,0.28816,NaN,0.48535,0.59091,NaN,0.1734,0.27385,0.093293,0.33133,0.29149,NaN,NaN,0.3217,0.25189,0.27013,0.25815,0.11483,0.29005,0.36959,0.31366,0.52976,0.51107,0.39145,0.51045,NaN,0.3818,0.30287,0.39335,0.47574,0.53586,0.58453,0.62719,0.75433,NaN,0.60237,0.52794,0.59967,NaN,0.57888,0.48312,NaN,0.28177,0.33434,0.32398,0.51093,0.38465,0.28848,0.26693,0.10414,NaN,0.44152,0.12925,0.29487,0.54261,0.3135,0.91185,1
0.12168,0.18774,0.15145,0.15216,NaN,0.21097,0.15233,0.22404,0.45906,0.40112,NaN,NaN,0.4101,0.23863,0.16561,0.11663,0.25427,0.43055,0.64664,0.75203,0.6796,0.42675,NaN,0.27118,0.48504,0.79866,1,0.92157,NaN,0.75732,NaN,0.53763,NaN,0.63678,0.49412,NaN,0.37809,0.35666,0.31499,0.28911,NaN,NaN,0.44653,0.27003,NaN,0.10944,0.12695,0.15753,0.12166,NaN,0.12151,0.16263,0.28312,0.25731,0.047619,0.053846,0.065341,0.10755,NaN,0.036952
0.12906,0.013716,NaN,0.093676,0.067462,0.15802,0.23485,0.30849,0.098475,0.033748,0.16589,0.47436,0.43371,0.26297,0.013542,0.041726,0.18806,0.43512,0.34978,0.532,0.62943,0.71731,0.81371,0.87358,1,0.84382,0.63893,NaN,0.47413,NaN,0.44022,0.46372,NaN,NaN,0.52501,NaN,0.4274,0.21348,NaN,0.4061,0.43393,NaN,0.5452,NaN,0.22548,0.15414,0.11789,0.2363,0.16406,0.084848,0.025896,0.12126,0.29351,0.29825,0.19955,NaN,0.19602,NaN,0.14876,0.2679
0.16077,0.16631,0.13173,NaN,0.23485,0.37974,0.44399,NaN,NaN,0.281,NaN,0,0.22844,0.29308,0.49744,0.66609,0.75702,0.8426,0.97949,1,1,0.99918,0.90113,0.67247,0.49826,NaN,0.47263,0.60848,0.71297,NaN,0.33482,NaN,0.40313,0.37933,NaN,0.087097,NaN,0.047936,0.006852,0.11035,0.19514,0.22967,NaN,0.19351,0.23813,0.14509,0.2012,0.25427,0.30086,0.24364,0.070717,0.13695,0.14805,0.046783,0.043084,0.14615,0.099432,0.22426,0.21212,0
NaN,0.48393,NaN,0.04137,0.14684,NaN,0.47457,0.51863,0.38605,0.27814,0.17822,0.35683,NaN,0.27132,0.35109,0.50041,0.44451,0.15418,0.41868,0.36633,NaN,0.46693,NaN,0.60178,0.49703,0.40588,0.71037,0.89574,0.88088,0.91488,0.81995,0.63233,NaN,0.28129,NaN,NaN,NaN,NaN,0.22918,0.14325,NaN,0.77839,NaN,0.55218,0.69576,0.79224,0.78142,NaN,0.9056,0.93576,NaN,0.52496,0.35844,0.76608,NaN,0.41538,0.26136,0.50801,0.26722,0.18245
0,0.077154,0.090013,0.032573,0.11362,0.19215,NaN,0.015215,0.16185,0.19491,0.25932,NaN,0.31237,0.10942,NaN,0.18207,0.34566,0.44374,0.51799,0.59974,0.72808,0.8218,0.8526,0.83608,0.89232,NaN,1,0.96387,0.87287,0.60126,0.1855,0.28544,NaN,0.50874,NaN,0.93558,0.85764,NaN,0.43664,0.31449,0.26798,0.26679,0.40618,0.47578,0.42451,0.30527,NaN,NaN,0.14589,0.14788,NaN,0.14265,NaN,NaN,NaN,0.064103,0.028409,0.016018,0.0854,0.094688
0.20501,0.27347,0.12319,0.027342,0.10373,0.19188,0.25974,NaN,0.097882,0.10682,0.017723,NaN,0.09371,0.068578,0.14395,0.065846,0.086002,NaN,0.29792,0.27847,0.16853,0.21296,NaN,NaN,0.44764,0.18559,0.041286,NaN,NaN,0.82359,0.82986,0.76904,0.79502,0.97753,1,0.89516,0.56473,NaN,NaN,0.24673,0.34256,0.45971,0.20367,0.28704,0.22491,0.19652,NaN,0.33932,0.28622,0.16121,0.16932,0.038517,0.12208,0.21345,0.16327,0.18205,NaN,0.35927,NaN,0.011547
0.15487,0.005572,0.019711,0.0092725,NaN,0.21607,0.2316,0.1323,0.22938,0.19148,0.16348,0.10434,0.062473,0.14107,0.06791,0.069408,NaN,0.23938,0.27351,0.43044,0.57399,0.71833,0.86998,0.91948,0.92643,NaN,NaN,NaN,0.85237,0.71162,0.6558,NaN,0.5367,NaN,0.619,0.54224,0.48491,0.37247,0.1809,NaN,0.17093,0.072771,0.098021,0.062613,0.050185,0.040729,0.043644,0.11351,0.060071,0.088485,NaN,0.03709,0.32208,0.26316,0.086168,0.1359,NaN,0.073227,NaN,0.048499
0.23968,0.26532,0.12024,0.047314,NaN,0.24859,0.33929,0.39581,0.38087,0.57257,NaN,0.74809,0.773,0.37558,0.29281,0.29646,0.27686,0.24353,0.52062,0.77868,0.86836,NaN,0.69344,0.68354,0.72203,0.86695,NaN,0.98106,0.89692,0.57899,NaN,NaN,NaN,0.28574,0.056357,0.21865,0.13678,0.37174,0.60574,0.55327,0.2271,NaN,0.49101,0.55682,0.69548,0.2607,0.17023,0.40851,0.45734,0.17455,NaN,0.18973,0.036363,0.16667,NaN,0.097436,0.15341,0.10984,NaN,NaN
0.28982,0.27733,0.12549,0.12981,NaN,0.4609,0.30979,NaN,0.075226,NaN,0.30767,0.45369,0.41788,0.24131,0.3211,0.36322,0.39934,0.51834,NaN,0.80693,0.87721,0.82609,0.74664,0.75464,0.83268,NaN,NaN,0.57771,0.29353,0.022371,NaN,0.76803,0.79334,0.83074,0.7623,NaN,NaN,0.14006,0.26829,0.53224,0.56283,0.58217,0.51778,0.49948,0.23472,NaN,0.12006,NaN,0.23978,0.28485,0.065737,0.077033,0.32208,0.50877,0.14286,0.49744,0.55682,0.22654,0.19008,0.11316
0.14159,0.22675,0.1048,0.18069,0.17068,0.059661,NaN,0.22381,0.21887,0.1603,0.21367,0.22729,0.15302,0.2376,0.33494,0.38958,0.13449,0.19647,0.28666,NaN,0.80597,1,NaN,0.68128,NaN,0.53057,NaN,0.58584,NaN,0.15394,0.056458,0.20703,0.19227,0.39905,0.31646,0.16593,0.11787,0.18561,0.16825,NaN,0.38379,NaN,0.10061,0.11917,0.33949,0.46626,0.46976,NaN,0.45987,0.56,0.17032,0.035664,0.11688,0.52632,0.21995,0.3,0.1108,NaN,0.19008,0.21478
0.081121,NaN,NaN,NaN,0.074816,0.15963,0.22727,0.1237,0.17429,0.17003,0.084929,0.038687,0.063912,NaN,0.07724,0.059027,0.17604,NaN,0.28393,0.41856,0.57409,0.70361,0.81191,0.83864,0.9042,0.97819,1,0.87155,0.75477,0.6395,NaN,0.53067,0.45143,0.50684,0.50875,NaN,0.46206,0.32463,0.15539,0.19314,NaN,0.12027,0.071124,0.063385,0.088427,NaN,0.04473,0.065588,0.051489,0.05697,0.018925,0.047075,0.17922,0.05848,NaN,0.11282,0.039772,0.086956,0.23416,0.12009
NaN,0.14574,0.050263,0.028293,NaN,0.41064,0.53977,0.36141,0.33363,0.36765,0.39969,0.39522,0.30099,0.074353,0.17755,0.20741,0.24692,0.25839,0.162,0.11601,0.38132,0.68091,0.80078,0.84151,0.88924,0.9229,NaN,1,0.80763,0.59508,0.60589,0.57774,0.38675,0.13355,0.064028,0.053226,0.06757,0.10689,0.13757,NaN,0.097394,NaN,0.25566,NaN,0.12823,0.14879,0.27544,NaN,0.43311,NaN,0.20219,0.15407,0.24156,0.55263,0.061225,0.24872,0.17614,0.25629,0.52893,0.34873
0.23673,0.12345,0.15145,0.11436,0.18438,0.18866,NaN,0.25865,0.17178,NaN,NaN,0.066383,0.21894,0.30772,NaN,0.61704,NaN,0.7759,0.78834,0.81389,1,NaN,0.95973,NaN,0.90963,0.89933,NaN,0.57565,0.33787,0.38585,0.45243,0.33768,NaN,NaN,NaN,0.047278,0.091953,0.08017,0.051023,0.18453,NaN,0.09072,0.048882,NaN,NaN,0.069254,0.17186,0.20276,0.13074,0.20606,0.032869,0.20257,0.27532,0.064327,0.06576,NaN,0.38068,0.02746,0.18733,0.10393
0.1003,0.13459,0.19185,0.23585,0.27796,0.43859,0.44535,0.23462,NaN,0.15616,NaN,0.18787,NaN,NaN,0.33835,0.44423,0.68397,0.87605,0.911,0.73694,NaN,0.70821,0.82357,0.76447,NaN,NaN,0.47894,0.47777,0.49188,0.37797,0.12523,0,0.016802,0.29147,0.34632,0.18004,NaN,0.11584,0.21442,NaN,NaN,0.28364,0.22191,0.20085,0.22121,0.057872,0.089279,NaN,0.11055,NaN,0.085657,0.075607,0.025974,0.21637,0.27664,0.12821,0.022728,0.036614,NaN,NaN
0.26032,NaN,0.028909,0.12078,0.1755,0.15507,0.25352,NaN,0.30934,NaN,0.3753,0.39552,NaN,0.30051,0.27716,0.2414,0.169,NaN,0.24532,0.27708,0.31535,NaN,0.3872,0.4646,NaN,NaN,0.82498,0.94422,1,NaN,NaN,0.49326,0.49596,0.39809,0.17562,NaN,0.18139,0.14069,0.069366,0.2317,NaN,0.53639,NaN,0.26153,0.28575,0.29992,NaN,0.44235,NaN,0.27152,0.1504,0.13837,0.049351,NaN,0.11565,NaN,0.017045,0.18993,0.30028,0.10624
0.05826,0.068581,0.12582,NaN,0.15572,0.16232,NaN,0.18478,0.045313,0.17374,0.14377,NaN,NaN,0.045272,0.11767,0.056483,0.090664,0.20509,0.33558,NaN,0.46511,0.8766,0.95825,NaN,0.68289,0.66263,NaN,0.64389,0.77699,0.74166,0.58354,0.66412,0.80132,0.93556,0.86161,0.66683,0.40192,NaN,0.24394,NaN,0.33665,NaN,0.38743,0.28408,0.16534,0.087081,0.084209,NaN,NaN,0.20848,0.13347,0.18973,0.48312,0.39474,0.13379,0.32051,0.60795,0.19222,NaN,0.2679
NaN,NaN,0.02431,0.011888,NaN,0.0091375,0.16937,0.19824,0.10529,0.12899,NaN,0.086753,0.04448,0.059296,0.14876,NaN,0.074293,0.16083,NaN,0.27729,0.34623,0.55608,0.73328,0.87266,0.90246,NaN,0.66992,0.69566,0.58036,NaN,0.1879,0.24983,NaN,0.28564,NaN,0.22258,0.30997,0.25871,0.26882,0.29292,0.26891,0.25104,0.19566,0.23048,0.26301,NaN,NaN,0.19647,0.22463,0.13333,0.023904,NaN,0.17403,0.30117,NaN,NaN,0.0625,0.12815,0.10468,0.096998
0.11873,0.071153,0.15966,0.05397,0.049455,0.066918,0.089015,0.10584,0.027099,0.051623,0.033602,0.2371,0.12322,NaN,0.088374,0.1553,0.12631,0,0.086471,0.15304,0.1543,0.074328,NaN,0.10276,NaN,NaN,NaN,0.63678,0.62865,0.58528,0.71542,0.55853,0.57303,0.87239,NaN,0.97026,0.81074,0.61662,0.5681,NaN,0.58946,0.58083,0.44045,0.24684,0.16122,0.087767,0.16498,0.2935,0.2842,0.22667,0.087649,0.048502,NaN,NaN,0.16553,0.11795,NaN,0.40275,0.80716,0.13164
0.14454,NaN,NaN,0.054208,0.013695,0.090299,0.34253,0.29438,0.091811,0.065065,NaN,0.24897,0.18627,0.16479,0.19691,0.31763,0.67475,0.56509,NaN,0.11537,0.30049,0.54892,0.63887,0.69388,0.80523,0.87895,0.86816,0.78252,0.87064,0.93352,0.91967,NaN,0.66733,0.7841,0.89946,1,0.95911,NaN,0.58444,0.42919,0.30793,0.27778,0.37903,0.29606,0.33992,NaN,NaN,NaN,0.08632,NaN,0.052789,0.11698,NaN,0.41813,0.22676,NaN,0.28977,0.10526,0.19008,0.1709
0.17847,0.18903,0.12254,0.043034,0.31651,0.32814,0.42614,0.46086,NaN,NaN,0.085354,0.091589,0.1939,NaN,0.18237,0.2757,NaN,0.24655,0.4758,NaN,NaN,0.5159,0.3268,NaN,0.5042,0.52803,0.37031,0.34644,0.66366,NaN,0.82507,0.41317,0.30474,0.51722,NaN,NaN,0.62443,0.69221,0.89374,NaN,0.85594,0.87802,1,1,0.85428,0.61903,0.56067,0.55675,0.48258,0.2497,NaN,NaN,0.38442,0.25146,0.28345,0.49744,0.0625,0.44851,0.69972,NaN
0.51622,0.36134,0.18791,0.038041,0.20162,0.4566,0.50947,0.40595,0.42722,0.58244,NaN,0.73461,0.83129,0.67877,NaN,0.97252,0.86457,0.86608,0.88996,0.99165,NaN,0.81168,0.82759,0.74808,0.5792,0.50303,0.54228,0.52717,0.47068,0.40758,NaN,0.24377,0.10511,NaN,NaN,0.15202,0.15876,0.10949,NaN,0.27375,0.21702,0.14444,0.11238,0.26952,0.21311,NaN,NaN,0.27763,0.33216,0.10424,0.21514,0.20685,0.3013,0.25146,0.43084,0.097436,0.17898,0.21968,0.2259,0.27252
NaN,0.4072,0.42904,0.32097,0.40756,NaN,NaN,NaN,NaN,0.4862,0.21225,NaN,0.047359,0.35877,0.54048,0.53715,0.49746,0.40384,0.16095,NaN,0.76001,NaN,0.93536,0.54503,0.51516,0.6504,0.54964,0.52954,0.20627,0.16363,0.58082,0.66491,0.26126,0.17605,NaN,0.5124,NaN,0.40553,0.53848,0.65534,NaN,0.28339,0.25307,0.22533,0.18539,NaN,0.20355,NaN,0.25593,0.19273,0.19422,NaN,0.63117,0.3538,NaN,0.34359,0.25284,0.32037,0.096419,0.22402
NaN,0.2829,0.15309,0.079886,NaN,NaN,0.31818,0.53186,0.51666,0.62148,0.54771,0.54455,0.58615,NaN,0.4511,0.52554,0.72086,NaN,0.16179,0.42594,NaN,0.41642,0.54753,0.52863,0.29928,0.15024,0.68432,NaN,NaN,0.43795,0.50365,NaN,0.25244,0.081505,0.17674,0.41341,0.46501,0.29469,0.25901,NaN,0.18749,0.29158,0.23885,0.10835,0.09838,0.072408,0.06465,0.025456,0.1161,0.055758,0.15538,0.032811,0.12727,NaN,0.23583,0.028205,0.19602,0.10297,0.29201,0.20323
0.32375,NaN,0.22405,0.22896,0.33731,0.37382,0.3934,0.15788,0.1623,0.22337,0.35588,0.45237,0.55103,0.41487,0.53355,NaN,0.67568,0.79688,0.91521,NaN,1,NaN,0.90389,0.7867,NaN,0.48497,0.32472,0.22643,0.30611,0.33685,0.28948,0.14705,0.25832,NaN,0.58331,NaN,0.45539,0.31153,NaN,0.22451,0.15217,0.31477,0.38536,NaN,0.1642,0.12603,0.15972,NaN,0.19182,NaN,0.13645,0.15977,0.096104,NaN,0.27891,0.20513,NaN,0.72769,0.42149,0.10855
NaN,NaN,0.65112,0.60533,0.80091,0.57646,0.15801,0.49217,NaN,0.089661,0.1873,0.29162,NaN,0.31886,0.42482,0.40525,0.54979,NaN,0.84715,0.91802,NaN,1,NaN,0.9079,0.82961,0.67541,0.63589,0.43217,NaN,0.14989,0.10507,0.066277,0.10847,0.23105,0.4307,NaN,0.44719,NaN,0.37487,0.30316,0.35298,0.60244,0.46968,NaN,NaN,0.17814,0.094712,0.24468,0.23675,NaN,0.29781,0.33666,0.5039,0.72222,0.17234,0.37692,0.47727,0.32723,NaN,0.11547
0.047198,0.034291,0.01314,0.045649,0.070251,0.11932,0.13393,NaN,0.13831,0.16116,0.11456,NaN,0.24327,0.32072,NaN,0.26064,0.3724,0.6293,0.71292,0.85798,0.96564,NaN,NaN,0.79879,0.67551,0.46426,0.27408,0.056402,0.39316,0.1844,NaN,0.09335,0.13021,0.22671,0.23177,0.35978,0.3314,0.1254,0.065148,0.10588,0.079097,NaN,0.17988,NaN,NaN,0.090921,0.21768,0.20725,0.076729,NaN,0.17331,0.23966,0.31688,0.22807,0.20862,0.038461,0.15909,0.12586,0.15978,0.060046
NaN,0.07844,0.14816,0.090822,0.14963,0.172,0.36445,0.23021,NaN,NaN,0.092017,NaN,0.18929,NaN,0.57298,0.82597,0.86209,NaN,0.89954,0.8979,1,0.99755,0.98644,NaN,0.89846,0.9696,0.96586,NaN,0.43527,NaN,0.46267,0.40474,0.30495,NaN,0.20446,0.065827,0.25596,0.15649,0.035948,NaN,NaN,0.029792,0.11548,0.18797,0.19164,0.053621,NaN,0.14046,NaN,0.11515,0.15438,0.1184,0.37922,0.20468,NaN,0.18974,NaN,0.052631,0.096419,0.041571
0.83702,0.49593,0.27957,0.071327,0.041847,0.31309,0.64502,0.57464,0.63246,0.7529,NaN,0.11064,0.062185,0.15696,0.38881,0.35009,0.27893,0.2133,0.37513,NaN,0.9765,0.45609,0.0049805,0.19506,0.11352,NaN,0.11934,0.24341,0.44856,0.62736,0.25787,0.32487,0.51381,0.67992,0.85947,0.85353,0.8197,0.89768,0.89142,0.65022,0.28373,NaN,0.1522,0.34708,0.74126,0.58036,0.42376,0.57742,0.55124,0.61455,0.22709,0.12981,0.15584,NaN,0.36281,NaN,0.53125,0.31579,0.18457,NaN
0.30605,0.38405,0.26873,0.17951,0.024854,0.04703,0.14502,0.44146,0.56449,1,1,0.70296,0.40536,0.17304,0.27445,0.36383,NaN,0.22151,0.29434,NaN,0.63396,0.84194,0.97234,1,0.6583,0.48486,0.3722,0.32524,0.41548,0.38021,0.42627,NaN,0.40523,0.67207,0.60847,NaN,0.41187,0.33877,NaN,NaN,0.30156,NaN,0.53731,NaN,NaN,0.018925,0.21079,0.61456,0.53963,0.24121,0.20717,0.23966,NaN,0.5848,0.30612,0.11538,0.068182,0.36384,0.15978,0.034642
0.16224,0.12216,0.24113,0.10961,NaN,0.19672,NaN,0.42933,0.41478,0.50922,0.38069,NaN,0.24874,0.4916,0.63407,0.67596,0.74148,NaN,0.42236,0.247,0.36962,0.67222,0.81954,1,NaN,0.68223,0.76111,0.60107,0.4862,0.53638,NaN,0.15907,0.14008,NaN,0.44799,0.6623,NaN,0.1854,0.16656,0.52614,0.52866,0.48657,NaN,0.17934,0.25291,0.26687,0.31202,NaN,0.46896,NaN,NaN,NaN,0.083117,0.24854,0.22449,0.066667,0.36648,NaN,0.29477,0.194
0.062684,0.080583,0.045992,0.10247,0.19579,0.24375,0.43128,0.44454,NaN,0.41141,0.41869,0.48784,0.54225,NaN,NaN,NaN,1,0.92499,0.84326,0.78703,0.80417,NaN,NaN,0.60117,0.70891,0.83016,0.6133,NaN,0.62368,0.6966,0.60196,0.43035,0.38108,NaN,0.15414,0.19103,0.22075,0.099407,0.12777,0.3305,NaN,0.24396,0.16449,0.14545,0.27666,0.30102,0.34951,0.44864,0.39021,NaN,0.12151,0.17404,0.17662,0.19591,0.15646,0.14359,0.21875,0.036614,0.14325,0.030023
0.088496,NaN,NaN,0.054922,0.12529,NaN,0.27002,NaN,0.22523,NaN,0.18248,0.12837,0.14582,0.092915,NaN,0.20894,0.23925,0.24291,0.3543,NaN,0.66242,0.87189,1,0.89222,0.83811,0.90902,0.9272,NaN,0.82021,NaN,0.583,0.50775,0.42907,0.52432,NaN,0.5246,0.52405,NaN,0.20145,0.11721,0.084308,0.045787,0.13837,NaN,0.0065395,NaN,NaN,NaN,NaN,NaN,0.0249,0.04137,0.2052,0.26901,0.20408,0.051282,0.096591,0.057208,NaN,0.055428
0.10988,0.071582,0.10907,0.002853,0.030434,0.15292,0.27679,NaN,0.13135,0.019734,0.072593,0.12016,0.15575,0.063628,0.016752,0.09882,0.25666,0.29704,0.28866,0.39351,0.58558,0.75994,0.91555,0.97121,0.91875,0.7296,0.82025,NaN,0.72697,NaN,0.58278,0.50899,NaN,0.009963,0.002148,0.10363,NaN,0.10273,NaN,0.036492,0.03011,0.16667,0.20652,NaN,0.052886,NaN,0.15701,0.15364,0.046441,0.24,0.11753,0.11698,0.56623,0.49415,NaN,0.1641,0.082386,0.073227,0.15152,0.078522
0.13791,0.042006,NaN,NaN,0.18767,0.3835,0.3033,0.12194,0.18392,NaN,0.078548,0.004836,0.15402,0.28596,NaN,0.79493,0.8281,0.79813,0.85441,0.86826,0.93813,0.93896,0.93737,NaN,0.97182,0.92389,NaN,0.72386,0.43395,0.28028,NaN,NaN,0.3732,0.2955,0.2287,0.12782,0.23945,NaN,0.12935,NaN,0.056167,0.062638,0.11057,0.16259,0.16392,NaN,0.077146,0.12728,0.11863,0.0072725,0.18725,0.16976,0.1974,NaN,0.0839,0.15641,0.13068,0.11671,0.19835,0.11085
0.067846,0.1916,0.090013,0.15573,NaN,0.24644,0.4256,NaN,0.44217,0.40369,0.39912,0.4682,0.32705,NaN,0.11566,NaN,NaN,NaN,0.19461,0.06464,0.0067455,NaN,0.28356,0.42188,0.56291,0.76044,0.92142,NaN,0.93385,1,0.96196,0.90699,0.7485,0.72369,NaN,0.79738,0.80057,0.57939,0.45962,0.51449,0.46091,0.47595,0.6255,0.69299,0.63762,0.3667,0.27907,NaN,0.47501,0.31636,NaN,0.22254,NaN,0.30117,0.034013,0.23846,0.19602,0.13044,NaN,0.069284
0.10546,0.099872,0.044349,0.10366,0.23358,0.35555,0.3869,0.25667,0.24019,NaN,0.29378,0.36386,0.41241,0.27978,0.22018,0.1611,NaN,0.28312,0.3238,0.38816,0.39587,NaN,0.42619,0.59984,0.71527,0.7351,0.86406,1,0.98123,0.70033,0.58485,NaN,NaN,NaN,0.17603,0.13246,0.14422,0.092753,0.13652,0.26765,0.2198,0.33223,NaN,0.17199,NaN,0.16923,NaN,0.31656,NaN,0.11758,0.22211,0.1612,0.26753,0.13743,NaN,0.19231,0.088068,0.098398,NaN,0.034642
0.039085,0.096871,0.1636,NaN,0.046158,0.14378,0.10525,0.23705,NaN,NaN,NaN,0.10053,NaN,0.30391,NaN,0.25341,NaN,0.11086,NaN,0.20751,0.20879,0.37665,0.61683,NaN,0.69529,0.65569,0.68453,0.85159,1,0.95962,NaN,0.80555,0.67468,0.58018,0.42682,0.4502,0.28515,0.1252,0.1381,0.078976,0.094151,0.20733,0.35277,0.21966,0.027581,0.02921,0.064107,NaN,0.046946,0.24727,0.19821,NaN,0.41039,0.13158,0.088436,NaN,0.10795,0.11213,0.53168,0.22864
0.05826,0.14016,0.095598,0.075607,0.31169,0.45499,NaN,0.36097,0.26581,0.23052,0.27492,0.42057,0.57003,0.50366,NaN,0.50326,0.63123,0.72218,0.80686,NaN,0.98851,1,0.86754,0.85975,0.90512,0.85395,0.76363,0.65006,0.55509,0.36252,0.20153,0.085374,0.064895,0.023211,0.040503,NaN,0.19342,0.29729,NaN,0.30741,0.17962,0.20098,0.13061,0.19479,0.20287,0.15044,NaN,0.29111,0.35487,NaN,0.21514,NaN,0.27792,NaN,0.35828,0.13077,0.21307,0.11899,0.24793,0.14088
0.51401,0.38363,0.41426,0.34213,0.30865,0.28568,0.33874,0.35921,0.25988,NaN,0.36892,0.54938,0.63222,0.57214,NaN,NaN,NaN,NaN,0.2368,0.59182,0.89018,0.73847,0.49009,0.2635,0.15707,0.62628,NaN,NaN,0.46236,0.51838,0.42125,0.097955,NaN,0.075782,0.0092055,0.092541,0.15635,0.12509,0.27725,NaN,0.12681,0.34664,NaN,0.18217,NaN,NaN,0.14578,NaN,0.28521,0.34667,0.15339,NaN,0.39221,0.12866,0.054422,0.11282,0.23864,NaN,0.25895,NaN
0.023599,0.022718,NaN,0.11793,NaN,0.31604,0.44399,0.29063,0.42159,0.47991,0.42195,0.44358,0.30474,0.10106,0.20774,0.22786,0.16361,0.13486,0.077215,0.026327,NaN,0.31408,0.49857,0.66602,0.78545,0.88303,0.93644,0.94782,NaN,0.90956,0.90965,0.86295,NaN,0.68977,NaN,0.68538,0.644,0.47343,0.39774,NaN,0.48477,0.52943,0.55903,0.63399,0.66961,0.43829,0.40583,0.54088,0.49975,0.30424,NaN,0.12411,NaN,NaN,0.07483,NaN,0.16193,0.09611,0.002755,0.053118
0.2677,0.13373,0.13403,0.069425,0.43622,0.41199,0.23106,0.16803,0.25233,0.27742,NaN,0.42233,0.5041,0.37249,0.58371,0.78425,0.97296,NaN,0.98348,0.85124,0.8359,0.904,0.55992,0.38869,0.58463,NaN,0.62065,0.48559,0.55134,NaN,0.46289,NaN,0.36669,0.39025,0.21387,0.096371,0.10507,0.050015,0.23171,0.33355,0.26508,0.32454,0.22152,0.075238,0.17486,NaN,NaN,NaN,0.21353,0.19636,0.092629,0.054208,0.1013,0.19883,0.21769,NaN,0.16477,NaN,0.1157,0.10855
NaN,NaN,0.1935,0.11103,0.10702,0.076055,0.15639,0.23418,NaN,0.31274,0.15327,0.16105,NaN,NaN,0.074632,0.10523,NaN,NaN,0.1659,0.24818,0.24494,0.32042,0.32415,0.30356,0.3291,0.29089,0.35834,0.65233,0.92431,1,0.87695,0.66199,NaN,0.40276,0.27391,NaN,0.32856,0.45919,0.6089,0.66765,0.53422,NaN,0.34424,0.40415,0.60876,0.58448,NaN,0.73615,0.63554,NaN,0.18028,0.29815,0.085715,0.026316,0.13379,0.3282,0.2983,0.10755,0.23141,0.08776
0.061947,0.20489,0.093299,0.056824,0.14836,NaN,0.63041,0.51378,0,NaN,0.16546,0.24267,0.43069,NaN,0.21447,0.23367,NaN,NaN,0.18978,0,0.097913,0.09815,0.11709,0.15818,0.2291,0.18163,NaN,0.52203,0.7082,0.60488,0.46583,NaN,0.70681,0.63826,NaN,0.7503,0.91417,NaN,0.9844,1,1,0.9591,0.72417,0.36563,0.62653,0.75521,NaN,0.87002,1,0.94424,0.39442,0.23538,0.37403,0.30702,NaN,0.34615,0.073864,0.35927,NaN,0.29561
