NaN,NaN,NaN,0.17023,0.33502,NaN,0.14475,NaN,NaN,0.15344,0.13441,NaN,0.48021,0.43374,0.37496,NaN,NaN,NaN,0.70093,0.51477,0.51507,NaN,NaN,NaN,0.56762,NaN,0.3887,0.22365,0.058036,0,NaN,0.45933,0.57744,0.3787,0.23238,0.57369,NaN,0.83456,0.33723,NaN,0.66427,0.77192,0.35032,0.18281,0.17913,NaN,0.14306,NaN,0.26249,0.26182,0.35857,NaN,0.32727,0.32164,0.23129,0.051282,0.11932,NaN,0.30578,0.15935
NaN,0.079726,0.078515,0.0007135,NaN,NaN,NaN,0.22602,0.21442,NaN,NaN,NaN,0.19548,NaN,0.2918,NaN,0.036266,0.1066,NaN,0.34878,0.32525,NaN,0.38625,0.55691,0.59979,NaN,NaN,0.7605,1,0.83626,0.5479,0.45383,0.4927,0.42989,NaN,NaN,0.020118,NaN,0.23087,0.22179,0.27898,NaN,0.2241,0.105,0.047626,NaN,0.18435,0.092543,0.105,0.38545,0.13147,NaN,0.2987,0.11988,NaN,0.028205,NaN,NaN,NaN,NaN
NaN,0.050579,NaN,0.022349,NaN,NaN,0.29924,NaN,NaN,NaN,0.18077,0.079719,0.11703,0.066206,NaN,0.098921,0.14413,0.22836,NaN,0.34825,0.51918,NaN,NaN,0.75515,NaN,0.90142,NaN,0.7889,0.79606,NaN,NaN,NaN,0.57251,0.63127,NaN,0.67379,0.64531,0.49225,0.37097,0.34379,NaN,NaN,NaN,0.21348,NaN,0.13412,0.081854,0.081761,0.090359,NaN,0.017929,0.062767,0.11429,0.25146,0.29025,0.30256,NaN,0.034325,0.013774,NaN
0.13643,0.15645,0.13568,NaN,0.22496,0.23757,0.40747,NaN,0.44928,NaN,NaN,NaN,0.29567,NaN,NaN,NaN,0.28505,NaN,0.48222,0.44317,NaN,0.49606,0.39896,0.5441,0.66301,NaN,NaN,0.80239,0.67441,0.34558,NaN,NaN,0.48766,NaN,NaN,NaN,0.69331,NaN,NaN,NaN,0.017371,NaN,NaN,0.54831,0.37546,NaN,0.19033,NaN,0.19334,0.39273,NaN,0.027104,0.15584,NaN,NaN,0.41795,NaN,NaN,0.24518,NaN
NaN,NaN,0.13403,0.069425,NaN,NaN,NaN,NaN,0.25233,NaN,0.40352,NaN,0.5041,0.37249,0.58371,NaN,0.97296,1,0.98348,NaN,0.8359,0.904,NaN,0.38869,NaN,NaN,0.62065,NaN,0.55134,NaN,NaN,0.32734,NaN,0.39025,NaN,0.096371,NaN,NaN,NaN,0.33355,0.26508,NaN,0.22152,NaN,0.17486,NaN,0.39804,0.32165,NaN,NaN,NaN,0.054208,0.1013,0.19883,0.21769,0.15641,0.16477,0.13501,NaN,0.10855
NaN,NaN,NaN,0.13314,0.29115,0.38216,NaN,0.074091,0.079224,NaN,0.13696,NaN,0.40694,0.35825,0.4503,NaN,NaN,0.70005,NaN,NaN,NaN,NaN,0.82886,0.93003,0.85195,0.57727,0.38428,0.30722,NaN,0.20678,NaN,NaN,NaN,0.51924,NaN,0.45756,0.42456,NaN,0.41176,0.47015,NaN,0.39902,0.33157,0.32556,0.30381,0.24534,0.1829,NaN,0.22867,0.14303,0.008964,0.19116,NaN,0.20175,0.12245,NaN,NaN,0.18535,0.30854,0.099307
0.14381,0.049293,0.061761,0.23252,0.40781,0.084923,NaN,NaN,0.062047,0.081939,NaN,0.22054,NaN,NaN,0.3555,0.49216,NaN,0.63325,0.79665,0.89384,0.8847,0.93232,1,0.908,0.8459,0.76506,NaN,0.76513,0.62135,0.39288,NaN,0.089193,NaN,0.25501,0.3722,0.39093,0.31675,0.19954,NaN,NaN,0.46138,0.48254,0.43579,NaN,NaN,0.16196,NaN,NaN,NaN,NaN,0.10359,0.15549,0.24935,0.14912,0.05669,0.24359,NaN,0.23799,0.44077,0.2933
0.19764,NaN,0.21058,0.040656,NaN,0.4222,0.3033,0.22999,NaN,0.23652,0.24188,0.38584,0.44494,0.36052,NaN,0.49603,NaN,0.7948,0.92983,NaN,0.92359,NaN,0.82282,NaN,NaN,NaN,0.55983,0.42919,0.36151,NaN,0.18561,0.14682,0.32563,0.39587,0.27043,NaN,NaN,NaN,NaN,0.50654,NaN,0.44017,0.30001,0.18681,0.14458,0.15236,NaN,NaN,0.12317,0.21697,NaN,0.19829,0.42857,NaN,NaN,NaN,NaN,0.06865,NaN,0.16859
0.7913,NaN,NaN,0.2796,0.30662,0.43779,NaN,NaN,NaN,0.80767,0.63009,NaN,0.12077,0.27132,NaN,NaN,NaN,0.049247,NaN,NaN,0.92749,0.47408,0.082971,0.13984,0.25584,0.51636,NaN,0.60261,0.54038,0.83743,0.56196,0.56605,0.48399,0.64028,NaN,NaN,0.88224,0.91016,NaN,NaN,0.38958,NaN,0.59304,NaN,0.79841,0.59037,0.17113,0.2378,0.13831,0.18667,NaN,NaN,0.54026,0.21053,0.26757,0.41795,0.28409,0.46224,0.4876,0.41801
NaN,0.1093,NaN,0.16881,NaN,0.42408,0.80709,NaN,NaN,0.57372,NaN,NaN,0.63884,1,NaN,0.8274,0.68853,0.77403,NaN,NaN,0.88617,NaN,1,0.89499,0.7752,0.81507,NaN,NaN,NaN,NaN,0.24687,0.06448,0,0.12623,0.16477,NaN,NaN,0.15899,0.31836,NaN,0.23266,0.13907,0.34463,0.33329,NaN,NaN,0.25045,NaN,0.53963,0.39394,0.31474,0.0699,NaN,0.2193,0.82993,NaN,NaN,NaN,0.35262,0.039261
0.78761,NaN,NaN,NaN,NaN,NaN,0.88988,NaN,NaN,0.83698,0.71105,0.29528,0.31927,0.24915,NaN,0.65846,0.13729,0.048,0.40364,0.8628,NaN,0.35712,0.1208,0.14056,0.18914,0.21214,0.18174,NaN,NaN,0.67242,NaN,NaN,0.76804,0.89995,NaN,NaN,0.98786,NaN,NaN,NaN,0.2,NaN,NaN,0.37001,NaN,0.42471,0.28577,0.16562,NaN,NaN,0.17131,0.24536,0.27273,NaN,NaN,NaN,NaN,0.27231,0.22314,NaN
NaN,NaN,0,0.0932,0.16333,0.39264,0.40179,NaN,0.2356,0.17618,0.070325,NaN,0.15014,0.24141,0.42622,0.60655,0.73422,0.80571,NaN,NaN,0.91168,0.91207,0.77228,0.50149,0.32777,NaN,0.21956,0.35004,NaN,0.59412,0.45025,NaN,NaN,NaN,0.29355,0.20746,0.083206,NaN,0.12144,0.095751,NaN,0.2254,NaN,NaN,0.28433,0.10491,NaN,0.22432,0.22665,NaN,NaN,0.15549,NaN,NaN,0.097506,NaN,0.059659,0.08238,0.13774,0.020785
0.20575,0.05015,0.033508,0.013076,0.10905,0.2408,0.34984,0.23418,NaN,0.48048,0.55891,0.70457,NaN,NaN,0.3215,0.28435,0.30432,0.29673,NaN,0.6082,0.68845,NaN,NaN,0.84756,0.91168,NaN,1,0.74722,0.4583,NaN,NaN,NaN,0.39567,NaN,0.054107,0.28276,0.40684,0.2898,0.2627,0.27418,0.020961,0.22198,0.4473,0.59856,0.6207,NaN,NaN,0.15124,0.056537,NaN,0.040836,0.068474,0.25714,NaN,NaN,0.12821,0.034091,0.006865,0.22039,0.08545
0.079646,NaN,NaN,0.060628,NaN,0,0.040314,0.11555,NaN,0.10325,NaN,NaN,NaN,0.23554,0.18447,NaN,0.11543,0.25704,NaN,0.75685,0.77361,0.84818,NaN,NaN,NaN,NaN,NaN,NaN,0.6247,0.42378,0.37689,NaN,0.24572,NaN,0.25918,0.26391,0.39832,0.436,0.37624,NaN,0.16468,0.15849,0.066727,NaN,0.1271,NaN,NaN,NaN,0.067642,0.26303,NaN,NaN,0.67532,NaN,NaN,0.29231,NaN,0.20366,0.022039,0.08776
0.33776,0.2156,NaN,0.28388,NaN,NaN,NaN,NaN,0.55605,NaN,NaN,0.39171,NaN,0.11736,0.15558,0.23082,0.42742,0.58068,NaN,0.78264,0.82283,NaN,NaN,NaN,0.39775,NaN,0.30581,NaN,NaN,0.60381,0.75935,NaN,0.7589,NaN,NaN,0.58266,NaN,NaN,NaN,0.56634,0.42953,NaN,NaN,0.32556,NaN,NaN,0.10938,0.062594,0.22009,NaN,NaN,NaN,0.29351,0.15789,0.081632,NaN,0.13068,0.18078,0.07438,NaN
0.15782,NaN,NaN,0.075369,NaN,0.36281,NaN,0.24983,0.099955,0.21707,NaN,0.4575,NaN,0.4256,0.5471,NaN,NaN,0.91532,NaN,0.93771,0.90683,NaN,NaN,NaN,NaN,0.27778,NaN,NaN,0.89986,0.78843,NaN,0.10279,NaN,0.24081,0.28853,0.225,0.10792,0.17396,NaN,NaN,0.14476,0,NaN,NaN,0.18922,0.037849,0.13817,0.18898,0.15598,0.29091,0.11454,0.079886,0.044156,NaN,0.3288,0.13333,0.065341,0.059497,0.28375,NaN
NaN,NaN,0.14192,NaN,0.089272,0.29911,NaN,0.32216,NaN,NaN,0.2864,NaN,0.54038,0.49263,0.58592,NaN,0.73236,NaN,NaN,0.77943,0.87395,NaN,0.77239,0.84418,0.73709,0.60712,NaN,0.33296,0.30682,0.29115,0.17155,NaN,NaN,0.40572,NaN,0.44939,NaN,NaN,0.36559,0.36786,0.46555,0.51392,NaN,NaN,NaN,0.050604,0.14578,0.16202,0.089349,0.078788,0.22112,0.052781,0.34026,0.30117,0.10658,0.41282,0.39205,NaN,NaN,NaN
0.25664,NaN,NaN,NaN,0.34035,0.4875,NaN,NaN,NaN,0.19033,0.24103,0.28107,NaN,NaN,0.39613,0.42713,0.51653,NaN,0.68388,NaN,NaN,0.86106,NaN,NaN,0.95246,NaN,0.95241,NaN,NaN,0.70129,0.54278,NaN,0.21506,0.18622,NaN,NaN,NaN,NaN,0.1459,NaN,0.11141,NaN,0.25514,0.21798,0.26742,NaN,0.14107,NaN,NaN,0.23515,NaN,NaN,0.48052,0.13158,NaN,0.11795,0.17898,NaN,0.19835,NaN
0.26475,0.24861,0.20138,0.11317,0.047679,0.35474,NaN,0.59074,NaN,0.35521,0.45286,0.55144,0.63193,NaN,0.79175,0.82536,0.80178,0.89371,NaN,0.89105,NaN,NaN,0.90696,0.78855,NaN,NaN,0.46055,NaN,NaN,0.34186,0.28262,0.096944,NaN,NaN,0.17214,0.1751,NaN,0.058542,0.25912,0.31471,0.14383,0.17424,NaN,0.26372,0.15127,0.19131,0.19287,NaN,0.19939,0.22182,NaN,0.15692,0.15065,0.66374,NaN,NaN,0.34375,0.25172,NaN,0.27714
NaN,0.073725,0.085085,0.04137,0.16662,NaN,NaN,NaN,0.29765,0.3728,0.26925,0.41046,0.39945,NaN,NaN,0.14736,0.15035,0.18753,0.16116,0.090967,0.0009485,0.19671,0.39949,NaN,NaN,0.73301,0.87257,0.90325,NaN,0.90274,NaN,NaN,NaN,0.68161,0.65265,NaN,0.72021,0.577,0.56958,NaN,0.63474,0.54591,NaN,0.74233,0.71268,0.55431,NaN,NaN,NaN,NaN,0.25199,NaN,0.11429,NaN,NaN,0.22564,0.22727,0.038901,NaN,0.069284
NaN,0.077154,0.090013,0.032573,0.11362,0.19215,0.26299,0.015215,0.16185,0.19491,0.25932,NaN,0.31237,0.10942,0.006119,NaN,0.34566,0.44374,0.51799,NaN,NaN,0.8218,NaN,0.83608,0.89232,0.99394,NaN,0.96387,NaN,NaN,NaN,NaN,0.33267,0.50874,NaN,0.93558,NaN,NaN,NaN,NaN,0.26798,NaN,0.40618,0.47578,NaN,NaN,0.15375,0.10752,0.14589,0.14788,0.04482,0.14265,0.18182,0.23099,0.068027,NaN,NaN,NaN,NaN,0.094688
NaN,0.27733,0.12549,0.12981,0.1088,0.4609,0.30979,NaN,0.075226,NaN,NaN,0.45369,NaN,NaN,0.3211,0.36322,NaN,NaN,NaN,0.80693,0.87721,0.82609,NaN,0.75464,NaN,NaN,0.75334,NaN,NaN,0.022371,0.25123,0.76803,0.79334,0.83074,0.7623,NaN,0.64531,0.14006,NaN,0.53224,NaN,0.58217,0.51778,0.49948,NaN,0.060615,0.12006,0.12519,NaN,NaN,NaN,0.077033,0.32208,0.50877,0.14286,0.49744,NaN,0.22654,0.19008,0.11316
0.050885,0.063009,0.09067,0.088921,0.22419,0.17468,NaN,NaN,0.091367,0.23452,0.23834,NaN,0.21578,0.055791,0.21547,NaN,0.71309,NaN,0.60257,0.30447,0.33948,0.24568,0.34047,0.72964,0.86404,NaN,0.76594,NaN,0.55885,0.32193,NaN,0.38879,NaN,NaN,NaN,0.31401,NaN,NaN,0.1381,NaN,0.094268,NaN,NaN,NaN,0.14018,NaN,NaN,NaN,0.053509,NaN,NaN,0.32525,NaN,0.36842,NaN,0.14359,0.15625,NaN,NaN,0.09007
0.29056,0.17788,0.18331,NaN,NaN,NaN,NaN,0.22381,NaN,0.30688,0.29548,0.45237,0.5244,NaN,NaN,0.75239,NaN,0.98192,NaN,0.81464,NaN,0.81771,0.67861,0.63569,NaN,0.78125,NaN,NaN,NaN,NaN,0.55379,NaN,NaN,0.48479,NaN,0.08256,0.185,NaN,0.003795,0.12734,NaN,0.26068,NaN,0.1251,NaN,NaN,NaN,0.31806,NaN,0.49091,0.11255,NaN,0.08052,0.27778,0.2585,0.21282,NaN,NaN,0.07989,NaN
NaN,0.20189,0.011169,0.12435,NaN,NaN,0.44129,NaN,0.13313,NaN,0.11626,0.31345,0.26242,0.19253,NaN,0.19072,NaN,NaN,0.8259,NaN,NaN,NaN,NaN,NaN,NaN,NaN,NaN,NaN,0.56636,NaN,NaN,0.80836,0.49438,0.4142,0.54587,0.55333,0.1077,0.35853,0.44697,NaN,0.25431,0.17216,NaN,0.34257,0.13421,0.18788,NaN,NaN,NaN,NaN,0.20916,0.2796,0.54805,NaN,0.11111,NaN,NaN,0.23341,NaN,NaN
0.10398,NaN,0.087713,NaN,NaN,0.18194,0.36039,0.15987,0.1426,0.20792,0.31008,NaN,0.39038,0.27668,0.31678,NaN,0.14309,0.19231,0.20335,NaN,0.37837,0.36694,0.45915,0.62012,0.7458,0.77806,0.87709,0.99125,0.92117,NaN,NaN,NaN,NaN,0.35103,0.20047,0.11744,NaN,NaN,0.20926,0.25773,NaN,0.32466,0.15311,0.14906,NaN,NaN,NaN,0.44684,0.25795,0.18788,0.18825,0.20257,NaN,NaN,NaN,0.08718,NaN,NaN,NaN,0.041571
0.05826,0.068581,0.12582,NaN,0.15572,0.16232,NaN,0.18478,NaN,NaN,NaN,NaN,0.066215,NaN,0.11767,NaN,0.090664,NaN,0.33558,NaN,0.46511,0.8766,NaN,0.87563,NaN,0.66263,0.54554,NaN,NaN,0.74166,NaN,NaN,0.80132,NaN,0.86161,0.66683,0.40192,0.20661,NaN,0.38617,0.33665,NaN,NaN,NaN,NaN,0.087081,NaN,NaN,0.087834,0.20848,NaN,NaN,NaN,0.39474,0.13379,0.32051,0.60795,NaN,0.20937,0.2679
0.20501,0.15945,0.0795,0.000951,0.015977,NaN,0.23323,0.23197,0.13298,NaN,NaN,NaN,NaN,0.18212,NaN,NaN,0.24112,NaN,NaN,0.45527,0.51539,NaN,0.66366,0.74665,NaN,0.88303,NaN,0.91087,0.70373,NaN,0.61515,NaN,NaN,0.15994,0.14749,0.2501,0.26066,NaN,0.24805,0.19205,0.13804,NaN,0.27428,0.23203,0.20941,NaN,NaN,NaN,0.2004,NaN,NaN,NaN,0.17403,0.28655,0.10204,NaN,0.10795,0.11899,0.13499,NaN
0.16593,0.09087,0.10151,0.12149,NaN,NaN,0.23377,0.14509,0.073153,NaN,NaN,NaN,0.39182,NaN,0.37918,0.49206,NaN,0.34078,0.66242,0.71179,0.4786,0.43165,0.68073,0.80873,0.77264,NaN,NaN,NaN,0.85897,0.79365,NaN,0.22939,0.31314,NaN,0.22952,0.55282,NaN,0.061974,0.12766,0.069063,NaN,0.45043,NaN,NaN,0.20159,NaN,NaN,0.18988,0.07269,NaN,0.060757,0.21969,0.36623,0.24269,0.24036,0.23077,0.14489,0.036614,0.17906,0.039261
NaN,0.015002,0.073587,NaN,0.14278,0.2201,0.3612,0.22558,0.21872,0.23824,NaN,0.34174,0.41817,0.36671,NaN,0.52646,NaN,NaN,0.71692,0.7958,0.88839,0.96606,1,NaN,0.93607,0.88886,0.91428,0.91025,0.7779,0.5758,0.35782,0.32532,NaN,NaN,0.091439,NaN,0.22108,NaN,0.19713,0.28301,0.34777,0.30403,0.24143,NaN,0.18169,0.10532,NaN,NaN,0.32105,0.27515,0.12749,NaN,0.33766,NaN,NaN,0.39231,0.24148,0.075515,0.14325,NaN
0.18732,NaN,NaN,0.1543,0.316,NaN,NaN,0.54443,NaN,0.82969,0.90543,0.79763,0.71844,NaN,0.19771,NaN,0.26816,0.31678,NaN,0.73523,0.89028,NaN,0.69365,0.73138,0.71322,NaN,NaN,NaN,0.81524,0.45116,0.29657,NaN,0.20004,0.28606,NaN,0.31008,NaN,0.31278,NaN,NaN,NaN,0.43895,NaN,0.61543,NaN,0.12617,NaN,0.53459,0.5477,0.36364,0.34462,NaN,0.5039,0.39474,NaN,0.10513,NaN,0.05492,NaN,0.11778
0.43068,NaN,NaN,NaN,NaN,NaN,0.22186,0.086439,0.1509,0.034034,0.18333,0.26187,0.29999,NaN,0.37998,0.45827,0.65672,0.85943,NaN,0.93226,0.90978,0.91432,NaN,0.85698,0.72613,0.53332,NaN,NaN,NaN,0.27016,0.26747,0.3106,NaN,NaN,0.3857,0.41482,0.45714,0.41967,0.46026,0.361,0.3282,0.40464,0.32238,0.34141,NaN,0.12781,0.095979,0.024259,0.17264,0.16606,0.027888,NaN,0,0.6345,0.46032,NaN,NaN,0.254,NaN,0.21709
NaN,0.26104,NaN,NaN,NaN,0.58909,0.57982,0.43616,NaN,0.10568,NaN,NaN,0.37325,0.26328,NaN,0.42469,NaN,0.43429,0.40543,NaN,0.36046,0.18096,0.31546,NaN,NaN,0.40742,0.24057,0.6514,0.79992,0.38212,0.51335,NaN,0.55812,0.91966,0.78143,NaN,0.79423,0.4178,0.27809,0.33181,NaN,0.34701,NaN,0.24053,0.22079,0.22394,0.22673,0.22402,NaN,NaN,NaN,NaN,NaN,NaN,NaN,NaN,0.4233,NaN,0.54821,0.15473
0.32743,NaN,NaN,0.094627,0,0.21177,0.47754,0.37177,NaN,0.18518,NaN,NaN,0.62775,0.56842,NaN,NaN,0.18806,0.29361,NaN,0.38303,0.4161,0.22094,NaN,0.89407,NaN,NaN,NaN,0.83429,1,0.8255,NaN,NaN,0.79702,0.71659,0.37762,NaN,NaN,NaN,0.50675,NaN,NaN,0.4326,0.36014,0.2328,0.050042,0.064866,0.058312,0.12219,0.082282,0.10667,NaN,0.084166,0.07013,NaN,NaN,0.37692,NaN,NaN,0.31956,NaN
0.20354,0.16888,0.24836,0.17855,NaN,NaN,NaN,0.13649,NaN,0.14772,0.092585,0.08177,0.0097885,0.094668,0.10172,0.19214,0.12506,0.24052,0.3461,NaN,NaN,0.12023,0.068348,NaN,0.1291,NaN,NaN,NaN,NaN,0.76691,0.46692,NaN,0.51402,0.64303,0.35021,0.45282,NaN,NaN,NaN,0.34161,0.22374,0.072894,0,NaN,NaN,0,0,NaN,NaN,0,NaN,NaN,0.6026,NaN,NaN,NaN,0.45739,NaN,NaN,NaN
NaN,NaN,NaN,0.13077,NaN,0.29696,0.24648,0.91907,0.83948,0.70242,0.45357,NaN,NaN,NaN,0.4206,0.52412,0.21625,0.15678,0.14875,NaN,1,0.39434,NaN,0.17304,0.22326,0.316,0.25339,0.32596,NaN,0.49004,0.19989,NaN,NaN,0.62576,0.66298,0.73538,NaN,NaN,0.67647,0.56013,0.27817,0.18181,0.26109,NaN,0.60009,0.4206,0.24067,0.40401,0.53357,0.60485,NaN,NaN,NaN,0.85672,0.41723,NaN,0.34943,0.45309,0.57576,NaN
0.15487,0.005572,0.019711,0.0092725,0.095866,NaN,0.2316,NaN,0.22938,NaN,0.16348,0.10434,0.062473,NaN,NaN,0.069408,NaN,NaN,0.27351,NaN,0.57399,0.71833,0.86998,NaN,0.92643,0.99361,1,NaN,NaN,0.71162,NaN,0.6366,NaN,0.60996,0.619,NaN,NaN,0.37247,NaN,NaN,NaN,0.072771,NaN,0.062613,0.050185,0.040729,0.043644,NaN,0.060071,0.088485,0.050797,0.03709,NaN,0.26316,NaN,NaN,0.076705,0.073227,0.055096,NaN
0.13422,NaN,0.12122,0.0042795,0.046665,NaN,0.19318,0.11533,0.18984,0.22623,0.20488,0.32737,0.42565,0.31185,0.27365,0.19275,NaN,0.15678,0.30465,0.34996,0.39734,0.53154,0.62361,NaN,0.78002,0.77795,NaN,NaN,0.89752,NaN,0.61319,NaN,0.48105,0.45193,0.22277,0.13357,0.15537,NaN,0.31151,0.42527,NaN,NaN,NaN,0.032853,0.042366,0.094761,NaN,NaN,0.18627,NaN,0.090637,NaN,0.23896,0.093568,0.11791,0.17436,0.10795,0.09611,0.12672,0.11085
0.073009,NaN,NaN,NaN,0.29166,NaN,0.39394,0.19272,NaN,0.2411,0.3115,0.40108,NaN,0.42498,0.52433,0.67097,0.73081,0.82171,0.89827,0.95548,1,0.99816,NaN,0.74316,0.62777,0.64137,NaN,0.67281,0.54464,0.44487,0.37515,NaN,0.064265,0.12485,NaN,NaN,NaN,NaN,NaN,0.22059,0.23092,0.34371,0.3357,NaN,0.17856,NaN,0.17222,0.36238,0.36749,NaN,0.21215,0.37233,0.38182,NaN,0.20635,NaN,NaN,NaN,0.28099,0.04388
0.26032,0.17017,NaN,0.055872,NaN,0.33324,0.30519,0.13407,0.011846,0.056199,0.087481,NaN,0.18425,NaN,NaN,0.15337,0.11139,0.094546,0.14338,NaN,0.1641,0,0.19466,0.23645,0,0.11036,0.44879,0.69154,0.67786,0.62107,0.71727,0.55819,0.64307,0.90048,NaN,NaN,NaN,0.66434,NaN,NaN,0.65721,0.62259,0.49166,0.29348,0.21638,NaN,0.1456,0.22522,NaN,NaN,0.057769,0.1184,0.4026,0.4386,0.17007,0.16923,0.375,NaN,NaN,0.14319
NaN,NaN,0.059461,0.035188,0.028658,0.10481,0,0.075634,NaN,0.051766,NaN,0.041618,NaN,0.17222,0.18146,NaN,NaN,NaN,0.076163,NaN,NaN,NaN,NaN,0.58058,NaN,0.79282,0.8523,0.92054,0.83634,0.70576,NaN,0.53662,NaN,NaN,0.50363,NaN,NaN,NaN,NaN,NaN,NaN,0.20769,0.34243,0.25187,0.093261,0.079539,0.057769,NaN,NaN,0.089697,0.14841,0.1669,0.33507,0.046783,NaN,0.035898,0.3125,0.12586,NaN,0.15012
NaN,0.12216,0.24113,NaN,NaN,NaN,0.17424,NaN,NaN,NaN,NaN,0.088072,NaN,0.4916,NaN,NaN,NaN,NaN,NaN,0.247,NaN,0.67222,0.81954,NaN,NaN,NaN,0.76111,0.60107,0.4862,0.53638,0.48218,NaN,NaN,0.094859,NaN,NaN,NaN,NaN,NaN,0.52614,0.52866,0.48657,NaN,0.17934,NaN,NaN,NaN,0.45583,0.46896,0.21697,0.24104,NaN,NaN,0.24854,NaN,NaN,0.36648,0.14874,0.29477,NaN
0.036873,NaN,0.017412,0.011888,0.038042,NaN,0.13366,0.11466,0.14497,0.14243,0.091876,0.086606,0.10595,0.065794,0.14605,0.15306,0.095224,0.10379,0.063223,NaN,0.17222,NaN,NaN,0.60742,0.81219,NaN,0.81931,0.56937,NaN,NaN,NaN,NaN,NaN,NaN,0.21857,NaN,NaN,0.024748,0.1556,0.25436,0.30388,0.36447,NaN,NaN,0.15667,0.16155,NaN,0.09973,0.13932,0.12121,NaN,NaN,0.051948,NaN,0.10431,0.082051,0.065341,0.075515,NaN,0.066974
NaN,0.14874,NaN,0.13077,0.025361,0.33647,0.38745,0.2355,0.27691,NaN,NaN,0.37749,0.20066,0,0.064399,NaN,NaN,0.23584,0.24553,NaN,0.54522,NaN,NaN,NaN,0.92234,1,NaN,0.82472,0.69886,NaN,NaN,0.51191,0.22125,NaN,0.056561,0.028629,0.1335,NaN,NaN,NaN,0.015286,0.16007,NaN,0.19943,0.18752,0.13508,0.22782,NaN,0.24684,0.29212,NaN,0.11127,0.10649,0.33918,NaN,NaN,NaN,0.17391,NaN,0.096998
0.15929,0.14788,0.0049275,NaN,0.068983,0.20371,0.46131,0.28578,NaN,0.033462,NaN,0.16794,NaN,0.38826,NaN,NaN,0.74314,0.76727,0.75889,0.85306,NaN,0.88478,0.79411,NaN,0.9043,NaN,0.87877,0.63977,NaN,0.19282,0.27357,0.2113,NaN,0.13959,0.083257,NaN,NaN,0.10294,0.1012,0.14564,0.087435,NaN,0.098538,0.17792,0.11814,0.089687,0.15284,0.1782,NaN,0.37939,0.15339,0.1398,NaN,0.035087,0.10431,0.17436,0.15057,NaN,NaN,NaN
NaN,NaN,NaN,NaN,NaN,0.71701,0.68236,0.36538,0.0579,NaN,0.20559,0.42849,NaN,0.19501,0.20062,NaN,0.14993,0.21268,NaN,0.1235,NaN,0.64952,NaN,NaN,0.80318,0.61681,0.46581,0.52275,NaN,NaN,0.50343,NaN,0.38675,0.17954,0,NaN,NaN,NaN,0.17531,NaN,NaN,0.5381,0.41097,0.10397,NaN,NaN,NaN,NaN,0.74407,0.25576,0.35956,0.62197,NaN,0.81871,NaN,0.40256,0.49432,NaN,NaN,NaN
NaN,NaN,NaN,0.32406,0.26959,NaN,0.5625,NaN,0.43196,0.51795,0.39033,NaN,NaN,0.52841,0.61922,0.72206,NaN,0.67668,NaN,0.34942,0.53678,0.749,NaN,1,0.87316,0.6797,NaN,0.48683,0.38535,0.4094,0.39128,NaN,0.099338,0.020032,0.3451,0.68216,0.73529,NaN,NaN,0.31699,0.4176,NaN,0.30777,NaN,0.32528,NaN,NaN,NaN,0.5159,NaN,0.22211,NaN,0.17143,NaN,0.35828,NaN,NaN,NaN,0.30028,0.14319
NaN,0.38405,0.26873,NaN,0.024854,0.04703,0.14502,0.44146,NaN,NaN,NaN,NaN,0.40536,0.17304,0.27445,0.36383,0.2236,0.22151,0.29434,NaN,0.63396,0.84194,NaN,NaN,0.6583,NaN,NaN,0.32524,NaN,0.38021,NaN,0.085149,0.40523,0.67207,0.60847,0.43276,NaN,0.33877,NaN,NaN,0.30156,NaN,NaN,NaN,0.2114,0.018925,0.21079,NaN,0.53963,NaN,0.20717,0.23966,0.4987,0.5848,0.30612,NaN,NaN,0.36384,NaN,NaN
0.11947,0.12602,0.089685,NaN,0.14278,NaN,0.17722,0.12745,0.081297,NaN,NaN,NaN,0.63006,0.50686,0.62965,NaN,0.49777,NaN,0.22617,NaN,0.45879,NaN,0.72332,NaN,1,NaN,NaN,NaN,0.86151,0.63694,0.46736,NaN,0.29959,0.30355,0.27135,NaN,0.048436,0.022876,NaN,0.053268,0.13549,NaN,0.21247,NaN,0.15738,0.26289,0.26566,0.1174,NaN,0.32727,NaN,NaN,0.3039,NaN,0.15646,NaN,NaN,NaN,0.0854,NaN
0.14897,0.06258,NaN,NaN,0.10576,NaN,0.20022,0.17795,NaN,0.28557,0.29122,NaN,0.21031,NaN,NaN,NaN,0.26785,0.34639,0.40133,NaN,0.48524,0.64227,NaN,0.8454,NaN,NaN,NaN,0.66848,0.53003,NaN,0.56338,0.60043,0.50121,NaN,0.31779,0.22692,0.12027,NaN,0.24489,NaN,NaN,0.4978,0.48403,NaN,NaN,0.24547,0.30587,0.40162,0.38819,0.26909,0.20418,0.16405,0.16104,0.002924,NaN,NaN,0.073864,0.043478,0.057851,0.060046
0.056047,0.088727,0.062746,NaN,0.14963,0.18624,0.25352,0.18015,0.098919,NaN,NaN,NaN,0.017993,0.16325,0.29471,NaN,0.094809,NaN,0.12276,0.15357,0.1895,NaN,NaN,NaN,NaN,NaN,0.68999,NaN,NaN,0.61511,NaN,NaN,0.51234,NaN,0.85404,0.66915,0.3384,0.28772,NaN,0.27026,NaN,0.43199,0.56666,0.31693,NaN,NaN,0.14433,NaN,0.18526,0.18788,0.2988,0.14836,NaN,0.26901,NaN,NaN,NaN,NaN,NaN,NaN
NaN,0.1916,0.086071,0.027579,0.080396,0.23865,0.31602,0.39206,0.30061,0.41842,NaN,NaN,NaN,0.81726,1,NaN,0.94902,NaN,0.70903,0.47795,NaN,0.38503,0.56448,0.26975,0.18473,0.53541,NaN,0.35673,0.33147,NaN,NaN,0.49135,0.29634,0.21049,NaN,0.27984,0.37787,NaN,NaN,0.3463,0.2718,0.31673,0.093496,0.15949,0.16946,0.14934,0.11282,NaN,NaN,0.098182,0.10359,NaN,NaN,NaN,0.015873,NaN,NaN,0.05492,0.13774,NaN
0.12094,0.055722,0.12911,NaN,NaN,0.18973,NaN,0.75193,NaN,0.83684,0.84574,0.62588,0.50511,NaN,NaN,0.02646,NaN,NaN,0.67915,NaN,0.84718,0.86883,0.85175,0.91814,NaN,NaN,0.8628,0.83646,NaN,0.33461,0.3273,0.47574,NaN,NaN,0.55671,0.51492,NaN,NaN,0.35747,NaN,NaN,NaN,0.24247,0.29206,NaN,0.16607,0.15991,0.25457,0.1792,0.26545,0.085657,NaN,0.14286,0.51754,NaN,0.31282,NaN,NaN,NaN,NaN
0.10988,0.26618,0.23752,NaN,0.0421,0.25423,0.35308,NaN,0.21427,NaN,NaN,NaN,NaN,0.078993,0.19551,0.31264,0.35219,NaN,0.33516,0.30522,0.53689,0.51242,0.51987,0.68794,0.62623,NaN,0.84232,0.79673,0.65128,0.8499,0.67281,0.55774,0.27733,0.37636,NaN,NaN,0.32451,0.40075,NaN,NaN,0.49415,NaN,0.32251,0.41252,0.32201,0.15716,0.086201,NaN,NaN,0.20727,NaN,0.35663,NaN,NaN,0.41043,NaN,NaN,0.20824,NaN,NaN
0.085545,NaN,0.10315,0.004755,0.16586,NaN,0.43101,NaN,0.37539,0.44044,NaN,NaN,0.41327,0.17046,0.13582,0.19947,0.24961,0.43647,NaN,NaN,0.79026,0.78775,NaN,NaN,0.98617,0.94206,0.94474,NaN,NaN,NaN,NaN,0.27162,NaN,0.20965,NaN,0.12571,NaN,0.024436,NaN,0.1463,0.056283,0.12198,NaN,0.24684,0.29642,NaN,0.35567,NaN,0.31954,NaN,0.13645,NaN,0.18442,0.064327,0.070295,0.17179,NaN,0.01373,0.038567,0.18245
0.074484,0.31633,NaN,0.039705,NaN,0.11905,NaN,0.22359,NaN,NaN,0.40862,NaN,0.35598,NaN,NaN,NaN,0.20195,0.34701,0.60267,NaN,0.78225,0.80012,NaN,0.91528,NaN,0.95176,NaN,NaN,0.86648,NaN,NaN,0.31881,NaN,0.23328,NaN,0.11895,0.037394,0.033066,NaN,0.14793,0.009033,0.050428,0.19087,0.22443,0.22107,0.22641,0.21387,NaN,NaN,NaN,0.2012,0.18973,NaN,NaN,NaN,0.05641,NaN,NaN,0.15427,0.066974
0.023599,0.022718,NaN,NaN,NaN,NaN,NaN,NaN,0.42159,NaN,0.42195,NaN,0.30474,0.10106,0.20774,0.22786,NaN,NaN,0.077215,0.026327,NaN,0.31408,0.49857,0.66602,NaN,0.88303,0.93644,0.94782,NaN,0.90956,0.90965,0.86295,0.70388,NaN,0.6366,0.68538,0.644,0.47343,0.39774,0.44913,0.48477,NaN,NaN,0.63399,NaN,0.43829,0.40583,0.54088,NaN,0.30424,0.12849,NaN,0.31429,0.17251,0.07483,NaN,NaN,0.09611,0.002755,0.053118
0.091446,NaN,0.02431,0.011888,NaN,0.0091375,0.16937,0.19824,0.10529,0.12899,NaN,NaN,NaN,NaN,0.14876,0.12559,NaN,0.16083,0.26268,NaN,0.34623,0.55608,0.73328,0.87266,NaN,0.72585,NaN,0.69566,NaN,NaN,0.1879,NaN,0.23049,0.28564,0.17991,0.22258,NaN,0.25871,0.26882,0.29292,0.26891,0.25104,NaN,0.23048,0.26301,NaN,0.16262,NaN,0.22463,0.13333,0.023904,NaN,NaN,0.30117,NaN,0.046154,0.0625,0.12815,NaN,0.096998
NaN,0.057866,0.096583,0.075369,0.17753,0.18409,NaN,NaN,0.25204,0.30488,0.3037,0.42468,0.43501,0.27266,0.22249,0.22237,0.18589,0.26639,0.46329,0.58551,0.73978,NaN,0.72788,0.86405,0.9291,NaN,NaN,NaN,0.87033,0.66571,0.48163,0.32307,NaN,NaN,NaN,NaN,0.044281,0.054487,NaN,0.13758,NaN,NaN,0.31941,NaN,0.38513,0.31308,0.32923,0.3549,NaN,0.26545,NaN,NaN,NaN,NaN,NaN,0.058974,NaN,0.032037,0.063361,NaN
NaN,0.076725,0.013469,NaN,0.048947,0.095673,0.11824,0.000441,0.051829,0.075361,NaN,0.19974,0.19534,0.2573,0.21517,NaN,NaN,NaN,NaN,NaN,NaN,NaN,NaN,0.49042,NaN,0.62231,0.64618,0.72427,NaN,NaN,NaN,NaN,0.61231,0.63582,NaN,NaN,NaN,NaN,NaN,0.14728,0.2154,0.17009,0.19268,NaN,0.16264,NaN,0.066099,0.045523,NaN,NaN,NaN,NaN,0.15325,0.34795,NaN,0.12821,NaN,NaN,NaN,0.04388
NaN,NaN,NaN,0.28816,NaN,NaN,NaN,NaN,NaN,NaN,NaN,NaN,NaN,NaN,NaN,0.3217,0.25189,0.27013,NaN,NaN,0.29005,NaN,0.31366,NaN,0.51107,0.39145,NaN,0.51863,0.3818,0.30287,0.39335,0.47574,0.53586,NaN,0.62719,0.75433,NaN,NaN,0.52794,0.59967,0.71199,NaN,NaN,0.36125,0.28177,0.33434,NaN,0.51093,NaN,0.28848,NaN,0.10414,0.32208,NaN,NaN,0.29487,0.54261,0.3135,NaN,1
0.21608,0.14273,0.061433,NaN,NaN,0.44289,NaN,0.28622,NaN,0.38353,NaN,NaN,NaN,NaN,0.49694,NaN,0.72542,0.81849,NaN,0.96329,NaN,0.8678,0.62605,0.58744,NaN,NaN,NaN,0.40253,0.28876,NaN,0.21319,NaN,NaN,0.71553,0.72364,0.6998,0.55948,0.10793,0.46036,NaN,0.46497,0.3812,0.30738,0.36176,0.19534,0.15579,0.18725,0.20605,0.21302,0.14182,0.069721,NaN,0.31688,NaN,NaN,0.12051,0.073864,NaN,0.15152,0.032332
0.081859,NaN,NaN,NaN,0.25488,NaN,NaN,NaN,NaN,NaN,NaN,NaN,0.44839,NaN,NaN,0.97588,1,0.92655,0.6013,0.42059,NaN,0.49208,0.69079,0.83813,NaN,0.74557,NaN,0.6092,NaN,0.21114,0.63401,NaN,NaN,0.44314,0.84954,0.71573,0.48655,0.5691,NaN,0.29946,NaN,0.13565,0.35394,NaN,NaN,NaN,NaN,0.10332,0.086825,NaN,NaN,NaN,0.11169,0.55263,0.27211,NaN,0.096591,NaN,0.31129,NaN
NaN,0.23232,0.27168,0.062054,NaN,0.22037,0.26894,0.12304,NaN,0.38968,NaN,NaN,NaN,0.36382,0.56124,0.42886,NaN,NaN,0.65033,0.936,0.7715,NaN,0.66186,0.91538,NaN,0.80394,0.8815,NaN,NaN,NaN,0.091117,NaN,NaN,0.40212,0.35215,0.097782,0.171,0.36883,NaN,0.2646,0.091604,NaN,0.24298,0.18513,NaN,0.32364,0.20373,0.07607,0.14387,NaN,0.051793,0.10414,0.2987,0.10234,0.26077,0.23846,0.23295,0.10069,0.12948,NaN
NaN,0.12473,0.03318,0.005706,0.044129,0.040581,0.066559,0.016538,0.061306,0.10882,NaN,0.12427,NaN,NaN,0.057177,0.075717,0.099886,NaN,0.33305,0.49369,NaN,0.60955,0.56289,NaN,NaN,NaN,NaN,1,NaN,0.51433,0.31248,NaN,NaN,0.4194,0.64979,NaN,NaN,0.73932,NaN,0.50065,0.23104,0.20122,0.35277,NaN,0.58644,NaN,NaN,NaN,0.46542,0.33455,NaN,0.10414,0.090909,NaN,0.068027,NaN,0.18182,NaN,0.1157,0.062356
0.062684,NaN,0.05749,0.074418,0.088512,0.026606,0.076028,NaN,0.26966,0.36537,NaN,0.44637,0.32359,NaN,NaN,NaN,0.66791,0.69361,0.78603,0.93589,0.98493,NaN,NaN,0.63057,0.69703,0.6558,0.37819,0.15716,0.19481,0.35198,0.36065,0.184,0.18377,0.33164,NaN,NaN,NaN,NaN,0.24794,NaN,NaN,0.23565,0.10798,0.11698,0.19619,0.26714,0.2193,0.25247,0.29732,NaN,NaN,NaN,NaN,NaN,NaN,NaN,0.32386,0.038901,0.24793,0.12009
NaN,0.027004,0.086728,0.12482,0.21506,0.31309,0.41775,NaN,NaN,0.29401,NaN,NaN,0.37397,0.35939,NaN,0.65439,NaN,0.74358,NaN,0.84942,0.95942,0.98344,0.86277,0.63149,NaN,0.49279,0.67791,0.84428,0.81869,0.56983,0.26899,0.26443,0.25286,NaN,0.12509,0.088205,NaN,0.047104,0.055134,NaN,NaN,0.26483,NaN,0.22172,NaN,0.24506,NaN,0.1192,NaN,NaN,NaN,0.064194,0.062337,0.02924,0.015873,0.064103,0.048295,NaN,0.068871,0.10624
NaN,0.0090015,0.02431,0.0007135,0.089525,NaN,0.31088,NaN,NaN,NaN,0.30951,0.38746,NaN,0.044859,0.11666,0.26929,0.4012,NaN,NaN,0.58829,NaN,0.78254,0.89128,0.98238,1,NaN,NaN,0.28324,NaN,NaN,NaN,0.50708,NaN,0.60933,0.51396,NaN,NaN,NaN,0.15887,0.34129,0.25651,NaN,NaN,0.29928,0.2451,NaN,0.21279,0.25996,0.19788,NaN,0.091633,NaN,NaN,0.2076,0.063492,NaN,NaN,NaN,0.030303,0.071593
0.12758,0.15602,0.30815,NaN,NaN,NaN,NaN,NaN,0.26625,NaN,0.2623,0.1886,0.25781,0.47138,NaN,0.77804,0.78303,NaN,NaN,0.2302,0.48862,NaN,0.85122,1,0.84191,0.64721,0.68179,NaN,NaN,NaN,NaN,NaN,NaN,0.039851,NaN,NaN,0.76186,NaN,0.022981,0.28028,NaN,0.46618,0.31553,0.25767,0.32798,NaN,0.35494,NaN,0.68955,0.48242,0.14243,0.12126,0.072728,0.30117,NaN,NaN,0.24716,0.12357,NaN,NaN
NaN,0.35319,NaN,NaN,0.14405,0.32948,0.25839,0.38192,0.16644,NaN,NaN,NaN,NaN,0.27885,0.38038,0.30195,NaN,NaN,0.28656,NaN,NaN,NaN,0.32288,0.2384,0.39611,0.40423,0.44553,NaN,NaN,NaN,NaN,NaN,0.46477,0.60943,NaN,0.39657,0.091516,NaN,0.28842,0.13475,0.54997,0.9685,0.97207,NaN,0.83281,NaN,NaN,1,NaN,NaN,NaN,NaN,NaN,0.87427,NaN,NaN,0.49432,0.48284,NaN,0.23095
0.18363,0.027861,0.10742,0.17475,NaN,0.18302,0.37446,0.24719,0.055975,0.11898,NaN,0.088511,0.076724,NaN,0.26101,NaN,NaN,0.65829,0.7814,0.82673,0.8692,0.94091,1,0.99293,NaN,0.85098,NaN,0.56783,0.48904,0.4552,0.39204,NaN,0.13557,0.23953,0.33702,0.37117,NaN,0.20048,0.29486,NaN,0.39155,NaN,0.4217,0.2529,0.12283,0.23149,0.36056,NaN,0.31701,NaN,NaN,0.29387,0.66753,0.4883,NaN,0.1641,NaN,0.16934,NaN,0.13857
NaN,NaN,NaN,0.0061815,NaN,NaN,NaN,NaN,0.11388,0.095238,0.005388,0.26729,0.24816,0.081674,NaN,NaN,NaN,0.075844,NaN,0.054474,0.18044,NaN,NaN,0.21975,0.068033,NaN,NaN,0.84119,0.84446,0.75274,0.82539,NaN,0.63719,NaN,NaN,0.93427,0.72261,NaN,0.57991,0.71307,0.61274,NaN,0.4764,NaN,0.21496,0.069665,0.1686,0.2941,0.26451,0.22788,0.099602,0.042796,NaN,NaN,NaN,0.23846,NaN,0.17849,0.23416,0.20554
0.062684,NaN,0.045992,0.10247,NaN,NaN,0.43128,NaN,NaN,0.41141,NaN,NaN,0.54225,0.5082,NaN,0.84531,1,NaN,NaN,0.78703,NaN,NaN,NaN,0.60117,0.70891,NaN,NaN,0.46562,0.62368,0.6966,0.60196,0.43035,0.38108,0.40064,0.15414,NaN,NaN,0.099407,0.12777,NaN,0.18622,0.24396,0.16449,0.14545,0.27666,0.30102,0.34951,0.44864,0.39021,NaN,0.12151,0.17404,0.17662,NaN,0.15646,0.14359,NaN,NaN,0.14325,0.030023
0.15708,0.36305,0.32359,0.087969,NaN,NaN,NaN,0.45447,0.47683,NaN,0.43116,NaN,0.55218,0.45973,0.51811,0.65245,NaN,NaN,0.82579,NaN,0.7891,0.85042,0.96206,1,NaN,NaN,0.9023,0.70193,NaN,NaN,0.32905,0.2295,0.12822,NaN,NaN,0.22692,NaN,NaN,NaN,0.19858,NaN,0.33321,0.03983,0.15949,0.26358,NaN,NaN,0.21803,0.12216,0.23152,NaN,0.23395,0.48312,NaN,0.30385,NaN,0.32102,0.20595,NaN,0.069284
NaN,NaN,0.27201,NaN,0.28303,NaN,0.57441,NaN,NaN,NaN,0.65632,NaN,NaN,0.77591,0.74561,0.94464,1,NaN,NaN,NaN,NaN,0.39188,0.35965,NaN,NaN,0.25102,0.2931,NaN,NaN,0.15074,NaN,NaN,0.15825,0.22565,0.11077,0.41351,0.38093,0.070084,0.15486,NaN,0.15217,0.064347,NaN,0.20974,0.088286,0.027838,0.095979,NaN,NaN,0.073939,NaN,NaN,0.21818,0.11111,0.19955,0.47949,0.3892,0.10526,0.1405,NaN
0.14307,0.079297,NaN,NaN,0.16003,NaN,0.38014,NaN,NaN,0.54354,NaN,NaN,0.5411,NaN,NaN,NaN,0.20464,0.10452,0.31096,0.40368,0.46142,NaN,NaN,0.47382,NaN,0.69776,0.64534,0.76215,NaN,0.84841,0.95815,0.74197,NaN,0.33884,0.121,NaN,0.1183,NaN,NaN,NaN,NaN,0.61306,0.71279,NaN,1,NaN,0.73687,0.82689,0.7996,NaN,0.053785,0.099857,0.50909,0.27485,0.07483,0.069231,0.16761,NaN,0.19008,NaN
0.23599,NaN,0.22372,NaN,0.071265,0.28971,NaN,0.34223,NaN,NaN,0.74351,NaN,0.98431,NaN,0.73588,0.7357,NaN,0.94369,NaN,NaN,0.55312,NaN,0,NaN,0.23709,0.43408,0.47757,0.42384,0.27425,0.12613,0.33548,NaN,NaN,0.30737,0.34929,0.067943,0.16215,NaN,0.15222,0.16078,NaN,NaN,0.14044,0.10461,NaN,0.066785,0.0795,0.1755,0.18677,NaN,NaN,NaN,0.58961,0.24269,0.34694,0.48462,NaN,NaN,0.34435,NaN
0.16519,0.07844,0.14816,0.090822,0.14963,NaN,0.36445,NaN,0.19384,0.18061,0.092017,0.0033705,NaN,0.26586,0.57298,NaN,NaN,NaN,NaN,0.8979,NaN,NaN,0.98644,0.97552,0.89846,0.9696,NaN,0.75638,NaN,NaN,0.46267,0.40474,0.30495,NaN,0.20446,NaN,NaN,0.15649,NaN,0.10294,0.03868,0.029792,0.11548,NaN,NaN,0.053621,NaN,0.14046,0.10146,0.11515,0.15438,NaN,NaN,0.20468,NaN,0.18974,0.11932,NaN,NaN,0.041571
0.16445,NaN,NaN,0.081074,0.18286,NaN,NaN,0.23991,NaN,0.27671,NaN,NaN,NaN,NaN,NaN,NaN,0.14838,0.25735,0.4778,0.58968,0.74874,0.8083,0.76613,0.87583,0.87838,0.94162,1,NaN,0.84233,NaN,0.41635,NaN,0.25118,0.19131,NaN,0.019254,0.025039,NaN,0.073898,0.10512,0,0.13932,0.26652,NaN,0.26699,0.28072,0.31076,NaN,0.24079,NaN,NaN,NaN,NaN,0.21637,0.072562,NaN,0.071022,0.022884,NaN,0.12471
0.23673,0.12345,0.15145,0.11436,0.18438,NaN,0.29843,0.25865,0.17178,0.10425,0.0096415,NaN,0.21894,NaN,0.45852,0.61704,NaN,NaN,NaN,0.81389,1,NaN,NaN,NaN,NaN,0.89933,NaN,NaN,0.33787,NaN,NaN,NaN,NaN,0.27928,0.15536,0.047278,0.091953,NaN,0.051023,NaN,0.10469,NaN,0.048882,0.16336,0.15994,NaN,0.17186,NaN,0.13074,NaN,0.032869,NaN,0.27532,0.064327,NaN,0.42308,NaN,0.02746,0.18733,NaN
0.081121,0.06258,NaN,0.027817,0.074816,NaN,0.22727,0.1237,NaN,0.17003,NaN,0.038687,NaN,NaN,0.07724,0.059027,NaN,NaN,0.28393,0.41856,NaN,0.70361,NaN,NaN,0.9042,0.97819,NaN,NaN,0.75477,0.6395,NaN,0.53067,0.45143,0.50684,0.50875,NaN,NaN,0.32463,0.15539,NaN,0.1861,0.12027,0.071124,0.063385,0.088427,0.069254,0.04473,0.065588,NaN,NaN,0.018925,0.047075,0.17922,0.05848,NaN,0.11282,NaN,0.086956,NaN,0.12009
NaN,NaN,0.35611,0.2437,0.23003,0.58533,NaN,NaN,0.81786,0.86958,NaN,1,NaN,0.52047,NaN,0.68889,0.66418,0.74556,0.88733,0.8522,NaN,NaN,NaN,NaN,NaN,NaN,NaN,0.84901,NaN,0.8417,NaN,0.52134,0.14544,0.26465,0.41004,0.29869,NaN,0.66268,NaN,0.50131,NaN,0.30904,NaN,0.28627,NaN,0.024136,NaN,0.22282,NaN,NaN,NaN,NaN,0.41818,0.24854,0.39456,0.61538,NaN,NaN,NaN,NaN
NaN,NaN,NaN,0.074655,0.099163,0.17979,0.19968,NaN,0.33733,NaN,0.3658,0.57049,0.49849,0.17645,0.28177,NaN,NaN,NaN,0.58826,NaN,NaN,NaN,0.16096,0.14824,NaN,NaN,0.26295,0.44988,NaN,NaN,0.81461,NaN,NaN,0.7133,0.73816,0.81542,NaN,1,0.88362,0.75643,0.74615,0.71331,0.59718,0.46882,0.21211,0.16676,0.23651,0.35879,NaN,NaN,NaN,0.18973,0.48052,0.096491,0.068027,NaN,0.059659,0.36384,0.29752,0.16859
