0.0338067203132462,-0.00487839266069143,0.0157783180296226,0.00916140197814685,0.00453619317164887,0.0249376366928733,-0.0191328034542317,-0.0104798885043375,0.0163490890583653,0.00503692154826206,0.0205437993410364,0.00659826641520713,0.0262962982560395
-0.00487839266069143,0.258553945334762,-0.119163855164346,-0.0517961072182671,-0.00568541848710111,0.0495282831532411,3.86486383135188e-05,-0.0420918466511496,-0.00707580368475415,-0.00891152321322052,0.0668164441097011,0.00603033300113661,0.0530757938688155
0.0157783180296226,-0.119163855164346,0.156088496468822,0.033811516144113,0.0104296733185327,0.0148425507506866,0.00999620553365436,-0.00344676230772899,0.0650077530095077,0.0314297254003863,0.0302740230464051,0.016779696099091,0.0811213968721357
0.00916140197814685,-0.0517961072182671,0.033811516144113,0.0206253444691051,0.00122887144964314,0.00031979092871836,-0.0401546102959663,-0.00324223549555029,0.00839633253073814,-0.00179651802661028,-0.00567430737227534,0.00186383989884725,0.0261230314145394
0.00453619317164887,-0.00568541848710111,0.0104296733185327,0.00122887144964314,0.0123828277879798,0.00187411715039691,-0.000846973520039896,0.00563960919715853,0.0434256476509212,-0.00468596178710864,-0.00755998578570319,-0.00592338158800987,0.0123181441371332
0.0249376366928733,0.0495282831532411,0.0148425507506866,0.00031979092871836,0.00187411715039691,0.109247594766477,-0.0304503418103993,-0.0423682180636419,0.0137792408549064,0.00254891685118209,0.00956078652663212,0.00457664617096028,0.0495264780935068
-0.0191328034542317,3.86486383135188e-05,0.00999620553365436,-0.0401546102959663,-0.000846973520039896,-0.0304503418103993,0.255946458133305,0.0502076681721442,-0.0776179427842011,0.0222598423475409,-0.0193846064017322,-0.0565385783194048,-0.0586467908610615
-0.0104798885043375,-0.0420918466511496,-0.00344676230772899,-0.00324223549555029,0.00563960919715853,-0.0423682180636419,0.0502076681721442,0.0312791443842377,-0.00352094079371721,-0.00449352822863361,-0.0313376719807362,-0.019851689585213,-0.0418630813699846
0.0163490890583653,-0.00707580368475415,0.0650077530095077,0.00839633253073814,0.0434256476509212,0.0137792408549064,-0.0776179427842011,-0.00352094079371721,0.230726742080177,0.00636894385305417,0.0356176844011138,0.0472803035574423,0.0408876089502233
0.00503692154826206,-0.00891152321322052,0.0314297254003863,-0.00179651802661028,-0.00468596178710864,0.00254891685118209,0.0222598423475409,-0.00449352822863361,0.00636894385305417,0.0241849601446444,0.0376010677855526,0.0268719406631887,-0.0107338774321426
0.0205437993410364,0.0668164441097011,0.0302740230464051,-0.00567430737227534,-0.00755998578570319,0.00956078652663212,-0.0193846064017322,-0.0313376719807362,0.0356176844011138,0.0376010677855526,0.113733908067783,0.0618375649334947,0.0477469110596452
0.00659826641520713,0.00603033300113661,0.016779696099091,0.00186383989884725,-0.00592338158800987,0.00457664617096028,-0.0565385783194048,-0.019851689585213,0.0472803035574423,0.0268719406631887,0.0618375649334947,0.067963559961456,-0.0297964434680037
0.0262962982560395,0.0530757938688155,0.0811213968721357,0.0261230314145394,0.0123181441371332,0.0495264780935068,-0.0586467908610615,-0.0418630813699846,0.0408876089502233,-0.0107338774321426,0.0477469110596452,-0.0297964434680037,0.249787460840368
