0.16767838372093
0.131864468085106
53.0725172201779
46.9358413678545
93.7885941251906
61.8615640605025
0.296008377777778
98.9872276804859
0.217653109375
78.808550486572
70.7645210388665
0.27596325
0.370436581395349
0.333807585365854
0.348453804878049
130.654210649538
0.423519588235294
0.49008852631579
118.605705512335
92.8155323729787
0.608568421052632
164.44297577542
0.616268975609756
115.193906609582
124.954881111179
0.680091551020408
158.074860738948
113.20868734541
117.687840589508
0.557626458333333
0.487086711538462
0.342605096774193
0.4594340625
0.3764976875
153.139826325663
0.394122444444444
119.714668980438
0.340492127906977
99.7676160287132
99.2327998606961
0.294129135135135
68.4813518366619
80.8377798638142
54.1954607876988
0.254827454545455
106.3911062575
0.190464093023256
0.2038538
0.219490486486486
65.614632735039
44.7655595624781
0.144643657894737
80.2289060878566
0.311489117647059
0.183769872340426
47.8903397589068
0.16782675
0.181573804347826
78.6361053778633
0.129587066666667
