0.860832964627529,0.290921338681527,NaN,0.0346251588310038,0.0118577075098814,0.0414258188824663,0.0326902465166131,0.0414191684058436,0.136388533868906,0.108463434675431,0.183936825885978,NaN,0.0690711386783061,0.184041597124149,0.0176655950599994,NaN,NaN,0.214935101152961,NaN,0.373680549458713,0.361191137557899,NaN
0.313403814358568,NaN,NaN,NaN,NaN,0.0428709055876686,0.0594855305466238,NaN,NaN,NaN,0.061055469953775,0.0431478968792402,NaN,NaN,NaN,0.680078029748842,NaN,0.334505948064986,0.474578069999872,NaN,0.348000416394557,0.393618431408286
0.866805998649372,0.296357308347878,NaN,NaN,NaN,NaN,NaN,0.0486434419650024,0.0728501004199379,NaN,NaN,0.0616010854816825,0.0317022742935906,NaN,0.0214851831810803,0.580955864423312,0.113145473084434,NaN,0.118322104707814,0.207946981106166,0.441997038972039,0.104577613560108
NaN,NaN,0.251822170023144,NaN,0.130434782608696,0.0703275529865125,0.0535905680600214,0.070155723230053,0.00721197735986855,0.0106820049301561,NaN,0,0.00704494984302013,NaN,NaN,0.74782573356092,0.46892186074511,0.500007967937022,0.194354029043458,NaN,0.402704251317248,0.14149345108403
NaN,NaN,0.248471449791012,NaN,0.0909090909090909,0.0443159922928709,0.0573419078242229,0.0443088778295071,NaN,NaN,0.0687596302003082,NaN,0.0317022742935906,0.0688149955064835,0.0106948467390266,0.713809639925222,0.348641213679561,0.744894544353521,0.361276799857095,0.431462859535499,NaN,0.288980755051488
0.639120462007778,0.267315798605795,0.627551901620091,NaN,0.525691699604743,NaN,NaN,0.722587895328303,0.705678291035238,NaN,0.737480739599384,0.676526458616011,NaN,0.737386057260239,NaN,NaN,0.764368929093917,0.71777965466961,0.926644648761253,0.787787105009016,0.783293325052894,NaN
NaN,0.0794533410902559,NaN,1,1,NaN,0.766345123258307,1,0.750775972247581,0.66228430566968,NaN,0.572727272727273,NaN,NaN,1,0.0173128505242624,0.967679388493657,NaN,NaN,0.57225602686963,NaN,NaN
NaN,0.978074446043459,0.165636118691492,0.0314485387547649,0.0513833992094862,0.0226396917148362,0.030010718113612,NaN,0.0315866350191711,0.0262941659819228,NaN,0.0297150610583446,0.0325446052530822,NaN,NaN,0.673900674632204,NaN,0.356971546496897,0.290359726434125,NaN,0.324216546523194,NaN
0.289989055259297,NaN,0.0900318951719691,0.119440914866582,0.130434782608696,0.108863198458574,0.12593783494105,NaN,NaN,0.132292522596549,NaN,NaN,NaN,NaN,NaN,0.395716491912542,0.855471894461024,0.653223428922018,0.438375267336388,0.182097118763493,NaN,NaN
NaN,NaN,0.151565396617039,0.18710292249047,0.130434782608696,NaN,0.180064308681672,0.173543104832236,0.52683951068103,0.399342645850452,NaN,0.465807327001357,0.286775403935983,NaN,0.13282617691059,0.292896041615866,0.816121106628619,0.365182505597476,0.461882066255128,NaN,0.552455037395434,NaN
NaN,NaN,NaN,0.00381194409148665,NaN,0.0120423892100193,NaN,NaN,0,NaN,0.00269645608628659,0.00488466757123474,NaN,NaN,0.000222809307063055,0.985247500609608,0.261245832176415,NaN,NaN,0.387795209119826,0.0539720303861258,0.0240292609376424
0.608277251240016,NaN,NaN,NaN,0.604743083003953,0.834296724470135,1,0.834323326376626,1,1,1,NaN,1,1,0.689053697043002,NaN,NaN,NaN,1,1,NaN,1
0.165003609435764,NaN,NaN,0.263341804320203,0.328063241106719,0.209055876685935,0.32475884244373,0.208861775565901,0.414277889355487,0.354971240755957,NaN,0.466078697421981,0.233785129029788,NaN,0.0409969124996021,0.495935950581159,0.416255036970841,0.975885038604655,0.695627498552239,0.738088645465412,0.436977171257387,0.671949431267449
NaN,NaN,NaN,0.0638500635324015,NaN,NaN,0.0562700964630225,NaN,0.211612196457915,NaN,0.2615562403698,0.18168249660787,NaN,0.26158685325459,0.0303338956615845,NaN,0.444991728518063,NaN,NaN,0.392270479200575,0.409748704105401,0.249316526796292
NaN,NaN,NaN,0.0756035578144854,0.0513833992094862,NaN,NaN,0.0730454326537165,NaN,0.202136400986031,NaN,NaN,NaN,NaN,0.0864818410414744,0.314354222547346,0.762992293172119,NaN,NaN,0.697018812792789,0.745136725110193,0.322856172384369
0.166185408564842,NaN,0.245702211935933,0.196950444726811,0.24901185770751,0.128131021194605,NaN,0.128270990528175,NaN,0.147904683648316,0.180855161787365,NaN,NaN,0.180960328668635,0.0229493586274947,0.575550678696253,NaN,NaN,0.630674135180682,NaN,0.179603517644275,NaN
0.147765642828866,NaN,0.18099070779647,NaN,0.0909090909090909,NaN,0.0594855305466238,0.0497672178519827,0.0472886616761001,0.0394412489728841,0.0564329738058552,0.0454545454545455,0.03285090742017,0.05655411477725,NaN,NaN,0.288587221552052,0.766587252894353,0.365485477819103,0.418433250266197,NaN,0.27988849031125
NaN,0.204752135705319,0.43508123481525,0.0486022871664549,0.0513833992094862,NaN,0.0546623794212219,0.0455931931289131,NaN,NaN,0.311633281972265,NaN,0.158128493759093,0.311657465656695,0.0982270745137983,NaN,0.798318170894183,0.54945698509199,0.288931762754086,0.741703979343522,NaN,0.207268426851798
0.686922199194281,0.253549302387295,0.152820477391274,0.103875476493011,NaN,0.11271676300578,0.082529474812433,NaN,0.105075771407705,NaN,NaN,NaN,NaN,0.125561689562203,0.0312887926918547,0.545517353491019,NaN,0.561098141080293,0.223337822613933,0.394911068639567,0.673894997393085,NaN
NaN,0.151974442981516,0.00157748684468088,NaN,0.24901185770751,0.224470134874759,0.206859592711683,0.224273559158774,NaN,NaN,NaN,NaN,0.231028409525997,0.44184105790217,0.10491135372569,NaN,0.669019391900248,NaN,NaN,0.492050092409375,NaN,0.410999362091676
0.633065924597722,NaN,0.728747106981243,0.0384371029224905,0.0118577075098814,NaN,0.0407288317256163,NaN,NaN,NaN,0.0208012326656394,NaN,0.00635576996707251,0.020862755167544,0.00872139287646815,0.745102820450297,NaN,0.665661378612463,NaN,NaN,NaN,NaN
NaN,1,0.119474478105173,0.104193138500635,0.130434782608696,NaN,0.0916398713826367,0.0895809921335688,0.0644513419755341,0.0566967953985209,NaN,NaN,NaN,NaN,0.0423974281439985,0.630618548321548,0.722976520191049,0.371991107782284,0.277323817432547,NaN,0.328599811020932,0.15754264458565
NaN,NaN,0.564717261390722,0.0638500635324015,0.0513833992094862,NaN,0.067524115755627,0.0661422379194092,NaN,0.0682004930156122,NaN,0.0800542740841248,NaN,NaN,NaN,0.670974559050638,0.198013911022654,0.83401990390668,0.354110765359966,0.427935320191167,NaN,0.266511055696853
NaN,NaN,0.10642278950338,0.0927573062261753,NaN,NaN,0.0691318327974277,NaN,0.0196275333211612,0.0262941659819228,NaN,NaN,0.0294815835822038,0.0153421491847477,0.0348855715058726,NaN,0.334867854617914,NaN,NaN,0.619838413035012,0.548278190712266,0.394074080210758
0.572631162238316,NaN,0.483413359125819,0.541296060991105,0.367588932806324,NaN,NaN,NaN,NaN,NaN,NaN,0.426594301221167,0.424228501416648,NaN,0.346532132285069,0.166138340242217,NaN,0.75075496203278,0.629309451734629,NaN,NaN,0.532172947716371
NaN,NaN,NaN,0.096569250317662,NaN,NaN,0.106109324758842,NaN,0.428062808106628,0.354971240755957,0.503659476117103,0.401628222523745,0.285779921892947,NaN,NaN,NaN,NaN,NaN,NaN,0.674757270625525,0.443071390312954,NaN
0.463387513680926,0.185913020402748,0.0782525590981842,0.0870393900889454,0.0909090909090909,NaN,NaN,0.073366511478568,0.310115026474347,0.239934264585045,0.341486902927581,NaN,0.270081935829696,0.341571446912312,0.0386733297259446,NaN,0.845791110665195,0.420515844242767,0.657034691851477,NaN,0.664402891984761,NaN
0.36156649512144,0.125123243210141,NaN,0.0724269377382465,NaN,NaN,NaN,0.0666238561566865,NaN,NaN,NaN,0.136227951153324,0.109426449192128,0.166902041340352,NaN,0.59709014061611,0.223589006512188,0.737185565285292,0.308000809263792,0.398326050889314,0.374105152081884,NaN
NaN,0.0591281627320698,NaN,0.280177890724269,0.328063241106719,NaN,0.369239013933548,0.229410820356398,NaN,NaN,0.443374422187982,0.446132971506106,0.219848380427291,0.443317499037104,0.0395963968552058,0.496220434040478,0.40441596804338,NaN,NaN,0.686370911644932,0.40881937907386,NaN
0.316675593228233,0.123014585055676,0,NaN,0.209486166007905,0.193159922928709,0.17524115755627,NaN,NaN,NaN,0.272149460708783,0.181275440976934,0.170763458151466,0.272242906663243,0.0806569691568259,0.480492562789564,0.543129536773679,0.621917404364836,NaN,0.343425202433935,NaN,0.282272362000547
0.350051230701162,NaN,NaN,0.0727445997458704,0.0909090909090909,0.0645472061657033,0.0766345123258307,NaN,NaN,NaN,NaN,NaN,NaN,0.0953267428424702,NaN,0.586239128667805,NaN,NaN,NaN,0.472582217329741,NaN,NaN
0.502730363505111,NaN,0.0507271408338803,0.378653113087675,0.288537549407115,NaN,0.252947481243301,0.267940279338578,NaN,NaN,0.156587057010786,0.1078697421981,0.0725936135998162,NaN,NaN,0.383727546126961,NaN,NaN,0.212944676984238,0.342576521940754,0.558967430471896,NaN
0.130254057704399,0.0417771517805199,0.227589899478393,0.110546378653113,NaN,0.100674373795761,0.105573419078242,0.100658211590946,0.115117765199927,NaN,0.159668721109399,0.0880597014925373,NaN,0.159648221851329,0.0129547697106662,0.680972120620987,0.482858549492395,NaN,0.449722136492572,0.695152616164549,0.195209416211272,0.381264135468531
0.664898819365205,NaN,0.568194641150529,NaN,NaN,0.0154142581888247,0.0219721329046088,NaN,0.155924776337411,0.117502054231717,0.196456086286595,NaN,0.09855272226051,0.196559250224676,NaN,NaN,0.562110779525924,NaN,NaN,NaN,0.513053257575623,NaN
NaN,0.000326607264970372,0.128547906087717,NaN,0.130434782608696,NaN,NaN,0.0863702038850538,NaN,0.0961380443714051,0.158320493066256,0.104884667571235,0.063787426296041,0.158364359994865,NaN,0.560960741282614,0.746822654294054,NaN,NaN,NaN,NaN,NaN
NaN,0.71057901344193,NaN,0.122935196950445,0.0909090909090909,0.0847784200385356,NaN,0.0846042703483705,0.0703852473982107,0.0739523418241577,NaN,0.0544097693351425,0.0714449804732368,NaN,NaN,NaN,0.537046672624311,NaN,NaN,0.823557749668519,0.690699809775307,0.4934283015898
NaN,0.0602672055686539,NaN,NaN,NaN,NaN,0.102893890675241,NaN,0.0732152638305642,NaN,0.098613251155624,NaN,0.049314648901141,0.0987289767621004,0.0436069643823408,NaN,0.701092675596912,0.393632024732476,NaN,0.402103466983627,0.199559760626514,NaN
0.351960738653564,NaN,0.423238568977627,0.0447903430749682,NaN,0.0404624277456647,NaN,0.0404559319312891,0.0566003286470696,NaN,NaN,0.0523744911804613,0.0451795696454552,NaN,NaN,0.649069332683086,NaN,0.749886456897444,0.298862962675691,NaN,0.368467365521463,0.239768613253581
NaN,0.263735366463558,0.806124563888217,NaN,0.0118577075098814,0.0404624277456647,NaN,0.0406164713437149,0.0628993974803725,0.0493015612161052,0.0793528505392912,0.0729986431478969,0.0368328355923118,0.0794710489151368,0.00875322277747716,NaN,0.252687356649035,0.4785423456013,0.180558938034729,NaN,0.380538359013963,0.121544318059433
0.477580746571036,NaN,0.0809872534457149,NaN,0.0909090909090909,NaN,NaN,0.0789853909134693,0.211703487310572,0.161051766639277,0.242295839753467,0.189145183175034,0.161191515429972,0.242328925407626,NaN,NaN,0.981287084588444,0.441324111774221,0.572801649191378,0.881265772062879,0.685321380081037,0.48192731158922
NaN,0.118644171591292,NaN,0.00476493011435832,NaN,0.00385356454720617,0.00428724544480171,NaN,0.00693810480189885,NaN,0.00269645608628659,0.0016282225237449,0.0116394823493376,0.00269610989857492,0.0056657223796034,NaN,0.0165289641864665,0.466925093424061,0.154296736927614,0.311796658855204,NaN,0.100768803797626
0.481498730875812,NaN,NaN,0.0911689961880559,NaN,NaN,0.0760986066452305,0.0876545191844598,0.0923863428884426,NaN,0.0835901386748844,0.0812754409769335,NaN,NaN,0.0327847980392781,NaN,0.37811288881215,NaN,0.322077226112751,0.495260220746974,0.518898351682572,0.213044810988592
0.395326362853084,NaN,0.0825820120441696,0.167090216010165,NaN,0.161368015414258,0.162379421221865,0.161342109487879,NaN,0.114215283483977,0.160631741140216,0.115332428765265,0.07665211731373,0.1606753113365,0.0622274564726104,0.437088514996342,0.844864798019511,NaN,0.365360725357818,0.308597786227064,0.225292588354832,0.284674873868127
0.236400577509722,0.770695163150535,NaN,NaN,0.1699604743083,0.0833333333333333,0.118971061093248,NaN,NaN,0.111750205423172,0.0758859784283513,0.0742198100407055,NaN,0.0760046219026833,NaN,NaN,NaN,0.43763097296479,0.321618354016026,0.616045238947456,NaN,0.223452243863239
0.569534033486249,0.195104973616257,NaN,0.0412960609911055,NaN,0.0467244701348748,NaN,0.0468775084283192,0.049388351287201,0.0410846343467543,0.0614406779661017,0.0503392130257802,0.0393598284707864,NaN,0.00528376356749531,0.747012923677152,NaN,0.762296518808316,NaN,0.438569714487674,0.422972345351239,NaN
0.412075309130708,0.136293211672127,NaN,NaN,NaN,0.0529865125240848,NaN,0.0531385455129234,NaN,NaN,0.260208012326656,NaN,0.160042882303392,NaN,0.0250501320940892,NaN,NaN,NaN,NaN,0.424009328731999,NaN,0.221963100731523
NaN,0.0747257009298101,0.26884636199293,0.138818297331639,0.1699604743083,0.121868978805395,0.121114683815648,0.121688874618719,NaN,NaN,0.174306625577812,0.146540027137042,0.182709242667892,0.174284247015021,0.0826940828214024,0.455579939852069,0.929520907366402,0.404703473223748,0.445949911344392,NaN,NaN,NaN
NaN,0.153395184584137,NaN,NaN,NaN,0.0317919075144509,NaN,0.0319473430727244,0.0556874201205039,0.0419063270336894,0.0408320493066256,NaN,NaN,0.0408910001283862,NaN,NaN,0.79785384793073,0.318912695314056,0.428931506017137,0.2873425044854,NaN,NaN
NaN,0.0569603070108291,0.283256761891602,0.0825921219822109,0.0909090909090909,0.0269749518304432,NaN,0.0271311606999518,0.0663684498813219,NaN,0.0914869029275809,0.0314789687924016,NaN,NaN,0.0126364707005761,0.671787368934406,NaN,NaN,0.268107141752967,0.582354649395906,0.280769155484219,0.174664683903999
NaN,NaN,NaN,0.0324015247776366,NaN,0.023121387283237,0.0230439442658092,NaN,NaN,0.00410846343467542,NaN,NaN,NaN,0.00410835794068558,0.0134322182258013,0.728602779809803,0.547796099220451,0.575910536003123,NaN,0.427046119143936,0.304993887541439,0.287955545245926
0.348194117784039,0.109897220776305,0.400503183759946,NaN,0.0909090909090909,0.0655105973025048,NaN,NaN,0.0452802629176557,NaN,0.0520030816640986,0.0415196743554953,NaN,0.0520605982796251,NaN,NaN,0.331160270753953,NaN,NaN,0.528120138940478,0.632520236953415,0.306922962214287
0.105855436275994,0.0217030527572798,NaN,0.133735705209657,NaN,NaN,NaN,0.107400866912827,0.363155011867811,0.292522596548891,0.429121725731895,NaN,0.224519488475381,0.429195018615997,0.0944074863927173,0.3502804194099,0.889549466728576,0.676406141685856,0.481592051134768,NaN,NaN,NaN
0.152702419486296,NaN,NaN,NaN,NaN,0.0375722543352601,NaN,0.0377267619200514,0.0210881869636662,NaN,0.0196456086286595,0.0204884667571235,0.0287924037062562,NaN,NaN,0.663821832073478,0.697028099705773,0.338039728133989,0.226862350846228,0.322858770111139,NaN,NaN
0.545403208904827,0.193980219847515,0.0789376719978813,0.214104193138501,0.1699604743083,0.210982658959538,NaN,0.21078824851501,0.141409530765017,NaN,NaN,0.137042062415197,0.0928095566276131,NaN,0.0556386669637457,0.420344631390718,NaN,NaN,0.45558947978766,0.306587516517754,NaN,NaN
0.749732203153017,0.268095573450912,NaN,0.0749682337992376,0.0513833992094862,0.0284200385356455,0.0192926045016077,0.0284154759993578,NaN,NaN,0.0431432973805855,0.00827679782903663,NaN,NaN,0.0196072190215488,NaN,NaN,NaN,0.442565865231543,NaN,NaN,0.36476343542628
0.197092657709056,NaN,NaN,0.113087674714104,NaN,0.0486512524084778,0.0594855305466238,0.0486434419650024,NaN,NaN,NaN,0.0279511533242877,0.054674936825178,0.0771600975735011,NaN,NaN,0.753712833746713,0.634952949331888,0.2758269686978,NaN,0.292114572563869,0.185009982851036
NaN,0.322794125151821,0.0719483689707186,0.126747141041931,NaN,0.109344894026975,0.120578778135048,NaN,0.0849004929706043,0.0862777321281841,NaN,NaN,NaN,NaN,0.137918961072031,NaN,NaN,0.358855963602464,NaN,NaN,0.503672813528196,NaN
0.786088535966281,0.330132582136624,0.127592202378896,0.0584498094027954,0.0513833992094862,NaN,0.0514469453376206,0.0484829025525767,0.144422128902684,0.115036976170912,0.177966101694915,0.123202170963365,0.0911248947086301,NaN,0.0454530986408632,0.484637893196781,NaN,0,NaN,0.76305606018653,NaN,NaN
0.0811540879770859,0.0830501035957419,0.117597614195079,NaN,0.328063241106719,0.204720616570328,NaN,0.204848290255258,NaN,NaN,NaN,NaN,0.103683283559231,NaN,0.121494732151383,0.406648784849224,0.967863717710305,0.399512362254289,0.910440750445719,NaN,0.505872675797689,NaN
0.867370700696272,0.288973942864142,NaN,0.0428843710292249,NaN,0.0505780346820809,0.0359056806002144,0.0505699149141114,NaN,0.0254724732949877,NaN,0.0240162822252374,0.0124818133088292,0.0465399922968289,NaN,0.659920344631391,0.299355314397978,0.208871501079656,0.171205034647736,0.382788669552631,NaN,NaN
0,0.020606877124223,NaN,0.10705209656925,0.209486166007905,0.0895953757225434,0.127545551982851,0.0897415315459945,0.108544823808654,0.0920295809367297,0.120184899845917,0.104748982360923,NaN,0.120233662857877,0.0350447210109177,NaN,0.827304523532308,NaN,0.490912506398084,0.866077317719413,0.437759690515635,NaN
0.406853270614535,0.694881451769293,0.0372609301415132,0.0978398983481576,0.0909090909090909,0.0703275529865125,NaN,NaN,0.0460105897389082,NaN,NaN,0.0240162822252374,NaN,NaN,NaN,0.728074453385353,0.453188545455818,NaN,0.346007460197185,0.601068391941812,NaN,0.260065696272793
NaN,NaN,0.243762018262001,0.0898983481575604,NaN,0.0727360308285164,NaN,NaN,0.358316596677013,0.28430566967954,NaN,0.326051560379919,NaN,NaN,0.0704395709329344,NaN,NaN,0.533301992781049,NaN,NaN,NaN,NaN
NaN,0.0530695979668698,NaN,NaN,NaN,NaN,0.0782422293676313,NaN,0.0418112105167062,0.0328677074774034,0.0477657935285054,NaN,0.0363733823416801,0.0478880472461163,NaN,NaN,0.49136569283286,0.596651076069895,NaN,0.444276359183196,NaN,NaN
NaN,NaN,NaN,0.189961880559085,0.130434782608696,0.184007707129094,0.159163987138264,NaN,0.190797882052218,NaN,NaN,0.168928086838535,NaN,NaN,0.0280739726899449,NaN,0.562283442336455,0.662362652685593,0.383276625203649,0.613222307015234,0.527371713997441,0.292296635654933
NaN,NaN,0.346206547146131,NaN,NaN,0.105491329479769,NaN,0.105634933376144,0.507303268212525,0.406737880032868,0.619414483821264,0.486974219810041,0.303545447584042,NaN,NaN,0.222750548646672,NaN,0.663549875301785,NaN,0.660203638295525,NaN,NaN
0.233553780592879,NaN,NaN,NaN,0.446640316205534,0.403179190751445,NaN,0.403275004013485,0.476173087456637,0.410024650780608,0.533127889060093,0.42089552238806,0.341144038594073,0.533123635896778,0.374892574084095,0.268999431033081,0.894202029488008,0.275073105822172,0.680218038374219,0.68409725833429,0.540508606377243,NaN
0.184820576112521,NaN,NaN,0.0752858958068615,0.0909090909090909,NaN,0.0685959271168275,0.0539412425750522,NaN,NaN,0.0999614791987673,NaN,0.0479362891492457,0.0999486455257415,NaN,0.70312118995367,0.558550192379037,0.751683226695776,0.392909504022182,0.72665059351356,NaN,0.297499316526796
NaN,0.17975443216265,0.3706691077412,NaN,0.0513833992094862,NaN,NaN,NaN,NaN,NaN,0.0525808936825886,0.042876526458616,0.0391301018454706,NaN,0.016074100009549,0.638462163699911,0.326752702522977,NaN,NaN,0.431420087839557,0.456644251352837,NaN
NaN,0.695426477642712,0.0954955266157726,0.0933926302414231,NaN,NaN,NaN,0.0430245625301011,0.0296695271133832,0.0361544782251438,0.0312018489984592,0.0236092265943012,NaN,NaN,NaN,0.673778753149639,NaN,0.322530138721784,0.551775977846856,NaN,0.619918073481183,0.429620900196343
NaN,0.0808577523296284,0.19743917464046,NaN,NaN,0.525529865125241,NaN,NaN,0.527661128354939,NaN,NaN,NaN,NaN,NaN,NaN,NaN,0.891255095302872,NaN,NaN,NaN,0.538886625015348,0.691641744057925
NaN,NaN,NaN,0.182337992376112,NaN,0.153660886319846,0.193461950696677,0.153636217691443,NaN,NaN,0.615369799691834,NaN,NaN,0.615290794710489,NaN,0.134235552304316,0.925939320688505,NaN,NaN,0.862092796571061,NaN,0.533136023594323
0.142881261206716,0.0952897108505057,NaN,0.105463786531131,0.130434782608696,0.0973025048169557,NaN,0.0972868839300048,NaN,0.217748562037798,0.377118644067797,0.225373134328358,0.152002450417337,0.377070227243549,0.0267371168475666,NaN,0.543579860049792,0.859322087918217,NaN,0.753896163829102,0.260084666893252,0.309383465747637
NaN,NaN,NaN,0.0933926302414231,NaN,0.0761078998073218,0.10075026795284,0.07593514207738,0.113657111557422,NaN,0.159668721109399,0.0853459972862958,NaN,0.159712414944152,0.0112996148581978,NaN,NaN,0.964351449766141,NaN,NaN,0.157755704516457,NaN
NaN,0.131585984465742,NaN,0.239834815756036,0.24901185770751,NaN,0.19882100750268,0.211269866752288,0.196914369180208,0.183237469186524,0.227850539291217,0.161329715061058,0.144268320698369,0.227885479522403,0.0825667632173664,0.468910021945867,NaN,0.616658565930695,NaN,0.448846177223397,NaN,0.376341057270912
NaN,0.0160731600273534,NaN,0.139135959339263,NaN,NaN,0.137191854233655,NaN,0.134471425963119,0.107641741988496,0.176425269645609,0.115468113975577,NaN,NaN,0.0373046439825572,0.491546777208811,0.695411135817967,0.851031449447424,0.532041404076296,NaN,NaN,0.455911836098983
0.915032717788696,0.326494993723017,NaN,0.0212833545108005,0.0118577075098814,NaN,0.030010718113612,0.0282549365869321,0.0597042176373927,NaN,0.086864406779661,0.0552238805970149,0.032927482961942,0.0869816407754526,0.0130820893147022,0.656791026578883,0.492133342355354,NaN,NaN,NaN,NaN,0.109349499200543
1,NaN,NaN,0.0543202033036849,0.0118577075098814,0.0659922928709056,NaN,NaN,NaN,0.0920295809367297,0.140793528505393,0.0895522388059702,0.0496209510682288,NaN,0.0268962663526116,0.513777127529871,0.430299056654401,0.214241890632097,NaN,NaN,0.203962154361377,0.0643044728143355
