0.181416446428571
0.159823933333333
0.1197604
48.7340327395369
76.8619828017506
0.234614866666667
0.265669130434783
113.605257400183
0.2392214375
0.281645291666667
0.29256304
134.98542745108
126.116684629424
0.3058745625
0.354941703703704
0.293015708333333
0.409744939393939
0.4837648
0.511823344827586
0.520599275862069
0.677549166666667
191.992162348957
0.660285882352941
0.574921428571429
0.509476714285714
0.639428888888889
0.671612111111111
165.239648124722
0.593891785714286
0.520161724137931
0.453014814814815
0.520010260869565
0.3913518
0.334199826086957
0.281112555555555
152.658847985214
169.209772202348
0.267538391304348
0.239802230769231
0.3675116
0.312444708333333
158.828730484326
82.6749682850792
0.215759333333333
0.283054333333333
0.22244219047619
0.235297954545455
0.25678578125
0.215744304347826
0.3114743
68.1447941292675
0.202403423076923
0.275572
0.328497923076923
0.198587038461538
111.27302190016
88.159682045086
89.9479869055888
0.234535681818182
63.6652302435381
