31.9670373593203
35.4208672251893
25.8836833242024
17.6514274869653
0.166428084507042
45.1726966610014
37.7291962391386
39.4884614436186
48.5353633262554
0.287176073529412
0.302941322580645
42.1088342372593
39.9864016147544
22.7753338742687
0.321326420289855
50.2731403929725
61.1491332686464
61.077567693582
0.483680771428571
54.0156519436346
0.5924487
0.634127166666667
49.6336734916648
51.4631933606442
43.3713823356728
34.1076076075977
57.3688007693677
33.8174352710439
0.644065308823529
0.556769692307692
46.0874708629731
0.464987149253731
41.3622467932857
44.0590654461531
65.0595468864845
55.4783600097178
38.9467257920096
52.4394739462124
34.2994876687652
30.8420203828316
0.305880632352941
40.0299074920458
24.0224469037458
0.2976855
0.259846159090909
40.5093610347022
25.6466107984524
0.271196134328358
42.9926245183987
33.215653586395
15.1624783233476
31.3229016060195
30.8833485661474
40.7161582623089
0.164265220588235
32.0969343413488
0.202651681818182
27.0253578320801
0.198666579710145
15.3644150985803
