0.0345166308291931,-0.0380964970027399,0.0139550731367238,0.00891693900183527,0.00717873681785973,-0.0131847743495339,0.00358707344957095,-0.0182288210887361,-0.000203988302121467,-0.00573478909342068,0.00105412426627139,0.0303652058509933,0.000128627561085481
-0.0380964970027399,0.262352961619913,-0.0199446275923573,-0.0210268854319102,-0.00507035510378508,-0.00200522222606674,0.122785170792686,0.0190249229381993,0.128230586751928,-0.00375449651599408,0.0525430316385993,-0.0317752153182152,0.117242326403389
0.0139550731367238,-0.0199446275923573,0.111877671837494,0.0052650405652599,0.0132073009264953,-0.0160481286240291,0.00312905890865461,-0.0252482485716741,0.126042065372644,0.00980939858477438,0.0208463718460213,0.0529733688271906,0.0164212423639877
0.00891693900183527,-0.0210268854319102,0.0052650405652599,0.0269917057735015,0.00724193142687949,-0.0130273406368843,0.0151243619623995,-0.00290975739557736,-0.0187733259307635,-0.00390450817084478,0.0185109296743847,-0.00370489007711969,0.0211724638853613
0.00717873681785973,-0.00507035510378508,0.0132073009264953,0.00724193142687949,0.0121996874022243,-0.00201802272772323,0.00782003743144579,-0.000772704782385656,0.0223085170211248,0.00251851297163586,0.00587312630442856,0.00399923296042762,0.00786177522843114
-0.0131847743495339,-0.00200522222606674,-0.0160481286240291,-0.0130273406368843,-0.00201802272772323,0.155546885983279,0.0462869703264683,0.00697714540058732,0.016769857876282,0.028313325745256,0.00921522600607242,0.000266980718574009,-0.0105979098248082
0.00358707344957095,0.122785170792686,0.00312905890865461,0.0151243619623995,0.00782003743144579,0.0462869703264683,0.264650289505589,-0.00301467730737499,0.102518164870934,0.020003146981298,0.0760694071913067,0.0564722463966003,0.0960097036413563
-0.0182288210887361,0.0190249229381993,-0.0252482485716741,-0.00290975739557736,-0.000772704782385655,0.00697714540058732,-0.00301467730737499,0.0320869639632899,-0.0383196668327626,-0.0128032481679895,-0.0205813190886462,-0.0143384576305796,-0.0328832090094992
-0.000203988302121467,0.128230586751928,0.126042065372644,-0.0187733259307635,0.0223085170211248,0.016769857876282,0.102518164870934,-0.0383196668327626,0.30109737748296,0.0336773389351697,0.0887515102009515,0.0382059345124794,0.0815901054002632
-0.00573478909342068,-0.00375449651599408,0.00980939858477438,-0.00390450817084478,0.00251851297163586,0.028313325745256,0.020003146981298,-0.0128032481679895,0.0336773389351697,0.0349421369953701,0.0196619176441433,0.0200940388811006,0.0522566466794578
0.00105412426627139,0.0525430316385993,0.0208463718460213,0.0185109296743847,0.00587312630442856,0.00921522600607242,0.0760694071913067,-0.0205813190886462,0.0887515102009515,0.0196619176441433,0.0954288028093473,0.00271291342918068,0.0712296436536078
0.0303652058509933,-0.0317752153182152,0.0529733688271906,-0.00370489007711969,0.00399923296042762,0.000266980718574009,0.0564722463966003,-0.0143384576305796,0.0382059345124794,0.0200940388811006,0.00271291342918068,0.12257168160465,0.0349424501337825
0.000128627561085481,0.117242326403389,0.0164212423639877,0.0211724638853613,0.00786177522843114,-0.0105979098248082,0.0960097036413563,-0.0328832090094992,0.0815901054002632,0.0522566466794578,0.0712296436536078,0.0349424501337825,0.251616805150382
