0.531972614861561,NaN,0.457137264384492,0.171855146124523,0.130434782608696,NaN,NaN,0.155402151228127,0.306645974073398,0.293344289235826,0.354776579352851,0.298236092265943,0.209510682288077,0.354859417126717,0.227838431422478,NaN,0.780204908757038,0.682230703648518,0.648273995457926,NaN,1,0.595547482747479
0.481498730875812,0.216720250671076,0.057716443861043,0.0911689961880559,NaN,0.0876685934489403,0.0760986066452305,0.0876545191844598,0.0923863428884426,0.0829909613804437,0.0835901386748844,0.0812754409769335,0.0882915996630676,0.0835794068558223,NaN,0.709867511988946,0.37811288881215,NaN,NaN,0.495260220746974,NaN,0.213044810988592
0.289989055259297,0.194112904048909,0.0900318951719691,0.119440914866582,NaN,NaN,0.12593783494105,NaN,NaN,0.132292522596549,0.198189522342065,0.167571234735414,0.117926334328815,NaN,NaN,0.395716491912542,0.855471894461024,0.653223428922018,0.438375267336388,0.182097118763493,0.177061108570432,0.351131251708683
0.539348671494772,0.200006123886218,0.518262000990247,0.0756035578144854,0.0513833992094862,NaN,0.0814576634512326,0.0730454326537165,0.264560890998722,NaN,0.318181818181818,0.260922659430122,0.165250019143885,0.318205161124663,0.0864818410414744,0.314354222547346,NaN,0.611399727496554,0.417122510352194,0.697018812792789,NaN,0.322856172384369
0.899558717369536,0.312091613337824,0.935179108086635,0.0181067344345616,0.00790513833992095,0.0236030828516378,0.0251875669882101,NaN,NaN,0.0402629416598192,NaN,0.0419267299864315,0.0225897848227276,0.075619463345744,0.0130820893147022,NaN,0.407659228943887,0.257547628343546,0.175225499113806,NaN,0.419291969101388,0.120471472242703
0.313403814358568,0.235381773273319,NaN,0.0638500635324015,0.0909090909090909,0.0428709055876686,0.0594855305466238,0.0428640231176754,0.0501186781084535,NaN,0.061055469953775,0.0431478968792402,0.0490083467340531,NaN,0.0246363433809721,0.680078029748842,NaN,0.334505948064986,0.474578069999872,NaN,NaN,0.393618431408286
0.152650024451016,0.0502832297375915,0.147644708510369,0.153430749682338,NaN,NaN,0.132904608788853,0.143361695296195,0.246850465583349,0.233360723089564,0.271379044684129,0.185888738127544,0.181637185083084,0.271408396456541,0.0840945984657988,0.427253515402747,1,0.578846720795519,0.440276928767972,0.532341029987461,0.438371826103668,0.364479690490195
NaN,0.306349449360564,0.896288875839119,NaN,0.00790513833992095,NaN,0.0112540192926045,0.0221544389147536,0.0459192988862516,0.0361544782251438,0.060477657935285,0.0525101763907734,0.0227429359062715,NaN,0.00748002673711685,NaN,0.0473189432102682,0.395823207413369,0.0847448893527029,0.113840245464512,0.257908827386662,0.0601497841881581
0.35794541601658,0.125074252120396,0.45660759726876,0.0533672172808132,0.0513833992094862,NaN,0.0568060021436227,0.0508909937389629,NaN,0.0928512736236647,NaN,0.104613297150611,NaN,0.134805494928746,0.0168698475347742,0.592010078842559,0.170345862275742,0.728659872672366,NaN,0.232144505300314,0.349546325673927,0.23161249968933
0.350051230701162,0.12029966216561,0.440556380761569,0.0727445997458704,0.0909090909090909,0.0645472061657033,0.0766345123258307,0.064376304382726,0.0800620777798065,NaN,0.0953389830508475,0.0723202170963365,NaN,0.0953267428424702,0.0182703631791705,0.586239128667805,0.354724077828929,0.775132865349832,0.408777836296928,0.472582217329741,0.558706294141827,0.31723719419752
NaN,0.248705308388703,0.139383052955197,0.143900889453621,0.0909090909090909,0.145953757225434,0.131296891747053,0.145769786482581,NaN,NaN,NaN,0.117910447761194,0.0867600888276284,0.141995121324945,0.020339306744756,0.601398033000081,0.418856645534916,NaN,0.489366660682165,NaN,0.501663798763984,NaN
NaN,0.233028159670127,0.578638294932467,NaN,0.328063241106719,0.447013487475915,0.5010718113612,0.446781184780864,NaN,0.52341824157765,0.581471494607088,0.544097693351425,0.467493682517804,NaN,0.254766527676099,0.156750386084695,0.691351226489275,0.755973960781814,0.829451814181028,0.740812527154399,0.823704060914609,NaN
0.884707635703141,0.29188483011319,0.888384169861941,NaN,0.0513833992094862,0.119460500963391,NaN,NaN,NaN,NaN,NaN,0.0842605156037992,0.0478597136074738,0.138978045962254,0.0286469109081071,0.511216776396001,0.268950326776035,NaN,0.143787698069392,0.150880534150948,0.375086526433047,0.116691658313105
0.179115338937661,0.0536799452932831,0.134472117632158,0.166454891994917,0.209486166007905,0.15655105973025,0.111468381564845,0.156525927115107,0.157750593390542,0.124075595727198,NaN,NaN,0.0994716287617735,0.198164077545256,0.14469872998695,NaN,0.921902744172047,NaN,0.673655335707969,0.381381705870303,0.457252383147053,0.420265601829223
0.749732203153017,0.268095573450912,0.164093175354359,0.0749682337992376,0.0513833992094862,0.0284200385356455,0.0192926045016077,0.0284154759993578,0.0314953441665145,0.0320460147904684,0.0431432973805855,NaN,0.0272608928708171,0.043266144562845,0.0196072190215488,0.655937576200927,NaN,0.0335768866082882,0.442565865231543,0.862234618510239,0.668444499410108,NaN
0.709126050811541,0.266513569511212,0.689615070180893,NaN,NaN,0.121868978805395,0.10075026795284,NaN,0.0662771590286653,NaN,0.0781972265023112,NaN,0.0445669653112796,NaN,0.0176655950599994,NaN,0.430553384307751,0.589515788467208,NaN,NaN,0.474184427199462,0.276015475490237
0.157458724355541,NaN,NaN,0.0520965692503177,0.0909090909090909,NaN,0.0573419078242229,0.0443088778295071,0.0501186781084535,0.0427280197206245,0.0687596302003082,0.0492537313432836,0.0317022742935906,0.0688149955064835,NaN,0.713809639925222,NaN,0.744894544353521,0.361276799857095,NaN,0.245374728409319,0.288980755051488
NaN,0.601806546434367,0.0542793648600412,0.181702668360864,0.130434782608696,0.145472061657033,0.159699892818864,0.145288168245304,0.122512324265109,NaN,NaN,0.101899592944369,0.0665441457998315,0.155989215560406,0.227838431422478,0.429935788019182,0.45417552341331,NaN,0.220650401476925,0.45288472577715,0.318221977447074,0.163136769201455
0.891128938360152,0.299435581820223,NaN,0.0358958068614994,0.0118577075098814,NaN,0.0434083601286174,NaN,NaN,0.0566967953985209,NaN,NaN,0.0407381882226817,NaN,NaN,0.597577826546371,0.469297519022075,0.238978351115113,0.211796592739081,0.342155558407002,0.37075664585287,0.150902598855079
0.665411126376825,0.946334343774559,0.643557060117218,0.463468869123253,0.288537549407115,NaN,0.466773847802787,0.409696580510515,0.567463940113201,NaN,0.589368258859784,0.501356852103121,NaN,0.589420978302735,0.249037145494478,NaN,0.399124086228741,0.802474841238855,0.555508065246622,0.576308082274734,0.661482791694174,0.467317554077228
0.557261951889714,NaN,0.584366759934137,0.0285895806861499,0.0118577075098814,NaN,0.0294748124330118,0.0319473430727244,0.046467044002191,0.0386195562859491,0.0552773497688752,0.0449118046132972,NaN,0.0553344460136089,0.00611134099372951,0.732016581321629,0.116367734453931,0.736719440969538,0.166495538833904,0.128625745409359,0.417393281100136,0.147445881349052
0.786088535966281,0.330132582136624,0.127592202378896,NaN,0.0513833992094862,0.0486512524084778,0.0514469453376206,0.0484829025525767,0.144422128902684,0.115036976170912,0.177966101694915,0.123202170963365,0.0911248947086301,0.178007446398768,0.0454530986408632,0.484637893196781,0.723968164710988,0,0.453479355185264,NaN,0.630494762147955,0.39003951717796
0.166185408564842,0.0607326209212366,0.245702211935933,0.196950444726811,0.24901185770751,0.128131021194605,0.214898177920686,0.128270990528175,0.154372831842249,0.147904683648316,0.180855161787365,NaN,0.108584118232636,0.180960328668635,0.0229493586274947,NaN,0.661436227924243,0.952766069336988,NaN,0.577100484220621,0.179603517644275,0.583350592757669
0.184308269100901,0.11259173071231,0.0548147892270315,0.195679796696315,0.24901185770751,0.145472061657033,0.247588424437299,NaN,0.312214716085448,0.280197206244864,0.332627118644068,0.347354138398915,0.172448120070449,0.332584413917063,0.0683069675653309,NaN,0.369155422195571,0.960148362987339,NaN,0.585765129361869,0.390661284381467,0.497309600934494
0.463387513680926,0.185913020402748,0.0782525590981842,0.0870393900889454,0.0909090909090909,0.0732177263969171,0.0830653804930332,NaN,NaN,0.239934264585045,0.341486902927581,0.26729986431479,0.270081935829696,NaN,0.0386733297259446,0.570064211980818,0.845791110665195,0.420515844242767,0.657034691851477,0.576539949889581,0.664402891984761,0.499465648222555
0.230520690217265,NaN,0.26884636199293,0.138818297331639,0.1699604743083,0.121868978805395,0.121114683815648,0.121688874618719,0.208234434909622,0.208709942481512,0.174306625577812,0.146540027137042,0.182709242667892,NaN,0.0826940828214024,NaN,NaN,0.404703473223748,0.445949911344392,0.513084762245649,0.302387417766524,0.356439560257483
0.668624688540624,0.223278932810762,NaN,NaN,0.00790513833992095,NaN,NaN,0.0126826135816343,0.000365163410626256,0,NaN,0.00542740841248304,0.000536028792403704,0.00250353062010529,0,NaN,0.194824315590285,0.667780849860163,0,0.353980806764231,0,0
NaN,0.131585984465742,0.0030398286642026,0.239834815756036,0.24901185770751,0.211464354527938,0.19882100750268,0.211269866752288,NaN,NaN,0.227850539291217,0.161329715061058,0.144268320698369,NaN,0.0825667632173664,0.468910021945867,0.563634412164795,0.616658565930695,NaN,NaN,0.38626422903836,NaN
0.348194117784039,NaN,0.400503183759946,0.0711562897077509,0.0909090909090909,NaN,NaN,NaN,NaN,0.037797863599014,0.0520030816640986,0.0415196743554953,0.0416570947239452,0.0520605982796251,0.0151192029792787,0.619442412419735,0.331160270753953,0.812996502075647,0.407484749915611,0.528120138940478,0.632520236953415,0.306922962214287
0.37058426286007,0.112667258642334,0.387929347012562,NaN,0.0118577075098814,0.00337186897880539,0.00214362272240086,0.00337132766094076,0.00639035968595948,0.00657354149548068,NaN,0.000814111261872458,0.0209816984455165,0,0.00550657287455836,0.873242298626352,NaN,NaN,0.221631425904361,0.347603321784975,NaN,0.146203202796855
0.0430628973290176,0.0610816824356737,0.151289048556657,0.121664548919949,0.209486166007905,0.108381502890173,NaN,0.108524642799807,0.103980281175826,0.0870994248151191,0.119029275808937,NaN,0.0764223906884141,0.119013994094235,0.0319890505140529,NaN,NaN,0.794024844027633,0.445909773595979,0.723730862479993,0.400034165707239,0.387367758290737
0.369903127401439,0.797630056033559,0.0207779197899754,0.218551461245235,0.209486166007905,NaN,0.157020364415863,0.161663188312731,0.0811575680116852,0.123253903040263,0.0656779661016949,0.0355495251017639,0.0422696990581208,0.0657979201437926,0.190533787439921,0.619848817361619,NaN,NaN,0.595149335024181,0.574660246409991,0.569013838890896,0.476086722393896
0.499819528211816,NaN,0.165722477460361,NaN,0.0909090909090909,0.0939306358381503,0.0894962486602358,0.0940760956814898,NaN,NaN,0.36228813559322,0.261601085481682,0.155142047629987,0.36230581589421,0.0859089028233122,0.450134113630822,NaN,0.33312749496028,0.25789371198779,0.260407591750916,0.549048698589063,0.183317868889128
0.16114966350744,0.08090878471478,0.260106854583348,0.354510800508259,0.407114624505929,0.282755298651252,0.437299035369775,0.282870444694172,0.499452254884061,NaN,0.584553158705701,NaN,0.286851979477755,0.584542303248171,0.0541744915173314,NaN,NaN,0.992812920806674,0.762472036916604,0.513798374225326,0.404335574864716,0.757611406132204
0.474122674242601,0.182928646519081,0.494979676903059,0.444726810673443,0.328063241106719,NaN,0.457663451232583,0.382886498635415,NaN,NaN,0.645030816640986,0.658887381275441,0.619419557393369,NaN,0.237610211032244,0.159229456230188,0.711744104381669,0.873393464698055,0.843853853034007,0.919555444499222,0.885444341037819,NaN
0.119192883589875,NaN,0.215309682545166,NaN,0.24901185770751,0.135356454720617,NaN,0.135174185262482,0.161128354938835,0.139687756778965,0.197996918335901,0.140976933514247,0.103223830308599,0.198099884452433,0.0309068338797466,0.511541900349508,0.652009771781763,0.97507629299698,0.599428525246915,0.448616560750441,NaN,0.563681062407317
0.171954684116154,NaN,NaN,0.152160101651842,0.1699604743083,0.138728323699422,0.111468381564845,0.138545512923423,0.194723388716451,0.156943303204601,0.231895223420647,NaN,0.128876636802205,0.231929644370266,NaN,0.568560513695847,0.867350629169282,0.309725663928352,0.792135098598741,NaN,NaN,NaN
NaN,0.280465823611664,0.274764816286112,0.0222363405336722,NaN,0.0327552986512524,0.0257234726688103,0.0327500401348531,0.072211064451342,0.0566967953985209,0.0937981510015408,0.0800542740841248,0.0394364040125584,0.0939144948003595,0.0112996148581978,0.654555799398521,0.114001787293417,0.428392149988446,0.11765549264295,0,0.309319319461819,0.0973576511718459
0.139172857043057,0.0499382508139665,NaN,0.096569250317662,0.130434782608696,0.081888246628131,0.106109324758842,NaN,0.428062808106628,0.354971240755957,0.503659476117103,0.401628222523745,NaN,NaN,NaN,0.362716410631553,0.896854970238998,0.506450045018844,0.421339324344286,0.674757270625525,0.443071390312954,0.341015848293802
0.221287520666931,0.0654970043989916,0.272300712747706,0.0889453621346887,0.130434782608696,NaN,0.0412647374062165,0.0303419489484669,0.0985028300164324,0.0821692686935086,0.13251155624037,0.0527815468113976,0.0685351098859024,0.132558736679933,0.0130184295126842,0.674185158091523,0.585499590509145,0.741332876504944,NaN,0.643106215627877,0.448677146522838,0.127279279577821
0.152702419486296,0.0347469304020331,NaN,0.0505082592121982,0.0909090909090909,0.0375722543352601,NaN,NaN,0.0210881869636662,NaN,0.0196456086286595,NaN,NaN,NaN,NaN,0.663821832073478,NaN,0.338039728133989,0.226862350846228,0.322858770111139,0.218297070824443,0.159970010024274
0.0735102344968912,0.0160731600273534,0.173592639929992,0.139135959339263,0.209486166007905,NaN,0.137191854233655,0.136297961149462,0.134471425963119,0.107641741988496,0.176425269645609,0.115468113975577,NaN,NaN,NaN,0.491546777208811,0.695411135817967,0.851031449447424,NaN,NaN,0.447098762026952,0.455911836098983
NaN,0.21110056441818,0.0568125554135433,0.183926302414231,0.130434782608696,0.16859344894027,0.17577706323687,0.168566383047038,0.350648165053862,0.28759244042728,0.428351309707242,0.33270013568521,0.213722337085535,0.428360508409295,NaN,0.221571974315208,0.699807037642826,0.618726245587755,0.483835606630539,0.758182337990946,0.745601610058954,0.409214047238354
0.185909228512214,0.0716474274574645,0.284085806072749,0.0524142312579415,0.0909090909090909,0.041907514450867,0.0589496248660236,0.0420613260555466,0.0597042176373927,0.0451930977814297,0.0624036979969183,0.0497964721845319,0.0483957423998775,0.0624598793169855,0.0172518063468823,0.668332926928392,0.792078976902849,0.756276742388628,NaN,0.565955080714693,0.191958780497787,0.346328299104443
NaN,0.0440470722720639,0.255391665803079,0.0517789072426938,NaN,0.0481695568400771,0.0423365487674169,NaN,NaN,0.0115036976170912,NaN,0.00691994572591588,0.0140898996860403,0.00686866093208372,0.0139733265429544,NaN,0.526682237430031,0.592870289953228,0.274247494057534,0.388184656667094,0.272053341210427,NaN
0.186037305265119,0.0530695979668698,NaN,0.10292249047014,NaN,NaN,0.0782422293676313,NaN,0.0418112105167062,0.0328677074774034,0.0477657935285054,0.033921302578019,0.0363733823416801,0.0478880472461163,NaN,0.630252783873852,NaN,NaN,0.330808813598669,0.444276359183196,0.496664839750377,0.259686679314373
0.34788556924295,0.123863763944599,0.0107487880986102,NaN,0.1699604743083,NaN,0.140407288317256,0.192005137261198,0.408435274785467,0.338537387017255,0.558936825885978,0.261058344640434,0.22329427980703,NaN,0.0753095457873126,0.539583841339511,NaN,NaN,NaN,NaN,0.317539997900232,0.201767503127408
0.786111822648627,0.279334945956704,0.191071654749157,0.0304955527318933,0.0118577075098814,0.0414258188824663,0.0316184351554126,0.0412586289934179,0.0869088917290488,NaN,0.107473035439137,0.0985074626865672,0.0475534114403859,NaN,0.00751185663812586,NaN,0.446611025687093,0.446132761766651,0.121350335104999,0.180311963243355,0.399611098160568,NaN
0.697145052744335,0.309556324443492,0.151565396617039,0.18710292249047,0.130434782608696,0.173410404624277,0.180064308681672,0.173543104832236,0.52683951068103,0.399342645850452,0.685862865947612,0.465807327001357,0.286775403935983,0.685774810630376,0.13282617691059,0.292896041615866,0.816121106628619,0.365182505597476,0.461882066255128,0.63626949770271,0.552455037395434,NaN
NaN,0.326494993723017,0.957845406289221,0.0212833545108005,0.0118577075098814,0.0284200385356455,NaN,NaN,0.0597042176373927,0.0460147904683648,0.086864406779661,0.0552238805970149,0.032927482961942,0.0869816407754526,NaN,0.656791026578883,0.492133342355354,0.228564257428109,0.146251107178094,0.273216589114828,0.431001731418393,0.109349499200543
0.455673800153692,0.212015064760097,0.0722880467949382,0.182337992376112,0.130434782608696,0.153660886319846,0.193461950696677,0.153636217691443,0.519079788205222,0.451109285127362,NaN,0.503663500678426,0.336549506087756,NaN,0.275646942738008,0.134235552304316,NaN,0.632984868887596,0.624847110434676,0.862092796571061,0.842709180432303,0.533136023594323
0.0724041170854388,0.0276636353429887,0.115542275495987,0.276365946632783,NaN,NaN,0.259378349410504,0.266655964039172,NaN,0.226787181594084,0.253852080123267,0.164586160108548,0.10873726931618,NaN,0.0685934366744119,0.437251076973096,0.788222063040592,0.859879843509717,0.551640738946796,0.584002485260648,0.433804387090345,NaN
0.198326851873414,0.0949304428590384,0.278322797563531,NaN,0.288537549407115,0.191233140655106,NaN,0.191041900786643,0.472886616761001,0.444535743631882,0.515986132511556,0.535685210312076,0.279424151925875,0.516048273205803,0.0593309354807907,NaN,0.47083048478584,0.977024453598719,0.703276994037013,0.741337043215171,0.473145220270941,0.671326020860431
0.129444845492863,0.047458076895598,0.238033553260331,0.0933926302414231,NaN,0.0761078998073218,0.10075026795284,0.07593514207738,0.113657111557422,0.0920295809367297,0.159668721109399,0.0853459972862958,0.0702197718048855,0.159712414944152,0.0112996148581978,0.706291148500366,0.403456989460569,0.964351449766141,0.465372784762409,NaN,0.157755704516457,0.389797194860281
0.502730363505111,0.281412984680078,0.0507271408338803,NaN,0.288537549407115,0.267822736030829,0.252947481243301,0.267940279338578,0.123607814496987,NaN,0.156587057010786,0.1078697421981,0.0725936135998162,0.156631146488638,0.338988445745934,0.383727546126961,0.352318464887618,0.32429902074054,0.212944676984238,0.342576521940754,0.558967430471896,0.180579833812455
0.867370700696272,0.288973942864142,0.942922611028591,0.0428843710292249,NaN,0.0505780346820809,NaN,0.0505699149141114,0.0262917655650904,0.0254724732949877,NaN,0.0240162822252374,NaN,0.0465399922968289,NaN,0.659920344631391,0.299355314397978,0.208871501079656,0.171205034647736,0.382788669552631,0.190898664868222,NaN
0.0423351885056936,NaN,0.127079807016938,0.169631512071156,0.24901185770751,0.173410404624277,0.14951768488746,NaN,0.201022457549754,0.173377156943303,0.25751155624037,0.172455902306649,0.11264262194655,0.257606881499551,0.0560206257758538,0.455905063805576,0.745516016808958,0.814582121542911,0.512199615509298,0.459647156019891,0.360025143825171,0.447558965097302
0.666418275388305,0.264068097614746,0.119497507110205,NaN,0.0513833992094862,0.0582851637764933,NaN,0.0584363461229732,0.0952163593207961,0.0780608052588332,0.127503852080123,NaN,0.060264951374531,0.1274874823469,0.0619091574625203,0.416402503454442,0.652226766935538,0.232460578631587,0.373590410187901,NaN,0.465978874204357,0.299263920070916
NaN,0.1849209508354,0.119198130044791,0.0978398983481576,0.0909090909090909,0.0736994219653179,0.0889603429796356,NaN,0.295599780901954,0.229252259654889,0.333590138674884,0.257801899592944,0.233785129029788,NaN,NaN,0.486913760871332,0.654938039717113,0.4486426619284,0.491092222262601,0.459244201621272,0.500127676536167,0.432901571574142
0.230934028828913,0.0732967941455648,0.325883450205534,0.085133418043202,0.0909090909090909,0.0332369942196532,NaN,0.0332316583721304,0.122603615117765,0.102711585866886,0.167180277349769,0.0681139755766621,0.0733593690175358,0.167223006804468,NaN,0.66044867105584,0.474113411467144,0.764611204513039,0.161376348705187,0.482104547531735,NaN,0.154856387781984
0,0.020606877124223,NaN,0.10705209656925,NaN,NaN,0.127545551982851,NaN,NaN,0.0920295809367297,0.120184899845917,0.104748982360923,NaN,0.120233662857877,0.0350447210109177,0.515199544826465,0.827304523532308,0.804259659131654,0.490912506398084,0.866077317719413,0.437759690515635,NaN
0.699683301120089,0.241219878134664,NaN,0.140088945362135,0.0909090909090909,0.144508670520231,0.132368703108253,NaN,NaN,0.057518488085456,0.0957241910631741,NaN,0.0450264185619113,0.0957119013994094,0.024349874271891,0.567585141835325,0.190225418298991,0.55052070468435,0.270036104085498,0.400937375483714,0.480032190502289,0.190235446163023
0.142881261206716,0.0952897108505057,0.238954713461605,0.105463786531131,0.130434782608696,0.0973025048169557,NaN,NaN,0.277980646339237,0.217748562037798,0.377118644067797,0.225373134328358,0.152002450417337,NaN,0.0267371168475666,NaN,0.543579860049792,0.859322087918217,NaN,NaN,0.260084666893252,NaN
1,0.332269818426774,0.98925121190139,NaN,0.0118577075098814,0.0659922928709056,NaN,0.0661422379194092,0.0982289574584627,0.0920295809367297,NaN,NaN,0.0496209510682288,0.140775452561304,0.0268962663526116,0.513777127529871,0.430299056654401,NaN,0.0808269388656891,0.346991011190426,0.203962154361377,0.0643044728143355
NaN,NaN,0.305871244832867,0.102287166454892,0.130434782608696,NaN,0.0487674169346195,0.0467169690158934,0.140953076501735,NaN,0.181240369799692,NaN,0.0940347652959645,NaN,NaN,0.690400715272698,NaN,NaN,0.203974432615862,0.593382993523465,0.35608496584319,0.213227070509581
0.233553780592879,0.0986027332945488,NaN,0.439326556543837,0.446640316205534,0.403179190751445,0.437834941050375,0.403275004013485,0.476173087456637,0.410024650780608,0.533127889060093,0.42089552238806,NaN,0.533123635896778,NaN,NaN,0.894202029488008,0.275073105822172,0.680218038374219,0.68409725833429,0.540508606377243,0.646901173917006
0.130754721374846,0.0529838635598151,0.240883392633021,0.103557814485388,0.130434782608696,0.092485549132948,0.102357984994641,0.0924707015572323,0.135840788752967,0.107641741988496,0.188174114021572,0.102442333785617,NaN,NaN,0.0131775790177293,NaN,NaN,0.962630375369513,0.479415391886353,0.440294089176735,0.357017404936589,0.414170263530698
0.302773443867452,0.117637812956102,0.00889495319354728,0.206162642947903,0.209486166007905,0.174373795761079,0.186495176848875,0.174185262481939,0.204856673361329,0.1873459326212,0.264830508474576,0.168249660786974,0.130867600888276,0.264860700988574,NaN,NaN,NaN,0.584153366851788,0.462047137265495,0.49654787390904,NaN,0.376152584357162
0.609511445404373,0.217918491074436,0.0853282208942163,0.189961880559085,0.130434782608696,0.184007707129094,NaN,NaN,0.190797882052218,0.156121610517666,0.25346687211094,0.168928086838535,0.104525614518723,0.253434330466042,0.0280739726899449,0.548362188084207,0.562283442336455,0.662362652685593,0.383276625203649,0.613222307015234,0.527371713997441,0.292296635654933
NaN,0.0518244077691703,0.251822170023144,0.0864040660736976,0.130434782608696,0.0703275529865125,0.0535905680600214,0.070155723230053,0.00721197735986855,0.0106820049301561,0.0159861325115562,NaN,0.00704494984302013,NaN,NaN,NaN,0.46892186074511,0.500007967937022,0.194354029043458,NaN,0.402704251317248,0.14149345108403
0.105855436275994,0.0217030527572798,0.15906709500616,0.133735705209657,0.209486166007905,0.107418111753372,0.121650589496249,0.107400866912827,0.363155011867811,0.292522596548891,0.429121725731895,0.344911804613297,0.224519488475381,NaN,0.0944074863927173,0.3502804194099,0.889549466728576,0.676406141685856,0.481592051134768,0.707108430751499,0.423446127619593,NaN
0.36050695107468,0.107094522183778,NaN,0.0254129606099111,0.0513833992094862,0.0178227360308285,0.0235798499464094,0.0178198747792583,0.0161584809202118,0.0180772391125719,0.012904468412943,0.0120759837177748,0.0222069071138678,0.0130311978431121,0.0136868574338734,0.744452572543282,0.0940732323644771,0.589922153255301,0.196456379217108,0.186829019019898,0.258363925283869,0.143742699263506
0.381406748480544,0.129812098757872,0.00176171888493556,0.213468869123253,0.1699604743083,0.173410404624277,NaN,0.173543104832236,0.260726675187146,0.199671322925226,0.233436055469954,0.245997286295794,0.255456007351252,NaN,0.121144603240284,0.369625294643583,0.941607304103542,0.517139032533087,0.69961578049931,NaN,NaN,0.664526498048995
0.370386326060126,NaN,0.470655290338181,0.0797331639135959,0.0909090909090909,0.0751445086705202,NaN,0.0751324450152513,0.63949242285923,0.564502875924404,0.76386748844376,0.595929443690638,0.380657018148403,0.763769418410579,0.0507050323073495,NaN,0.570410260837508,0.55806634104364,NaN,0.452213885493417,0.40998359334267,0.185533978973879
0.161941410707217,0.0603937658838299,0.255270763526662,0.0676620076238882,0.0909090909090909,NaN,0.07502679528403,0.0542623213999037,NaN,0.149548069022186,0.203967642526965,0.168521031207598,0.157056436174286,0.204069842084992,0.0560842855778719,0.421035519791921,NaN,0.485115893643977,0.379433164592069,0.510549976475567,0.454812738114516,NaN
NaN,0.204752135705319,0.43508123481525,0.0486022871664549,0.0513833992094862,0.0457610789980732,0.0546623794212219,NaN,0.256070841701662,0.198849630238291,0.311633281972265,0.25033921302578,0.158128493759093,NaN,0.0982270745137983,NaN,0.798318170894183,0.54945698509199,0.288931762754086,0.741703979343522,NaN,0.207268426851798
0.404536245721072,0.144584953611562,0.0168399599295312,0.0603557814485387,0.0513833992094862,0.0616570327552986,0.0557341907824223,0.0614865949590625,0.252145335037429,0.182415776499589,NaN,0.237584803256445,0.156596982923654,0.309474900500706,0.0249864722920712,0.559944728927904,0.573543857520516,0.549341450005179,0.309812612763117,NaN,0.32055440977851,0.240816605499267
0.168205528258389,0.0444594139440889,NaN,0.0790978398983481,0.130434782608696,0.0568400770712909,0.0953912111468382,0.0568309519987157,0.0871827642870184,NaN,0.0787750385208012,0.0886024423337856,0.0941879163795084,0.0788291179869046,NaN,0.594895553929936,0.80952025404766,0.379604471606256,0.424142819510489,0.417141094820348,0.268672804630877,0.354546546596303
