0.502730363505111,NaN,NaN,0.378653113087675,0.288537549407115,0.267822736030829,0.252947481243301,NaN,0.123607814496987,0.1405094494659,NaN,NaN,0.0725936135998162,0.156631146488638,NaN,NaN,NaN,NaN,0.212944676984238,0.342576521940754,NaN,0.180579833812455
NaN,NaN,0.00191716466890047,NaN,NaN,NaN,0.20096463022508,0.278856959383529,0.404418477268578,0.322925225965489,NaN,0.251289009497965,0.204686423156444,NaN,NaN,NaN,NaN,0.626128459080659,0.378819707923752,0.327631190921595,NaN,NaN
NaN,0.601806546434367,NaN,NaN,NaN,NaN,0.159699892818864,0.145288168245304,NaN,0.128184059161873,NaN,0.101899592944369,0.0665441457998315,0.155989215560406,0.227838431422478,0.429935788019182,0.45417552341331,NaN,NaN,NaN,NaN,NaN
0.660416133013529,NaN,0.0734164680414982,NaN,0.0909090909090909,0.165703275529865,0.162915326902465,0.165516134210949,0.147891181303633,0.139687756778965,0.192411402157165,0.137313432835821,0.0795619879010644,NaN,0.139287646815418,NaN,0.587774539701947,NaN,0.186316896925358,NaN,0.397291566942543,0.141456170727464
NaN,0.195890872347592,NaN,NaN,NaN,0.166666666666667,0.176848874598071,0.166639910097929,NaN,NaN,NaN,0.12550881953867,0.0938050386706486,0.150340223391963,0.0575802909252952,NaN,0.888858815486454,0.642470697911604,NaN,0.27390994081748,0.15244222525522,NaN
NaN,0.262986211049532,0.165722477460361,NaN,NaN,NaN,NaN,0.0940760956814898,NaN,0.262941659819228,0.36228813559322,0.261601085481682,0.155142047629987,0.36230581589421,0.0859089028233122,0.450134113630822,NaN,0.33312749496028,NaN,NaN,0.549048698589063,NaN
NaN,0.0499382508139665,NaN,NaN,0.130434782608696,NaN,NaN,0.0820356397495585,NaN,NaN,NaN,0.401628222523745,0.285779921892947,0.503723199383746,NaN,NaN,NaN,0.506450045018844,0.421339324344286,0.674757270625525,0.443071390312954,0.341015848293802
NaN,NaN,NaN,NaN,NaN,NaN,0.0257234726688103,0.0327500401348531,0.072211064451342,0.0566967953985209,NaN,0.0800542740841248,0.0394364040125584,0.0939144948003595,0.0112996148581978,0.654555799398521,NaN,0.428392149988446,0.11765549264295,0,0.309319319461819,NaN
NaN,NaN,0.0900318951719691,0.119440914866582,0.130434782608696,0.108863198458574,0.12593783494105,0.109006261037085,NaN,NaN,0.198189522342065,0.167571234735414,0.117926334328815,NaN,0.0550338988445746,NaN,NaN,NaN,NaN,0.182097118763493,0.177061108570432,0.351131251708683
NaN,NaN,0.0808087786567181,NaN,NaN,0.144508670520231,0.138799571275456,0.144485471183175,0.173726492605441,0.141331142152835,0.210323574730354,0.174898236092266,NaN,0.210360765181666,0.0550975586465926,0.40189384702918,0.76671387672342,NaN,0.386864072068593,0.246326699218178,0.25484548025062,0.314803615366134
0.236400577509722,NaN,NaN,NaN,0.1699604743083,NaN,0.118971061093248,NaN,NaN,NaN,NaN,0.0742198100407055,0.0777241748985374,0.0760046219026833,0.072731323805583,0.662521336259449,0.539421952909718,0.43763097296479,NaN,0.616045238947456,0.561844823628434,NaN
NaN,0.241219878134664,0.76884636199293,0.140088945362135,0.0909090909090909,0.144508670520231,NaN,NaN,NaN,0.057518488085456,0.0957241910631741,0.0662143826322931,0.0450264185619113,0.0957119013994094,NaN,NaN,NaN,NaN,0.270036104085498,NaN,0.480032190502289,0.190235446163023
0.512004284749552,NaN,NaN,0.111817026683609,0.0909090909090909,NaN,NaN,0.105634933376144,NaN,0.406737880032868,NaN,0.486974219810041,0.303545447584042,0.619334959558352,0.151478498901868,0.222750548646672,0.808024620783469,0.663549875301785,0.44294590823679,NaN,NaN,NaN
0.479839554758633,0.71057901344193,0.0780452980528976,0.122935196950445,NaN,0.0847784200385356,0.0905680600214362,0.0846042703483705,NaN,NaN,NaN,NaN,0.0714449804732368,0.0581589420978303,NaN,0.701007884255873,0.537046672624311,NaN,0.608782971035914,0.823557749668519,NaN,0.4934283015898
NaN,0.0160731600273534,0.173592639929992,NaN,0.209486166007905,NaN,0.137191854233655,NaN,0.134471425963119,0.107641741988496,0.176425269645609,NaN,0.0790259591086607,NaN,NaN,0.491546777208811,NaN,0.851031449447424,NaN,0.316677134476463,0.447098762026952,NaN
0.302773443867452,0.117637812956102,NaN,0.206162642947903,0.209486166007905,NaN,NaN,0.174185262481939,NaN,NaN,NaN,0.168249660786974,NaN,0.264860700988574,0.0674157303370786,NaN,0.474983725363467,NaN,0.462047137265495,0.49654787390904,0.416699735037822,0.376152584357162
0.477580746571036,0.340183920716086,NaN,0.128017789072427,0.0909090909090909,NaN,NaN,0.0789853909134693,NaN,NaN,NaN,NaN,0.161191515429972,0.242328925407626,NaN,0.410428350808746,0.981287084588444,0.441324111774221,0.572801649191378,0.881265772062879,0.685321380081037,0.48192731158922
NaN,0.0654520959000582,NaN,0.522554002541296,NaN,0.505298651252408,0.335476956055734,0.505217530903837,NaN,0.290057518488085,NaN,0.215875169606513,0.168236465272992,0.41507253819489,NaN,NaN,NaN,0.288853652900727,NaN,NaN,NaN,0.448950765075762
NaN,0.0530695979668698,NaN,0.10292249047014,NaN,0.0968208092485549,0.0782422293676313,0.0969658051051533,0.0418112105167062,0.0328677074774034,NaN,NaN,0.0363733823416801,0.0478880472461163,NaN,0.630252783873852,0.49136569283286,0.596651076069895,0.330808813598669,0.444276359183196,NaN,0.259686679314373
0.154355773932888,0.345323902548557,NaN,0.222045743329098,0.288537549407115,0.146917148362235,NaN,NaN,0.207321526383056,0.217748562037798,0.260015408320493,NaN,0.137835975189524,0.25998202593401,NaN,0.537226692676583,0.679929814900801,0.968558520513454,NaN,NaN,0.181685045563174,0.563049367476617
0.705487506694921,0.307974320503792,NaN,NaN,NaN,NaN,NaN,NaN,0.164049662223845,0.146261298274445,0.221302003081664,0.147489823609227,NaN,NaN,NaN,0.43509713078111,0.408566875339784,0.434101176864298,NaN,0.276955735796983,0.605473719987117,0.257557556728276
NaN,0.0133072047521357,NaN,0.167090216010165,0.24901185770751,0.154624277456647,0.173097534833869,0.154759993578424,NaN,0.229252259654889,0.348805855161787,NaN,0.165173443602113,NaN,0.0559569659738358,0.431358205315777,0.672533313422667,0.781590878305698,0.637044827536954,0.335021689752127,0.543925177101146,NaN
0.390197471066297,0.25564775406473,NaN,NaN,0.0513833992094862,0.0438342967244701,0.045016077170418,0.0436667201798041,0.0697462114296148,NaN,0.060477657935285,NaN,0.0721341603491845,0.0605340865322891,0.0194798994175128,0.712387222628627,NaN,0.406269172848458,NaN,0.615721074515048,NaN,NaN
0.157121067461519,NaN,NaN,0.143265565438374,0.1699604743083,0.136801541425819,0.127009646302251,NaN,NaN,NaN,0.229006163328197,NaN,0.169385098399571,0.229105148286044,NaN,0.444891489880517,0.749524593950735,NaN,NaN,0.495823006219905,NaN,0.401265046766136
0.35794541601658,NaN,0.45660759726876,0.0533672172808132,0.0513833992094862,NaN,0.0568060021436227,0.0508909937389629,0.108727405513968,0.0928512736236647,NaN,0.104613297150611,0.0725170380580443,0.134805494928746,0.0168698475347742,NaN,0.170345862275742,NaN,NaN,0.232144505300314,0.349546325673927,0.23161249968933
0.860832964627529,NaN,0.21106658836805,0.0346251588310038,0.0118577075098814,NaN,0.0326902465166131,0.0414191684058436,0.136388533868906,0.108463434675431,0.183936825885978,NaN,0.0690711386783061,0.184041597124149,0.0176655950599994,NaN,NaN,NaN,0.207721526471116,0.373680549458713,NaN,0.155568856818577
0.0811540879770859,0.0830501035957419,0.117597614195079,NaN,0.328063241106719,NaN,0.197749196141479,0.204848290255258,0.169800985941209,0.153656532456861,0.216486902927581,0.133378561736771,NaN,0.216459108999872,NaN,0.406648784849224,NaN,NaN,0.910440750445719,0.879007876745479,0.505872675797689,NaN
NaN,0.0347469304020331,NaN,0.0505082592121982,0.0909090909090909,0.0375722543352601,NaN,NaN,0.0210881869636662,0.0172555464256368,0.0196456086286595,0.0204884667571235,0.0287924037062562,0.0197714725895494,0.020307476843747,0.663821832073478,0.697028099705773,0.338039728133989,NaN,0.322858770111139,NaN,NaN
0.184808932771348,0.0499852006083061,NaN,0.0324015247776366,0.0513833992094862,NaN,0.0230439442658092,NaN,0.00620777798064634,NaN,0.00404468412942989,0.00244233378561736,0.0140898996860403,0.00410835794068558,NaN,0.728602779809803,NaN,0.575910536003123,0.374785864208212,NaN,NaN,NaN
NaN,NaN,0.0583036834893548,0.174714104193138,0.130434782608696,0.104046242774566,NaN,0.104190078664312,0.216633193354026,0.216105176663928,0.189907550077042,0.179511533242877,NaN,NaN,0.0908425374797084,NaN,0.873881483313539,NaN,0.910135016515237,0.963605789036489,0.704746008217564,NaN
0.709126050811541,0.266513569511212,0.689615070180893,NaN,0.0909090909090909,0.121868978805395,0.10075026795284,0.12200995344357,0.0662771590286653,NaN,NaN,NaN,0.0445669653112796,NaN,NaN,0.618954726489474,0.430553384307751,0.589515788467208,0.361952813556723,0.549298881857822,NaN,NaN
NaN,NaN,0.325883450205534,0.085133418043202,0.0909090909090909,NaN,0.0396570203644159,0.0332316583721304,0.122603615117765,NaN,NaN,NaN,NaN,0.167223006804468,0.0132412388197473,0.66044867105584,0.474113411467144,0.764611204513039,NaN,NaN,NaN,0.154856387781984
NaN,NaN,NaN,0.0412960609911055,NaN,NaN,0.0444801714898178,0.0468775084283192,0.049388351287201,0.0410846343467543,0.0614406779661017,0.0503392130257802,0.0393598284707864,NaN,0.00528376356749531,0.747012923677152,0.163119690326916,NaN,0.238223864856563,0.438569714487674,0.422972345351239,NaN
0.779539156556365,0.263735366463558,NaN,0.031130876747141,0.0118577075098814,NaN,0.0278670953912112,0.0406164713437149,0.0628993974803725,0.0493015612161052,0.0793528505392912,0.0729986431478969,0.0368328355923118,NaN,0.00875322277747716,0.707754206291149,0.252687356649035,0.4785423456013,NaN,0.201720322633656,0.380538359013963,NaN
NaN,NaN,0.0782525590981842,0.0870393900889454,0.0909090909090909,NaN,NaN,0.073366511478568,0.310115026474347,0.239934264585045,0.341486902927581,0.26729986431479,0.270081935829696,NaN,0.0386733297259446,0.570064211980818,0.845791110665195,NaN,0.657034691851477,0.576539949889581,NaN,NaN
0.144569545676827,NaN,0.202637972526397,0.106099110546379,NaN,0.0910404624277456,0.117899249732047,NaN,0.394832937739639,NaN,NaN,NaN,NaN,0.47021440493003,0.115383391157654,0.337559944728928,NaN,0.535186409886616,0.598466484889675,NaN,NaN,0.476045299775489
0.686922199194281,0.253549302387295,NaN,NaN,NaN,0.11271676300578,NaN,NaN,NaN,0.101889893179951,0.12557781201849,NaN,0.0677693544681828,0.125561689562203,NaN,NaN,0.174851428318101,NaN,NaN,NaN,NaN,NaN
0.545403208904827,0.193980219847515,0.0789376719978813,0.214104193138501,0.1699604743083,NaN,0.191318327974277,NaN,0.141409530765017,0.119967132292523,NaN,0.137042062415197,NaN,NaN,0.0556386669637457,0.420344631390718,NaN,NaN,0.45558947978766,0.306587516517754,0.334102803189511,NaN
0.178859185431851,0.0470886024271002,NaN,0.0565438373570521,NaN,0.0486512524084778,NaN,0.0488039813774282,0.0225488406061713,0.0172555464256368,NaN,NaN,0.0150088061873038,0.0342791115675953,0.0266734570455486,0.607494107128343,NaN,0.585746954256073,0.45721758980776,NaN,0.486253196362064,NaN
0.36050695107468,NaN,0.0568413416698332,0.0254129606099111,NaN,NaN,0.0235798499464094,0.0178198747792583,0.0161584809202118,NaN,NaN,0.0120759837177748,0.0222069071138678,0.0130311978431121,0.0136868574338734,NaN,NaN,NaN,NaN,0.186829019019898,0.258363925283869,0.143742699263506
NaN,0.07668126192882,0.263290614528999,NaN,NaN,NaN,0.0685959271168275,0.0539412425750522,0.068650721197736,0.0550534100246508,0.0999614791987673,NaN,NaN,0.0999486455257415,0.011999872680396,0.70312118995367,0.558550192379037,0.751683226695776,0.392909504022182,NaN,NaN,NaN
0.282892438814242,NaN,0.378827132773729,NaN,NaN,NaN,NaN,0.0242414512762883,NaN,0.0221857025472473,0.038713405238829,0.0199457259158752,0.0322383030859943,NaN,NaN,0.701536210680322,0.476059368007448,0.28909269101137,0.256345696663848,0.329880081671428,NaN,0.194630385975958
0.350051230701162,0.12029966216561,0.440556380761569,NaN,NaN,NaN,0.0766345123258307,NaN,0.0800620777798065,0.0640920295809367,0.0953389830508475,0.0723202170963365,0.0643234550884447,NaN,NaN,0.586239128667805,NaN,NaN,0.408777836296928,NaN,0.558706294141827,0.31723719419752
0.821251426309294,0.306349449360564,NaN,0.0117534942820839,NaN,NaN,NaN,0.0221544389147536,NaN,0.0361544782251438,0.060477657935285,0.0525101763907734,0.0227429359062715,NaN,NaN,0.730472242542469,NaN,0.395823207413369,NaN,NaN,0.257908827386662,NaN
0.166913117388166,0.0863896628800637,0.198320034082927,NaN,0.0909090909090909,NaN,0.067524115755627,NaN,NaN,NaN,NaN,0.0667571234735414,NaN,0.0821029657208884,NaN,0.691050963179712,0.305454511515909,NaN,0.352999745251858,0.502058669259982,0.200037991554664,0.245592633401543
0.474122674242601,0.182928646519081,NaN,0.444726810673443,NaN,0.382947976878613,NaN,0.382886498635415,0.656289939748037,NaN,NaN,NaN,0.619419557393369,0.644948003594813,0.237610211032244,0.159229456230188,NaN,0.873393464698055,NaN,0.919555444499222,0.885444341037819,0.855364643309833
NaN,NaN,0.423238568977627,NaN,0.0513833992094862,0.0404624277456647,NaN,0.0404559319312891,NaN,0.0468364831552999,NaN,NaN,NaN,NaN,0.0134640481268103,NaN,0.340708057520049,0.749886456897444,NaN,0.396617434193495,0.368467365521463,NaN
NaN,0.326494993723017,0.957845406289221,0.0212833545108005,NaN,0.0284200385356455,0.030010718113612,0.0282549365869321,0.0597042176373927,0.0460147904683648,0.086864406779661,NaN,0.032927482961942,0.0869816407754526,0.0130820893147022,NaN,0.492133342355354,0.228564257428109,0.146251107178094,NaN,0.431001731418393,0.109349499200543
0.786111822648627,0.279334945956704,0.191071654749157,0.0304955527318933,0.0118577075098814,0.0414258188824663,0.0316184351554126,NaN,0.0869088917290488,NaN,NaN,0.0985074626865672,0.0475534114403859,0.10752343047888,NaN,0.71921482565228,0.446611025687093,0.446132761766651,0.121350335104999,0.180311963243355,NaN,NaN
0.371376010059847,0.121097808669382,0.0640206339885086,0.0679796696315121,NaN,0.0592485549132948,NaN,0.0593995825975277,NaN,0.453574363188168,0.555855161787365,NaN,0.281721418179034,NaN,0.036477066556323,0.509144111192392,NaN,0.492051982821128,NaN,0.376494476823369,NaN,0.240810392106506
NaN,0.32526409259316,0.675383145071217,0.0054002541296061,0,NaN,NaN,NaN,NaN,NaN,0.0306240369799692,0.0217096336499322,0.0107971513898461,NaN,0.0116815736703059,0.746322035275949,0.825507896990301,NaN,NaN,0.438069960987711,NaN,0.0866954691939987
0.13044035116317,0.0233769149902528,0.199563600354647,NaN,NaN,NaN,0.0578778135048232,NaN,0.0483841519079788,NaN,0.0575885978428351,NaN,NaN,NaN,0.0116179138682879,0.735958709257905,NaN,NaN,0.339799850043926,NaN,NaN,0.268445491976439
0.184308269100901,NaN,0.0548147892270315,0.195679796696315,0.24901185770751,NaN,NaN,0.145288168245304,NaN,0.280197206244864,NaN,NaN,NaN,0.332584413917063,NaN,NaN,NaN,0.960148362987339,0.569875209570575,NaN,0.390661284381467,0.497309600934494
NaN,NaN,NaN,0.170266836086404,0.1699604743083,NaN,0.163987138263666,NaN,NaN,0.292522596548891,NaN,NaN,0.191515429971667,0.410643214790089,NaN,0.40087783467447,0.656692667197099,0.666111567054174,NaN,0.346660093332343,0.296792783206131,NaN
NaN,0.131585984465742,NaN,NaN,0.24901185770751,0.211464354527938,0.19882100750268,0.211269866752288,NaN,NaN,NaN,0.161329715061058,NaN,0.227885479522403,0.0825667632173664,0.468910021945867,0.563634412164795,NaN,NaN,0.448846177223397,0.38626422903836,0.376341057270912
0.220123186549612,0.106431101176807,0.184617776088984,0.256353240152478,0.288537549407115,0.252890173410405,0.193997856377278,0.252689035158131,NaN,0.148726376335251,0.201271186440678,0.137177747625509,NaN,0.20124534600077,NaN,NaN,NaN,NaN,NaN,NaN,NaN,0.42492150413812
0.665411126376825,NaN,0.643557060117218,NaN,0.288537549407115,NaN,NaN,0.409696580510515,0.567463940113201,NaN,0.589368258859784,NaN,0.439620185312811,0.589420978302735,0.249037145494478,0.266113955945704,NaN,0.802474841238855,0.555508065246622,0.576308082274734,0.661482791694174,0.467317554077228
0.515363388678015,NaN,0.0568125554135433,0.183926302414231,NaN,0.16859344894027,NaN,NaN,NaN,0.28759244042728,NaN,0.33270013568521,NaN,NaN,0.172040614953687,NaN,0.699807037642826,0.618726245587755,0.483835606630539,NaN,0.745601610058954,NaN
NaN,0.0610816824356737,0.151289048556657,NaN,NaN,0.108381502890173,NaN,0.108524642799807,0.103980281175826,0.0870994248151191,0.119029275808937,0.0959294436906377,0.0764223906884141,0.119013994094235,NaN,NaN,0.837603626852334,NaN,NaN,0.723730862479993,NaN,NaN
NaN,NaN,0.139383052955197,0.143900889453621,NaN,NaN,NaN,0.145769786482581,0.121599415738543,NaN,0.141949152542373,0.117910447761194,0.0867600888276284,NaN,NaN,NaN,0.418856645534916,0.611861867843797,0.489366660682165,NaN,NaN,0.389333261534128
NaN,0.0765465364320198,NaN,NaN,0.209486166007905,NaN,0.128617363344051,0.15411783592872,0.144239547197371,0.128184059161873,0.170454545454545,0.112483039348711,0.102381499349108,NaN,0.130948212751058,0.531537023490206,0.724010163773009,0.383229882951005,0.56044410429812,NaN,0.262579030441289,0.256907221619293
NaN,NaN,NaN,0.103557814485388,0.130434782608696,NaN,0.119506966773848,0.0846042703483705,NaN,NaN,NaN,NaN,NaN,NaN,NaN,0.376574819149801,0.925978986469302,0.52749735066094,0.475752551142633,0.71084307514987,NaN,NaN
0.481498730875812,NaN,NaN,0.0911689961880559,0.0909090909090909,0.0876685934489403,0.0760986066452305,0.0876545191844598,NaN,NaN,0.0835901386748844,NaN,0.0882915996630676,NaN,NaN,0.709867511988946,0.37811288881215,NaN,0.322077226112751,0.495260220746974,0.518898351682572,NaN
NaN,NaN,0.452934470966182,0,NaN,0,0,NaN,0.010041993792222,0.00986031224322103,0.012904468412943,0.00841248303934871,NaN,NaN,0.00534742336951332,NaN,0.181064956215978,NaN,0.177868624087024,0.401324571889091,NaN,NaN
0.37058426286007,0.112667258642334,NaN,0.00190597204574333,0.0118577075098814,NaN,0.00214362272240086,NaN,0.00639035968595948,NaN,NaN,NaN,NaN,0,NaN,NaN,NaN,0.405504250894401,0.221631425904361,0.347603321784975,0.388628691720332,0.146203202796855
0.168484968446545,0.0566888147218225,0.258650270015084,NaN,NaN,0.111271676300578,NaN,0.111414352223471,0.122238451707139,NaN,NaN,0.120624151967436,NaN,NaN,0.0196072190215488,0.584247744452573,NaN,0.96999274917731,NaN,0.638761511776849,0.266165095103449,NaN
0.16114966350744,0.08090878471478,0.260106854583348,NaN,0.407114624505929,NaN,0.437299035369775,NaN,NaN,NaN,NaN,0.577340569877883,0.286851979477755,0.584542303248171,0.0541744915173314,NaN,0.375158954783343,0.992812920806674,NaN,0.513798374225326,0.404335574864716,0.757611406132204
NaN,0.123863763944599,0.0107487880986102,0.18869123252859,NaN,0.192196531791907,NaN,0.192005137261198,0.408435274785467,0.338537387017255,0.558936825885978,NaN,0.22329427980703,0.558865066118886,NaN,0.539583841339511,NaN,NaN,0.308055953467694,NaN,NaN,0.201767503127408
0.749732203153017,0.268095573450912,0.164093175354359,0.0749682337992376,NaN,0.0284200385356455,NaN,0.0284154759993578,NaN,NaN,NaN,NaN,0.0272608928708171,0.043266144562845,0.0196072190215488,NaN,NaN,NaN,0.442565865231543,0.862234618510239,NaN,NaN
NaN,NaN,0.255391665803079,0.0517789072426938,0.0909090909090909,0.0481695568400771,NaN,NaN,0.00812488588643418,0.0115036976170912,0.00674114021571648,0.00691994572591588,0.0140898996860403,0.00686866093208372,0.0139733265429544,NaN,0.526682237430031,NaN,0.274247494057534,0.388184656667094,0.272053341210427,0.200657376954112
NaN,0.0853281892689101,0.291955968542379,0.353240152477764,0.367588932806324,0.32514450867052,NaN,NaN,0.267664779989045,0.211175020542317,NaN,0.21763907734057,NaN,0.323661574014636,0.257376579558838,0.280297488417459,NaN,0.55856433710748,0.713248150906363,0.583138046774226,0.555432080531419,0.613228727414317
0.523304147358126,0.204752135705319,NaN,NaN,NaN,NaN,0.0546623794212219,0.0455931931289131,0.256070841701662,NaN,0.311633281972265,NaN,0.158128493759093,0.311657465656695,NaN,NaN,0.798318170894183,0.54945698509199,0.288931762754086,0.741703979343522,0.547622903124205,0.207268426851798
0.119192883589875,0.0663645549465691,NaN,0.188373570520966,0.24901185770751,NaN,0.211146838156484,0.135174185262482,0.161128354938835,NaN,0.197996918335901,0.140976933514247,NaN,0.198099884452433,0.0309068338797466,0.511541900349508,0.652009771781763,0.97507629299698,0.599428525246915,NaN,0.250731804536565,0.563681062407317
NaN,0.0417771517805199,0.227589899478393,0.110546378653113,0.1699604743083,NaN,0.105573419078242,0.100658211590946,NaN,NaN,NaN,0.0880597014925373,0.0762692396048702,NaN,0.0129547697106662,NaN,0.482858549492395,NaN,NaN,0.695152616164549,0.195209416211272,0.381264135468531
0.554147358125888,0.234073302918032,0.55191313459302,NaN,0.288537549407115,0.376204238921002,0.389603429796356,0.375983303901108,0.465218185137849,0.437962202136401,0.464175654853621,0.47910447761194,0.431886055593843,0.464180254204648,0.190724766845975,0.240835568560514,NaN,0.775646797287714,NaN,NaN,0.764758873741696,NaN
0.369903127401439,NaN,0.0207779197899754,0.218551461245235,0.209486166007905,0.161849710982659,NaN,NaN,NaN,0.123253903040263,NaN,0.0355495251017639,NaN,0.0657979201437926,NaN,0.619848817361619,0.352631124571551,NaN,NaN,NaN,0.569013838890896,0.476086722393896
NaN,NaN,0.134472117632158,0.166454891994917,0.209486166007905,NaN,0.111468381564845,0.156525927115107,NaN,0.124075595727198,0.198189522342065,0.113297150610583,NaN,NaN,0.14469872998695,0.543891733723482,NaN,NaN,0.673655335707969,0.381381705870303,0.457252383147053,0.420265601829223
0.348194117784039,0.109897220776305,NaN,NaN,0.0909090909090909,0.0655105973025048,0.0744908896034298,0.0655000802697062,0.0452802629176557,0.037797863599014,NaN,0.0415196743554953,NaN,0.0520605982796251,0.0151192029792787,NaN,0.331160270753953,0.812996502075647,0.407484749915611,NaN,0.632520236953415,NaN
