7265.71677837474,661.443633692181,-174.541026549991,127.962124424052,0,-807.404311782792,0,0,0,-179.223746260054,0,534.14287720872,0,-451.555881879328,0,0,0,-469.606727419647,0,1815.39014090432,1773.9467518336,0,0,0,-1417.26010037947,0,0,1019.89619602475,0,0,0,0,-2180.41300769736,0,-9.85639695952098,-459.05123289906,0,1247.49455033522,0,1441.78198306439,0,1109.83482575029,0,583.986845543285,2300.50712537087,0,4.35729501752056,-325.698084423878,0,0,0,0,0,0,0,662.286179898538,0,0,0,0
661.443633692181,4259.90379806745,209.189522242999,-100.641085987107,0,-597.058397545405,0,0,0,-172.298887308917,0,-1374.57359785334,0,-13.928033568943,0,0,0,-595.081144297453,0,-6.97433993150375,1854.49884369915,0,0,0,422.12200837993,0,0,241.491420752929,0,0,0,0,29.1948746588113,0,1152.7499552341,-39.7976890806672,0,546.288350510684,0,-198.761663000553,0,-321.753447618972,0,-499.769920574241,86.239751776981,0,-182.362241489577,-238.291999584851,0,0,0,0,0,0,0,61.1781739464603,0,0,0,0
-174.541026549991,209.189522242999,1134.58237970941,131.20404599585,0,-66.2522397193139,0,0,0,-349.438239170021,0,-185.14636352123,0,88.018421519288,0,0,0,-21.8046117524946,0,630.694827865766,124.543663158937,0,0,0,-170.010971921943,0,0,-299.317230929692,0,0,0,0,336.409207845034,0,589.762293472928,-234.800272263837,0,-243.116758922751,0,148.65487231729,0,25.9712041708664,0,317.666206809008,96.0240664004253,0,528.012200067351,558.357493646157,0,0,0,0,0,0,0,204.308016524537,0,0,0,0
127.962124424052,-100.641085987107,131.20404599585,908.059030955401,0,449.497459104442,0,0,0,-808.250690054711,0,-282.426798637741,0,219.910234131052,0,0,0,-135.350664158896,0,-254.905920501969,571.476927138312,0,0,0,-428.209625533348,0,0,368.723899058995,0,0,0,0,249.703894668212,0,236.823648167688,-67.9381065214944,0,353.380289054778,0,-132.0282840782,0,464.866968470788,0,-31.7301003494866,596.032856480484,0,-22.3586562944188,-157.270181493589,0,0,0,0,0,0,0,-17.6649984116168,0,0,0,0
0,0,0,0,0.00877172403938222,0,0,0,0,0,0,0,0,0,0,0,0,0,0,0,0,0,0,0,0,0,0,0,0,0,0,0,0,0,0,0,0,0,0,0,0,0,0,0,0,0,0,0,0,0,0,0,0,0,0,0,0,0,0,0
-807.404311782792,-597.058397545405,-66.2522397193139,449.497459104442,0,6847.1589220005,0,0,0,-2277.56949185077,0,-849.629002868241,0,-202.129571362625,0,0,0,505.670400402556,0,476.334712325706,887.287389988168,0,0,0,-964.672788028228,0,0,1232.09447500608,0,0,0,0,824.633437246913,0,1449.95370589501,1019.60707640582,0,-75.7961571379832,0,-541.921976997005,0,-334.368915072972,0,-632.832668629665,1135.47101073768,0,556.053876128671,460.543627575486,0,0,0,0,0,0,0,-483.534664144092,0,0,0,0
0,0,0,0,0,0,0.0225472799737393,0,0,0,0,0,0,0,0,0,0,0,0,0,0,0,0,0,0,0,0,0,0,0,0,0,0,0,0,0,0,0,0,0,0,0,0,0,0,0,0,0,0,0,0,0,0,0,0,0,0,0,0,0
0,0,0,0,0,0,0,0.0616209281611632,0,0,0,0,0,0,0,0,0,0,0,0,0,0,0,0,0,0,0,0,0,0,0,0,0,0,0,0,0,0,0,0,0,0,0,0,0,0,0,0,0,0,0,0,0,0,0,0,0,0,0,0
0,0,0,0,0,0,0,0,0.0206409769484904,0,0,0,0,0,0,0,0,0,0,0,0,0,0,0,0,0,0,0,0,0,0,0,0,0,0,0,0,0,0,0,0,0,0,0,0,0,0,0,0,0,0,0,0,0,0,0,0,0,0,0
-179.223746260054,-172.298887308917,-349.438239170021,-808.250690054711,0,-2277.56949185077,0,0,0,12451.7313131314,0,-244.9738700104,0,572.686756690169,0,0,0,728.438846905964,0,-1195.54857434719,-1162.45645024703,0,0,0,332.800929591201,0,0,433.601337199912,0,0,0,0,82.1423798062505,0,1251.17871050499,-1787.38575367426,0,341.958810673327,0,908.697865127093,0,-75.6376359962099,0,-1203.0309563857,-1467.71045154498,0,-806.924485277176,1187.63054381809,0,0,0,0,0,0,0,182.536403789799,0,0,0,0
0,0,0,0,0,0,0,0,0,0,0.0384621562536196,0,0,0,0,0,0,0,0,0,0,0,0,0,0,0,0,0,0,0,0,0,0,0,0,0,0,0,0,0,0,0,0,0,0,0,0,0,0,0,0,0,0,0,0,0,0,0,0,0
534.14287720872,-1374.57359785334,-185.14636352123,-282.426798637741,0,-849.629002868241,0,0,0,-244.9738700104,0,8695.19648281507,0,-476.732619088699,0,0,0,355.446836956418,0,-584.517194337802,-1710.42711646718,0,0,0,-574.876628660733,0,0,1929.73681686097,0,0,0,0,-1402.1424324145,0,-1461.86331331066,-66.2720509438263,0,774.617107953093,0,361.581939415938,0,390.857389336347,0,-715.130928943854,119.229721184653,0,-259.071582732452,-14.4276552226606,0,0,0,0,0,0,0,443.992619753579,0,0,0,0
0,0,0,0,0,0,0,0,0,0,0,0,0.024429774336499,0,0,0,0,0,0,0,0,0,0,0,0,0,0,0,0,0,0,0,0,0,0,0,0,0,0,0,0,0,0,0,0,0,0,0,0,0,0,0,0,0,0,0,0,0,0,0
-451.555881879328,-13.928033568943,88.018421519288,219.910234131052,0,-202.129571362625,0,0,0,572.686756690169,0,-476.732619088699,0,9861.26239307587,0,0,0,1471.25432310865,0,382.056113887776,-770.267965513836,0,0,0,-1412.62663291212,0,0,655.793837847319,0,0,0,0,3379.41776893235,0,-4507.90120595869,2217.9790534661,0,-626.366916103909,0,-1126.0899168433,0,-279.984999673571,0,299.861804365628,433.655721407691,0,776.753089035862,520.494017320941,0,0,0,0,0,0,0,-433.78360543943,0,0,0,0
0,0,0,0,0,0,0,0,0,0,0,0,0,0,0.0525833676442275,0,0,0,0,0,0,0,0,0,0,0,0,0,0,0,0,0,0,0,0,0,0,0,0,0,0,0,0,0,0,0,0,0,0,0,0,0,0,0,0,0,0,0,0,0
0,0,0,0,0,0,0,0,0,0,0,0,0,0,0,0.0861127543595663,0,0,0,0,0,0,0,0,0,0,0,0,0,0,0,0,0,0,0,0,0,0,0,0,0,0,0,0,0,0,0,0,0,0,0,0,0,0,0,0,0,0,0,0
0,0,0,0,0,0,0,0,0,0,0,0,0,0,0,0,0.0797161805932195,0,0,0,0,0,0,0,0,0,0,0,0,0,0,0,0,0,0,0,0,0,0,0,0,0,0,0,0,0,0,0,0,0,0,0,0,0,0,0,0,0,0,0
-469.606727419647,-595.081144297453,-21.8046117524946,-135.350664158896,0,505.670400402556,0,0,0,728.438846905964,0,355.446836956418,0,1471.25432310865,0,0,0,14566.0064339403,0,1084.09758503367,1034.85607328269,0,0,0,-541.646388508428,0,0,-422.978743426348,0,0,0,0,-873.223431650464,0,-494.458209496466,749.0242470844,0,467.589250525014,0,1257.37797424717,0,1368.90313549746,0,-136.208212641903,-1244.25440420941,0,-246.271611064992,-323.267123116651,0,0,0,0,0,0,0,-416.868098235428,0,0,0,0
0,0,0,0,0,0,0,0,0,0,0,0,0,0,0,0,0,0,0.0794417381035928,0,0,0,0,0,0,0,0,0,0,0,0,0,0,0,0,0,0,0,0,0,0,0,0,0,0,0,0,0,0,0,0,0,0,0,0,0,0,0,0,0
1815.39014090432,-6.97433993150375,630.694827865766,-254.905920501969,0,476.334712325706,0,0,0,-1195.54857434719,0,-584.517194337802,0,382.056113887776,0,0,0,1084.09758503367,0,15052.2315759165,600.614154893566,0,0,0,-1056.02922383075,0,0,-327.010648520267,0,0,0,0,587.834934130976,0,457.933094605415,-460.976290147405,0,-769.167080064227,0,1072.63410420421,0,1215.07587597388,0,1776.48820973461,1122.34931377783,0,1329.21983659273,-1050.95473564628,0,0,0,0,0,0,0,-136.759000212898,0,0,0,0
1773.9467518336,1854.49884369915,124.543663158937,571.476927138312,0,887.287389988168,0,0,0,-1162.45645024703,0,-1710.42711646718,0,-770.267965513836,0,0,0,1034.85607328269,0,600.614154893566,18302.7830560732,0,0,0,495.567451641594,0,0,-1839.16391317065,0,0,0,0,12.7228501715338,0,2383.74257037091,3687.16969404914,0,-1439.48406259089,0,-52.9841292742807,0,608.694820555601,0,1059.15349919353,49.4812162644073,0,-944.693190596773,1352.87420770086,0,0,0,0,0,0,0,-1513.0371335547,0,0,0,0
0,0,0,0,0,0,0,0,0,0,0,0,0,0,0,0,0,0,0,0,0,0.0712788698215509,0,0,0,0,0,0,0,0,0,0,0,0,0,0,0,0,0,0,0,0,0,0,0,0,0,0,0,0,0,0,0,0,0,0,0,0,0,0
0,0,0,0,0,0,0,0,0,0,0,0,0,0,0,0,0,0,0,0,0,0,0.0620017706724039,0,0,0,0,0,0,0,0,0,0,0,0,0,0,0,0,0,0,0,0,0,0,0,0,0,0,0,0,0,0,0,0,0,0,0,0,0
0,0,0,0,0,0,0,0,0,0,0,0,0,0,0,0,0,0,0,0,0,0,0,0.0560492123253769,0,0,0,0,0,0,0,0,0,0,0,0,0,0,0,0,0,0,0,0,0,0,0,0,0,0,0,0,0,0,0,0,0,0,0,0
-1417.26010037947,422.12200837993,-170.010971921943,-428.209625533348,0,-964.672788028228,0,0,0,332.800929591201,0,-574.876628660733,0,-1412.62663291212,0,0,0,-541.646388508428,0,-1056.02922383075,495.567451641594,0,0,0,13584.1438588769,0,0,-789.953511934379,0,0,0,0,1458.70244841814,0,793.608381919926,2529.49251150675,0,-760.416635140583,0,507.646396857675,0,-704.60635560968,0,1123.44880625781,384.355931400953,0,47.3372036921758,338.741353151927,0,0,0,0,0,0,0,-1183.22599673331,0,0,0,0
0,0,0,0,0,0,0,0,0,0,0,0,0,0,0,0,0,0,0,0,0,0,0,0,0,0.0438253172712582,0,0,0,0,0,0,0,0,0,0,0,0,0,0,0,0,0,0,0,0,0,0,0,0,0,0,0,0,0,0,0,0,0,0
0,0,0,0,0,0,0,0,0,0,0,0,0,0,0,0,0,0,0,0,0,0,0,0,0,0,0.0594887711156464,0,0,0,0,0,0,0,0,0,0,0,0,0,0,0,0,0,0,0,0,0,0,0,0,0,0,0,0,0,0,0,0,0
1019.89619602475,241.491420752929,-299.317230929692,368.723899058995,0,1232.09447500608,0,0,0,433.601337199912,0,1929.73681686097,0,655.793837847319,0,0,0,-422.978743426348,0,-327.010648520267,-1839.16391317065,0,0,0,-789.953511934379,0,0,13567.6129166092,0,0,0,0,-470.470215082987,0,2102.63154033243,-2216.44205361272,0,-238.743394132656,0,1437.85468113861,0,2534.93861145969,0,-196.555826419228,-2609.96672366543,0,-849.05728642086,-334.783671906253,0,0,0,0,0,0,0,-166.255621233134,0,0,0,0
0,0,0,0,0,0,0,0,0,0,0,0,0,0,0,0,0,0,0,0,0,0,0,0,0,0,0,0,0.0256923017095664,0,0,0,0,0,0,0,0,0,0,0,0,0,0,0,0,0,0,0,0,0,0,0,0,0,0,0,0,0,0,0
0,0,0,0,0,0,0,0,0,0,0,0,0,0,0,0,0,0,0,0,0,0,0,0,0,0,0,0,0,0.0412622456183074,0,0,0,0,0,0,0,0,0,0,0,0,0,0,0,0,0,0,0,0,0,0,0,0,0,0,0,0,0,0
0,0,0,0,0,0,0,0,0,0,0,0,0,0,0,0,0,0,0,0,0,0,0,0,0,0,0,0,0,0,0.0397273560153048,0,0,0,0,0,0,0,0,0,0,0,0,0,0,0,0,0,0,0,0,0,0,0,0,0,0,0,0,0
0,0,0,0,0,0,0,0,0,0,0,0,0,0,0,0,0,0,0,0,0,0,0,0,0,0,0,0,0,0,0,0.0399522756300554,0,0,0,0,0,0,0,0,0,0,0,0,0,0,0,0,0,0,0,0,0,0,0,0,0,0,0,0
-2180.41300769736,29.1948746588113,336.409207845034,249.703894668212,0,824.633437246913,0,0,0,82.1423798062505,0,-1402.1424324145,0,3379.41776893235,0,0,0,-873.223431650464,0,587.834934130976,12.7228501715338,0,0,0,1458.70244841814,0,0,-470.470215082987,0,0,0,0,11205.1912279982,0,-1963.23668672414,3318.4879954209,0,56.0438026951019,0,-1110.40174678293,0,636.821765190201,0,412.988278873478,-533.520170025744,0,810.647744770046,960.993859640617,0,0,0,0,0,0,0,-387.556927251165,0,0,0,0
0,0,0,0,0,0,0,0,0,0,0,0,0,0,0,0,0,0,0,0,0,0,0,0,0,0,0,0,0,0,0,0,0,0.0559695395154887,0,0,0,0,0,0,0,0,0,0,0,0,0,0,0,0,0,0,0,0,0,0,0,0,0,0
-9.85639695952098,1152.7499552341,589.762293472928,236.823648167688,0,1449.95370589501,0,0,0,1251.17871050499,0,-1461.86331331066,0,-4507.90120595869,0,0,0,-494.458209496466,0,457.933094605416,2383.74257037091,0,0,0,793.608381919926,0,0,2102.63154033243,0,0,0,0,-1963.23668672414,0,18781.4914263757,-1772.09244224492,0,-2744.94755665003,0,273.716705341883,0,1737.96791028679,0,317.488613633077,1840.22312511821,0,-1583.15833589872,81.0928345935785,0,0,0,0,0,0,0,315.259617912954,0,0,0,0
-459.05123289906,-39.7976890806672,-234.800272263837,-67.9381065214944,0,1019.60707640582,0,0,0,-1787.38575367426,0,-66.2720509438263,0,2217.9790534661,0,0,0,749.0242470844,0,-460.976290147405,3687.16969404914,0,0,0,2529.49251150675,0,0,-2216.44205361272,0,0,0,0,3318.4879954209,0,-1772.09244224492,12099.4221010431,0,-91.0035486370178,0,-42.3636261038486,0,1068.06687500999,0,-47.9907458897839,903.485400209443,0,64.7451578064212,717.294033630388,0,0,0,0,0,0,0,-286.197223715344,0,0,0,0
0,0,0,0,0,0,0,0,0,0,0,0,0,0,0,0,0,0,0,0,0,0,0,0,0,0,0,0,0,0,0,0,0,0,0,0,0.0716824307419169,0,0,0,0,0,0,0,0,0,0,0,0,0,0,0,0,0,0,0,0,0,0,0
1247.49455033522,546.288350510684,-243.116758922751,353.380289054778,0,-75.7961571379832,0,0,0,341.958810673327,0,774.617107953093,0,-626.366916103908,0,0,0,467.589250525014,0,-769.167080064227,-1439.48406259089,0,0,0,-760.416635140583,0,0,-238.743394132656,0,0,0,0,56.0438026951019,0,-2744.94755665003,-91.0035486370179,0,15109.3676654443,0,1332.48809992784,0,1070.54320413143,0,60.8645908397429,1425.41530645033,0,2283.12571922867,-451.872880010557,0,0,0,0,0,0,0,584.222897849958,0,0,0,0
0,0,0,0,0,0,0,0,0,0,0,0,0,0,0,0,0,0,0,0,0,0,0,0,0,0,0,0,0,0,0,0,0,0,0,0,0,0,0.0388708480076378,0,0,0,0,0,0,0,0,0,0,0,0,0,0,0,0,0,0,0,0,0
1441.78198306439,-198.761663000553,148.65487231729,-132.0282840782,0,-541.921976997005,0,0,0,908.697865127093,0,361.581939415938,0,-1126.0899168433,0,0,0,1257.37797424717,0,1072.63410420421,-52.9841292742807,0,0,0,507.646396857675,0,0,1437.85468113861,0,0,0,0,-1110.40174678293,0,273.716705341883,-42.3636261038486,0,1332.48809992784,0,4852.93764880422,0,1632.95559492948,0,-388.604982964417,327.591551178993,0,432.96923682501,-561.10322394448,0,0,0,0,0,0,0,-567.199043110745,0,0,0,0
0,0,0,0,0,0,0,0,0,0,0,0,0,0,0,0,0,0,0,0,0,0,0,0,0,0,0,0,0,0,0,0,0,0,0,0,0,0,0,0,0.0317162002572469,0,0,0,0,0,0,0,0,0,0,0,0,0,0,0,0,0,0,0
1109.83482575029,-321.753447618972,25.9712041708664,464.866968470788,0,-334.368915072972,0,0,0,-75.6376359962099,0,390.857389336347,0,-279.984999673571,0,0,0,1368.90313549746,0,1215.07587597388,608.694820555601,0,0,0,-704.60635560968,0,0,2534.93861145969,0,0,0,0,636.821765190201,0,1737.96791028679,1068.06687500999,0,1070.54320413143,0,1632.95559492948,0,8810.78837856606,0,778.683196456362,469.014814325557,0,1279.71688112537,-199.723897221671,0,0,0,0,0,0,0,697.820066786468,0,0,0,0
0,0,0,0,0,0,0,0,0,0,0,0,0,0,0,0,0,0,0,0,0,0,0,0,0,0,0,0,0,0,0,0,0,0,0,0,0,0,0,0,0,0,0.0354992270527349,0,0,0,0,0,0,0,0,0,0,0,0,0,0,0,0,0
583.986845543285,-499.769920574241,317.666206809008,-31.7301003494866,0,-632.832668629665,0,0,0,-1203.0309563857,0,-715.130928943854,0,299.861804365628,0,0,0,-136.208212641903,0,1776.48820973461,1059.15349919353,0,0,0,1123.44880625781,0,0,-196.555826419228,0,0,0,0,412.988278873478,0,317.488613633077,-47.9907458897839,0,60.8645908397429,0,-388.604982964417,0,778.683196456362,0,6687.41525051275,-1337.58468004078,0,505.71412456813,213.559766516124,0,0,0,0,0,0,0,282.31543900454,0,0,0,0
2300.50712537087,86.239751776981,96.0240664004253,596.032856480484,0,1135.47101073768,0,0,0,-1467.71045154498,0,119.229721184653,0,433.655721407691,0,0,0,-1244.25440420941,0,1122.34931377783,49.4812162644073,0,0,0,384.355931400953,0,0,-2609.96672366543,0,0,0,0,-533.520170025744,0,1840.22312511821,903.485400209443,0,1425.41530645033,0,327.591551178993,0,469.014814325557,0,-1337.58468004078,10909.9421993943,0,619.400694163576,-56.8810828152898,0,0,0,0,0,0,0,-369.345820441388,0,0,0,0
0,0,0,0,0,0,0,0,0,0,0,0,0,0,0,0,0,0,0,0,0,0,0,0,0,0,0,0,0,0,0,0,0,0,0,0,0,0,0,0,0,0,0,0,0,0.014500443076861,0,0,0,0,0,0,0,0,0,0,0,0,0,0
4.35729501752056,-182.362241489577,528.012200067351,-22.3586562944188,0,556.053876128671,0,0,0,-806.924485277176,0,-259.071582732452,0,776.753089035862,0,0,0,-246.271611064992,0,1329.21983659273,-944.693190596773,0,0,0,47.3372036921759,0,0,-849.05728642086,0,0,0,0,810.647744770046,0,-1583.15833589872,64.7451578064212,0,2283.12571922867,0,432.96923682501,0,1279.71688112537,0,505.71412456813,619.400694163576,0,7737.51277940223,559.68943461483,0,0,0,0,0,0,0,126.88960188273,0,0,0,0
-325.698084423878,-238.291999584851,558.357493646157,-157.270181493589,0,460.543627575486,0,0,0,1187.63054381809,0,-14.4276552226606,0,520.494017320941,0,0,0,-323.267123116651,0,-1050.95473564628,1352.87420770086,0,0,0,338.741353151927,0,0,-334.783671906253,0,0,0,0,960.993859640617,0,81.0928345935785,717.294033630389,0,-451.872880010557,0,-561.10322394448,0,-199.723897221671,0,213.559766516124,-56.8810828152898,0,559.68943461483,5116.1785967654,0,0,0,0,0,0,0,-581.715990217836,0,0,0,0
0,0,0,0,0,0,0,0,0,0,0,0,0,0,0,0,0,0,0,0,0,0,0,0,0,0,0,0,0,0,0,0,0,0,0,0,0,0,0,0,0,0,0,0,0,0,0,0,0.0308311983941245,0,0,0,0,0,0,0,0,0,0,0
0,0,0,0,0,0,0,0,0,0,0,0,0,0,0,0,0,0,0,0,0,0,0,0,0,0,0,0,0,0,0,0,0,0,0,0,0,0,0,0,0,0,0,0,0,0,0,0,0,0.0229513163419358,0,0,0,0,0,0,0,0,0,0
0,0,0,0,0,0,0,0,0,0,0,0,0,0,0,0,0,0,0,0,0,0,0,0,0,0,0,0,0,0,0,0,0,0,0,0,0,0,0,0,0,0,0,0,0,0,0,0,0,0,0.008403938037293,0,0,0,0,0,0,0,0,0
0,0,0,0,0,0,0,0,0,0,0,0,0,0,0,0,0,0,0,0,0,0,0,0,0,0,0,0,0,0,0,0,0,0,0,0,0,0,0,0,0,0,0,0,0,0,0,0,0,0,0,0.00600443756781321,0,0,0,0,0,0,0,0
0,0,0,0,0,0,0,0,0,0,0,0,0,0,0,0,0,0,0,0,0,0,0,0,0,0,0,0,0,0,0,0,0,0,0,0,0,0,0,0,0,0,0,0,0,0,0,0,0,0,0,0,0.0332891716603122,0,0,0,0,0,0,0
0,0,0,0,0,0,0,0,0,0,0,0,0,0,0,0,0,0,0,0,0,0,0,0,0,0,0,0,0,0,0,0,0,0,0,0,0,0,0,0,0,0,0,0,0,0,0,0,0,0,0,0,0,0.0344119111463272,0,0,0,0,0,0
0,0,0,0,0,0,0,0,0,0,0,0,0,0,0,0,0,0,0,0,0,0,0,0,0,0,0,0,0,0,0,0,0,0,0,0,0,0,0,0,0,0,0,0,0,0,0,0,0,0,0,0,0,0,0.0213647417846381,0,0,0,0,0
662.286179898538,61.1781739464603,204.308016524537,-17.6649984116168,0,-483.534664144092,0,0,0,182.536403789799,0,443.992619753579,0,-433.78360543943,0,0,0,-416.868098235428,0,-136.759000212898,-1513.0371335547,0,0,0,-1183.22599673331,0,0,-166.255621233134,0,0,0,0,-387.556927251165,0,315.259617912954,-286.197223715344,0,584.222897849958,0,-567.199043110745,0,697.820066786468,0,282.31543900454,-369.345820441388,0,126.88960188273,-581.715990217836,0,0,0,0,0,0,0,5878.40010307826,0,0,0,0
0,0,0,0,0,0,0,0,0,0,0,0,0,0,0,0,0,0,0,0,0,0,0,0,0,0,0,0,0,0,0,0,0,0,0,0,0,0,0,0,0,0,0,0,0,0,0,0,0,0,0,0,0,0,0,0,0.0320961920047744,0,0,0
0,0,0,0,0,0,0,0,0,0,0,0,0,0,0,0,0,0,0,0,0,0,0,0,0,0,0,0,0,0,0,0,0,0,0,0,0,0,0,0,0,0,0,0,0,0,0,0,0,0,0,0,0,0,0,0,0,0.0327824194364522,0,0
0,0,0,0,0,0,0,0,0,0,0,0,0,0,0,0,0,0,0,0,0,0,0,0,0,0,0,0,0,0,0,0,0,0,0,0,0,0,0,0,0,0,0,0,0,0,0,0,0,0,0,0,0,0,0,0,0,0,0.0120761315291736,0
0,0,0,0,0,0,0,0,0,0,0,0,0,0,0,0,0,0,0,0,0,0,0,0,0,0,0,0,0,0,0,0,0,0,0,0,0,0,0,0,0,0,0,0,0,0,0,0,0,0,0,0,0,0,0,0,0,0,0,0.00770048431486126
