NaN,NaN,NaN,NaN,NaN,NaN,NaN,NaN,NaN,NaN,NaN,0.0120759837177748,NaN,NaN,NaN,NaN,NaN,0.589922153255301,0.196456379217108,NaN,0.258363925283869,NaN
NaN,0.280465823611664,0.274764816286112,0.0222363405336722,NaN,NaN,NaN,NaN,0.072211064451342,NaN,NaN,NaN,0.0394364040125584,0.0939144948003595,NaN,0.654555799398521,NaN,NaN,NaN,NaN,NaN,NaN
NaN,0,0.142710744182298,0.139771283354511,NaN,0.126685934489403,NaN,0.126826135816343,NaN,0.146261298274445,NaN,NaN,NaN,NaN,NaN,NaN,NaN,NaN,0.515240682753949,0.547522730905252,NaN,0.446279006188539
NaN,NaN,NaN,NaN,NaN,NaN,NaN,NaN,NaN,NaN,NaN,NaN,0.0739719733517115,NaN,NaN,NaN,NaN,0.803371234153765,NaN,NaN,NaN,0.122242289179584
NaN,NaN,0.258650270015084,NaN,NaN,0.111271676300578,0.202036441586281,NaN,NaN,0.111750205423172,NaN,0.120624151967436,0.0941113408377364,0.14148157658236,NaN,NaN,NaN,NaN,NaN,0.638761511776849,NaN,NaN
0.0207891856647183,0.0280188207436439,0.119842942185683,0.118170266836086,NaN,0.102601156069364,NaN,NaN,NaN,0.134757600657354,NaN,NaN,NaN,0.186673513929901,0.0342489734856925,0.527229131106234,NaN,NaN,NaN,NaN,NaN,NaN
NaN,NaN,0.645433924027312,NaN,NaN,NaN,NaN,0.0468775084283192,NaN,0.0410846343467543,NaN,NaN,0.0393598284707864,NaN,NaN,NaN,NaN,NaN,NaN,NaN,0.422972345351239,0.17814832611199
NaN,0.0607326209212366,0.245702211935933,NaN,NaN,NaN,NaN,NaN,NaN,NaN,NaN,NaN,NaN,0.180960328668635,0.0229493586274947,NaN,NaN,0.952766069336988,0.630674135180682,NaN,0.179603517644275,0.583350592757669
NaN,NaN,NaN,NaN,NaN,NaN,NaN,NaN,NaN,0.326211996713229,0.443374422187982,NaN,NaN,NaN,NaN,0.496220434040478,0.40441596804338,NaN,NaN,NaN,0.40881937907386,NaN
NaN,NaN,0.202637972526397,NaN,NaN,0.0910404624277456,NaN,0.0911863862578263,NaN,0.321281840591619,NaN,0.376797829036635,0.261505475151237,NaN,0.115383391157654,NaN,NaN,NaN,0.598466484889675,0.670464343038006,0.555670973562504,NaN
NaN,NaN,0.3706691077412,0.0463786531130877,0.0513833992094862,NaN,0.037513397642015,NaN,0.0470147891181304,NaN,NaN,NaN,NaN,NaN,0.016074100009549,0.638462163699911,0.326752702522977,0.683947794076636,NaN,0.431420087839557,0.456644251352837,NaN
NaN,0.0732967941455648,0.325883450205534,NaN,NaN,0.0332369942196532,NaN,NaN,0.122603615117765,NaN,NaN,0.0681139755766621,NaN,NaN,0.0132412388197473,0.66044867105584,NaN,NaN,NaN,NaN,NaN,NaN
0.330909577812449,NaN,0.0872856863219225,NaN,NaN,NaN,NaN,0.166639910097929,NaN,NaN,0.150231124807396,0.12550881953867,0.0938050386706486,NaN,0.0575802909252952,NaN,0.888858815486454,0.642470697911604,0.428625772086655,NaN,0.15244222525522,NaN
0.171954684116154,NaN,NaN,NaN,0.1699604743083,NaN,0.111468381564845,NaN,NaN,0.156943303204601,0.231895223420647,NaN,0.128876636802205,0.231929644370266,NaN,0.568560513695847,0.867350629169282,NaN,NaN,0.453920251047344,0.452121743803462,0.33493707904264
NaN,NaN,NaN,0.522554002541296,0.565217391304348,NaN,NaN,0.505217530903837,NaN,NaN,NaN,NaN,NaN,NaN,0.340038832479231,NaN,0.87259351207823,NaN,0.81731050688733,NaN,NaN,NaN
0.0735102344968912,NaN,NaN,NaN,NaN,NaN,NaN,0.136297961149462,0.134471425963119,NaN,0.176425269645609,NaN,0.0790259591086607,NaN,NaN,0.491546777208811,NaN,NaN,0.532041404076296,NaN,NaN,NaN
NaN,NaN,NaN,0.439326556543837,NaN,NaN,0.437834941050375,0.403275004013485,NaN,0.410024650780608,0.533127889060093,NaN,NaN,NaN,NaN,NaN,NaN,NaN,NaN,NaN,NaN,NaN
NaN,NaN,NaN,NaN,NaN,0.278901734104046,NaN,0.278856959383529,NaN,0.322925225965489,NaN,NaN,NaN,0.51938631403261,NaN,0.483499959359506,0.598876291762817,NaN,NaN,NaN,0.309274832863851,NaN
0.0811540879770859,0.0830501035957419,0.117597614195079,NaN,NaN,NaN,NaN,NaN,NaN,NaN,NaN,NaN,NaN,NaN,NaN,0.406648784849224,0.967863717710305,0.399512362254289,NaN,0.879007876745479,NaN,NaN
NaN,NaN,0.164093175354359,NaN,0.0513833992094862,0.0284200385356455,NaN,NaN,NaN,NaN,0.0431432973805855,NaN,0.0272608928708171,0.043266144562845,0.0196072190215488,0.655937576200927,0.480529934831455,NaN,0.442565865231543,NaN,NaN,NaN
NaN,NaN,NaN,0.0927573062261753,NaN,NaN,NaN,NaN,NaN,NaN,NaN,NaN,0.0294815835822038,NaN,NaN,0.760993253677965,0.334867854617914,0.326287021027386,NaN,NaN,NaN,0.394074080210758
NaN,NaN,NaN,0.039707750952986,NaN,NaN,NaN,NaN,0.027843710060252,NaN,NaN,NaN,0.0322383030859943,NaN,NaN,NaN,NaN,NaN,NaN,0.329880081671428,NaN,NaN
NaN,NaN,0.28952640851152,NaN,NaN,NaN,0.0594855305466238,NaN,0.0601606719006755,0.047658175842235,NaN,NaN,NaN,NaN,NaN,0.598268714947574,NaN,NaN,NaN,0.585562526591614,NaN,NaN
NaN,NaN,NaN,NaN,NaN,NaN,NaN,NaN,NaN,NaN,NaN,NaN,0.387778543533195,NaN,NaN,0.162318133788507,0.891255095302872,0.401070093941978,0.760200999719217,0.532590906737443,0.538886625015348,NaN
NaN,NaN,0.15906709500616,NaN,NaN,NaN,NaN,NaN,NaN,0.292522596548891,0.429121725731895,NaN,NaN,NaN,NaN,0.3502804194099,0.889549466728576,NaN,0.481592051134768,0.707108430751499,NaN,0.411204404052789
NaN,NaN,0.0168399599295312,NaN,0.0513833992094862,NaN,0.0557341907824223,NaN,NaN,NaN,0.309514637904468,NaN,0.156596982923654,NaN,NaN,NaN,NaN,NaN,0.309812612763117,NaN,NaN,0.240816605499267
NaN,0.221317247925534,NaN,NaN,NaN,0.0178227360308285,NaN,NaN,0.0219098046375753,NaN,NaN,0.0257801899592944,NaN,NaN,0.00222809307063055,0.946557750142242,NaN,NaN,NaN,NaN,NaN,NaN
0.163059171459842,NaN,NaN,0.0314485387547649,NaN,NaN,0.030010718113612,NaN,NaN,0.0262941659819228,0.0338983050847457,0.0297150610583446,NaN,NaN,0.0195753891205398,NaN,NaN,0.356971546496897,NaN,NaN,0.324216546523194,0.195367708583595
NaN,NaN,0.0954955266157726,NaN,NaN,NaN,NaN,NaN,0.0296695271133832,NaN,NaN,NaN,NaN,NaN,NaN,NaN,NaN,0.322530138721784,NaN,0.870701163165016,0.619918073481183,0.429620900196343
NaN,NaN,0.138243117206121,0.12579415501906,0.0909090909090909,0.126685934489403,0.107181136120043,NaN,NaN,NaN,NaN,NaN,NaN,NaN,NaN,NaN,NaN,0.434101176864298,0.319955530267569,NaN,NaN,NaN
0.664898819365205,0.284158527001235,NaN,NaN,NaN,0.0154142581888247,0.0219721329046088,NaN,NaN,NaN,NaN,0.134056987788331,NaN,0.196559250224676,NaN,NaN,NaN,NaN,NaN,NaN,0.513053257575623,0.238672984996728
NaN,0.125123243210141,NaN,NaN,NaN,0.0664739884393064,NaN,NaN,NaN,0.124897288414133,0.166795069337442,NaN,NaN,NaN,0.0173791259509183,NaN,NaN,NaN,NaN,NaN,NaN,NaN
NaN,NaN,NaN,0.122935196950445,0.0909090909090909,0.0847784200385356,NaN,NaN,NaN,0.0739523418241577,NaN,NaN,0.0714449804732368,0.0581589420978303,NaN,NaN,NaN,NaN,NaN,NaN,NaN,NaN
0.515363388678015,NaN,NaN,NaN,0.130434782608696,NaN,NaN,NaN,NaN,NaN,NaN,NaN,0.213722337085535,NaN,NaN,0.221571974315208,NaN,NaN,NaN,NaN,NaN,NaN
NaN,0.213827735080682,NaN,0.0384371029224905,NaN,0.0472061657032755,NaN,NaN,NaN,NaN,NaN,0.0149253731343284,NaN,NaN,NaN,NaN,NaN,NaN,NaN,0.38556882978891,0.1426151357642,NaN
NaN,0.219167763862947,NaN,NaN,NaN,NaN,NaN,NaN,NaN,NaN,0.00943759630200308,0.00963364993215739,0.00329274829619419,0.00956477083065862,NaN,0.914370478745022,NaN,NaN,0.0510575663904576,NaN,NaN,NaN
NaN,NaN,NaN,NaN,NaN,NaN,NaN,0.087493979772034,NaN,NaN,NaN,NaN,0.0847691247415575,0.0825523173706509,NaN,NaN,NaN,0.607037281977323,NaN,NaN,NaN,NaN
0.369903127401439,NaN,NaN,0.218551461245235,NaN,NaN,NaN,0.161663188312731,NaN,NaN,NaN,0.0355495251017639,NaN,NaN,NaN,0.619848817361619,NaN,0.35212704078787,NaN,NaN,NaN,NaN
NaN,NaN,NaN,NaN,0.130434782608696,NaN,NaN,0.070155723230053,NaN,NaN,NaN,0,0.00704494984302013,0.0160482732058031,NaN,NaN,NaN,NaN,NaN,NaN,NaN,0.14149345108403
NaN,NaN,0.119198130044791,NaN,NaN,NaN,NaN,NaN,NaN,NaN,NaN,NaN,0.233785129029788,NaN,NaN,0.486913760871332,0.654938039717113,NaN,NaN,NaN,NaN,NaN
NaN,0.32526409259316,NaN,NaN,NaN,NaN,0.0112540192926045,NaN,NaN,NaN,NaN,NaN,NaN,0.0306201052766722,0.0116815736703059,NaN,NaN,NaN,NaN,0.438069960987711,NaN,NaN
NaN,NaN,NaN,NaN,NaN,NaN,0.823151125401929,NaN,NaN,0.694330320460148,NaN,NaN,NaN,NaN,0.823280389597988,NaN,NaN,NaN,0.84894899667381,NaN,NaN,NaN
NaN,NaN,NaN,0.105463786531131,0.130434782608696,0.0973025048169557,NaN,NaN,0.277980646339237,NaN,NaN,NaN,NaN,0.377070227243549,NaN,NaN,NaN,NaN,0.395775917821034,NaN,NaN,NaN
0.150810376545654,NaN,0.0664732230243993,NaN,0.1699604743083,NaN,NaN,NaN,0.278893554865802,NaN,NaN,0.193215739484396,NaN,0.216459108999872,NaN,NaN,NaN,0.479227588185143,0.50244451543884,NaN,NaN,NaN
0.502730363505111,0.281412984680078,NaN,NaN,NaN,NaN,NaN,0.267940279338578,NaN,NaN,0.156587057010786,0.1078697421981,0.0725936135998162,0.156631146488638,NaN,0.383727546126961,0.352318464887618,NaN,0.212944676984238,NaN,NaN,0.180579833812455
NaN,NaN,NaN,0.254129606099111,0.288537549407115,NaN,NaN,NaN,NaN,0.304847986852917,NaN,NaN,NaN,NaN,NaN,NaN,NaN,NaN,0.672961241941488,NaN,NaN,0.648752764959779
NaN,NaN,NaN,0.0752858958068615,NaN,0.0539499036608863,NaN,NaN,0.068650721197736,0.0550534100246508,NaN,NaN,NaN,0.0999486455257415,0.011999872680396,0.70312118995367,0.558550192379037,0.751683226695776,NaN,0.72665059351356,NaN,0.297499316526796
0.468324290338355,NaN,0.0583036834893548,NaN,0.130434782608696,NaN,NaN,0.104190078664312,NaN,0.216105176663928,NaN,NaN,0.207596293743778,NaN,0.0908425374797084,NaN,NaN,NaN,NaN,0.963605789036489,NaN,0.799972246845667
0.463387513680926,NaN,NaN,NaN,NaN,NaN,NaN,0.073366511478568,NaN,0.239934264585045,NaN,NaN,NaN,0.341571446912312,0.0386733297259446,0.570064211980818,0.845791110665195,NaN,NaN,0.576539949889581,NaN,NaN
NaN,NaN,NaN,NaN,NaN,NaN,0.0535905680600214,NaN,0.0556874201205039,NaN,NaN,0.0569877883310719,NaN,NaN,NaN,NaN,NaN,NaN,0.428931506017137,NaN,NaN,NaN
NaN,NaN,NaN,0.0565438373570521,NaN,0.0486512524084778,NaN,NaN,NaN,NaN,0.0807010785824345,0.0611940298507463,0.0468642315644383,NaN,NaN,NaN,NaN,NaN,NaN,NaN,NaN,NaN
NaN,NaN,0.00176171888493556,NaN,0.1699604743083,NaN,0.191854233654877,NaN,NaN,NaN,NaN,0.245997286295794,NaN,NaN,NaN,NaN,0.941607304103542,NaN,NaN,NaN,0.585631807561654,NaN
NaN,NaN,0.188688152728361,NaN,NaN,NaN,NaN,0.15411783592872,NaN,NaN,NaN,NaN,NaN,NaN,NaN,NaN,0.724010163773009,NaN,NaN,NaN,NaN,0.256907221619293
0.779539156556365,0.263735366463558,NaN,NaN,NaN,NaN,NaN,NaN,NaN,NaN,NaN,0.0729986431478969,NaN,0.0794710489151368,NaN,NaN,NaN,NaN,NaN,0.201720322633656,NaN,NaN
0.786088535966281,NaN,0.127592202378896,NaN,NaN,NaN,NaN,NaN,0.144422128902684,0.115036976170912,0.177966101694915,0.123202170963365,NaN,NaN,NaN,0.484637893196781,NaN,NaN,NaN,NaN,0.630494762147955,NaN
NaN,NaN,NaN,NaN,NaN,NaN,NaN,NaN,NaN,NaN,0.76386748844376,NaN,NaN,NaN,NaN,0.456108266276518,0.570410260837508,NaN,NaN,0.452213885493417,0.40998359334267,0.185533978973879
NaN,NaN,NaN,0.181702668360864,NaN,0.145472061657033,0.159699892818864,NaN,NaN,NaN,0.156009244992296,0.101899592944369,NaN,0.155989215560406,NaN,NaN,NaN,NaN,NaN,NaN,NaN,NaN
NaN,0.0366575829021097,0.148249219892455,NaN,NaN,NaN,NaN,NaN,NaN,NaN,NaN,NaN,NaN,NaN,0.0304612152656205,0.545436072502642,NaN,NaN,0.533923358235009,0.719739587905965,NaN,NaN
NaN,NaN,NaN,NaN,NaN,NaN,NaN,NaN,NaN,0.0599835661462613,NaN,0.0545454545454545,NaN,0.117280780588009,NaN,NaN,NaN,0.3177015688868,NaN,NaN,NaN,NaN
NaN,NaN,NaN,0.110864040660737,0.0513833992094862,NaN,NaN,NaN,0.0971334672265839,NaN,0.13886748844376,0.0842605156037992,0.0478597136074738,NaN,NaN,NaN,NaN,NaN,NaN,NaN,NaN,0.116691658313105
NaN,NaN,0.215309682545166,NaN,NaN,0.135356454720617,NaN,NaN,0.161128354938835,NaN,NaN,NaN,0.103223830308599,NaN,NaN,NaN,NaN,NaN,NaN,NaN,NaN,0.563681062407317
NaN,0.047458076895598,NaN,NaN,0.130434782608696,NaN,NaN,NaN,NaN,NaN,0.159668721109399,NaN,NaN,NaN,NaN,0.706291148500366,NaN,0.964351449766141,NaN,NaN,NaN,0.389797194860281
0.178859185431851,NaN,NaN,NaN,NaN,NaN,0.0418006430868167,NaN,NaN,0.0172555464256368,0.0342835130970724,NaN,NaN,NaN,NaN,NaN,0.500260160856408,NaN,NaN,NaN,NaN,NaN
NaN,0.197640262510589,NaN,0.149301143583227,NaN,NaN,NaN,NaN,0.173726492605441,NaN,0.210323574730354,NaN,NaN,NaN,NaN,NaN,0.76671387672342,0.648119965259794,NaN,NaN,NaN,0.314803615366134
NaN,NaN,NaN,0.103875476493011,NaN,NaN,NaN,0.112538128110451,NaN,0.101889893179951,NaN,0.0968792401628223,NaN,NaN,0.0312887926918547,0.545517353491019,NaN,0.561098141080293,NaN,NaN,NaN,0.147000588201181
NaN,NaN,NaN,0.182337992376112,NaN,0.142581888246628,0.182207931404073,NaN,NaN,NaN,NaN,NaN,NaN,NaN,NaN,NaN,0.953724033496585,NaN,0.726078308747154,NaN,NaN,NaN
NaN,NaN,NaN,NaN,NaN,NaN,0.0718113612004287,NaN,NaN,NaN,NaN,NaN,NaN,NaN,NaN,NaN,NaN,NaN,0.327689098063209,NaN,0.292203100893825,NaN
NaN,NaN,NaN,0.170266836086404,NaN,0.162813102119461,0.163987138263666,0.162786964199711,NaN,NaN,NaN,NaN,0.191515429971667,NaN,NaN,0.40087783467447,NaN,NaN,NaN,0.346660093332343,NaN,0.383890329475507
NaN,NaN,0.484351791080866,NaN,NaN,NaN,0.0562700964630225,NaN,0.211612196457915,0.162695152013147,NaN,NaN,NaN,NaN,NaN,NaN,NaN,0.523397847063417,0.310598914870548,NaN,NaN,NaN
NaN,NaN,0.119474478105173,NaN,0.130434782608696,NaN,NaN,NaN,NaN,NaN,NaN,0.0545454545454545,NaN,NaN,NaN,NaN,NaN,NaN,0.277323817432547,NaN,NaN,NaN
NaN,0.123014585055676,NaN,NaN,0.209486166007905,NaN,NaN,NaN,NaN,0.230073952341824,NaN,NaN,NaN,0.272242906663243,NaN,NaN,NaN,NaN,NaN,NaN,NaN,0.282272362000547
NaN,NaN,NaN,NaN,0.0909090909090909,NaN,NaN,NaN,0.0800620777798065,NaN,0.0953389830508475,NaN,NaN,0.0953267428424702,NaN,NaN,NaN,0.775132865349832,NaN,NaN,0.558706294141827,0.31723719419752
NaN,0.264068097614746,NaN,NaN,NaN,0.0582851637764933,NaN,NaN,NaN,NaN,NaN,NaN,NaN,NaN,NaN,NaN,0.652226766935538,0.232460578631587,0.373590410187901,NaN,NaN,0.299263920070916
NaN,NaN,NaN,0.0212833545108005,0.0118577075098814,0.0284200385356455,NaN,0.0282549365869321,NaN,NaN,NaN,NaN,0.032927482961942,NaN,NaN,NaN,NaN,NaN,0.146251107178094,NaN,NaN,NaN
NaN,NaN,0.0839349660897901,NaN,0.0513833992094862,NaN,NaN,NaN,NaN,0.0624486442070665,NaN,NaN,0.0721341603491845,0.0605340865322891,NaN,0.712387222628627,NaN,0.406269172848458,NaN,0.615721074515048,NaN,NaN
NaN,NaN,NaN,NaN,NaN,NaN,0.0251875669882101,NaN,NaN,NaN,NaN,0.0419267299864315,NaN,NaN,NaN,0.674266439079899,NaN,0.257547628343546,0.175225499113806,0.21567965350424,0.419291969101388,NaN
0.608277251240016,NaN,0.594821928218591,0.933608640406607,NaN,0.834296724470135,NaN,NaN,1,NaN,NaN,NaN,1,1,NaN,NaN,NaN,0.773041281881708,1,NaN,NaN,NaN
NaN,0.0770017453075722,NaN,NaN,NaN,NaN,NaN,NaN,0.140953076501735,0.117502054231717,NaN,NaN,NaN,NaN,0.0133367285227743,NaN,0.382221797046533,0.842338430157048,NaN,0.593382993523465,NaN,NaN
