0,0.0424661418286791,0,0.125758688932573,0
0,0,0.0254250466531403,0,0
0,0,0.027357040095373,0,0
0.696717062870674,0,0,0,0
0,0,0.018584054117578,0.163907256276351,0.241841950571217
0,0.0513954711790491,0,0,0.182939530247655
0,0,0,0.242213220547646,0
0,0,0,0.417377203259136,0
0,0.225545400526301,0.163190363012047,0,0
0.720331076325424,0,0,0,0.1618128146804
0,0,0,0,0.104323101694482
0,0,0,0,0.0711362997418662
0,0,0,0.500951794708869,0
0.610494268363878,0.0634390651085142,0.0356263347221709,0,0
0.750568798729819,0,0,0.495910856946182,0.25043128785749
0,0.0581610420688464,0,0,0
0,0,0.0456315089412825,0,0
0,0,0,0.409887942389283,0
0,0,0.0460783998146115,0,0.100574411531679
0.619966063039813,0,0,0,0
0,0,0,0.136416406875691,0.120968257213689
0,0,0,0,0.134039793492984
0.610979861524108,0.0490642480924913,0,0,0
0,0.101587506907916,0,0,0
0.645800710384601,0,0,0,0
0,0,0,0.226365640078632,0
0,0,0.0495738636455635,0,0
0,0,0,0,0.108437907327421
0,0,0.0353277598053525,0,0
0,0,0.0192494033844924,0,0.16307856467401
0,0,0,0,0.128924400030669
0.729049928797857,0,0,0,0
0,0,0.0447778826064308,0,0
0,0,0.0296393571222197,0,0
0.565235894609916,0,0,0,0
0,0,0,0,0.0902816469445651
0,0,0,0,0.144505712168068
0,0,0,0.29773899115056,0
0.735089834734643,0,0,0,0
0,0,0.0410220562666698,0,0
0,0,0,0,0.0816961433281366
0,0.0603467441700655,0,0,0.163858077542362
0.714427572961736,0,0.0293458340152737,0,0
0,0.0649728100968465,0,0,0
0,0.0482142207495601,0,0,0.099152758964398
0.522793961185284,0,0,0,0.0659288982032867
0,0.0694458480033308,0,0,0.135623738083676
0.695631298388813,0.0635043185662256,0,0,0
0.778716833714351,0,0,0,0
0.575504280312744,0.128460382200474,0,0,0
0,0.0704252273332298,0,0.321842960491915,0
0.542654721438665,0,0,0,0
0,0,0,0.30683597757524,0
0,0,0.0506774898023065,0,0
0.715731581560555,0,0,0,0
0,0,0,0.3200558633334,0.159187389781992
0,0.0688851302383945,0.0410758127050557,0,0
0.632084067633852,0,0,0,0
0,0,0.0175330833637359,0,0
0,0,0,0,0.218666777417129
0.676676796831095,0,0,0,0
0,0.0456722232199521,0,0.171221116869535,0.113106039307895
0,0,0,0,0.130983080737087
0,0.0513758373953129,0,0,0
0,0,0,0.21656043366891,0
0.693017825088252,0,0,0,0
0,0,0,0,0.190370460295959
0,0,0,0.158144198884057,0
0,0,0.0310074908625389,0,0
0.724521363370999,0,0,0,0
0,0,0.0388335863232222,0.424351515392202,0
0,0,0,0,0.178397909372045
0.641474020765928,0.0766364325645937,0,0,0
0.821367190270677,0,0,0.236671895580575,0
0.6766549724194,0,0,0.0869297008928867,0.0852180080251489
0,0,0.0271509521592957,0.274352508223956,0.172326654228538
0,0.0617170667820055,0,0,0
0.814847147276586,0.0539865531679976,0,0,0.0982914611393667
0.706756292250697,0,0,0,0.0767110946405296
0.660390329603178,0,0.154482467661454,0,0
0,0,0.0650893966332019,0,0.109251284279398
0,0,0,0.306264106484515,0.266852173690802
0,0,0.083116585862536,0,0.0750153346793774
0,0,0,0.344512618891603,0.0940258644925499
0,0,0,0,0.0825817210621821
0.746209372493603,0,0,0,0
0,0.0483851501609104,0,0,0
0,0,0.0471943316620694,0,0
0,0.0629661219061632,0,0,0
0,0,0.0343944703148203,0,0
0,0,0,0,0.191578066296931
0,0,0,0,0.192091778056074
0.678804676971426,0,0,0,0.0942718583075626
0.677124197270857,0,0,0,0.255098141948015
0,0,0.026556004396629,0,0
0,0.0488661778624468,0,0,0
0,0,0,0.129895487910619,0
0,0.0366435700224461,0,0,0
0,0,0.0255841138973282,0,0
0.669998526852211,0,0,0,0
0,0.0589977877345443,0,0,0
0.937680392402922,0,0,0,0
0,0,0,0,0.111911851151379
0,0,0.0329864402298677,0.389196666732855,0.157035423109362
0.633213480939104,0,0,0.478725601159628,0.0900439594142152
0,0.0630463894337905,0.0403024971938168,0,0
0.640104538932022,0,0,0.443372848037172,0.119644363227439
0,0.0652984999211761,0.0356282777259679,0,0
0,0.0716171134988615,0,0.28555363608083,0
0,0,0,0,0.0800949472231451
0.755293783861939,0,0,0,0
0.565235894609916,0,0,0,0
0.676425816096595,0,0,0,0
0.659850175413709,0.0772855023563428,0.0455492551138726,0,0
0.704999427109193,0,0,0,0
0,0,0,0,0.187346972678713
0,0,0,0,0.13101183326092
0,0.0512493727294828,0,0.212585135322968,0.11388299639635
0,0,0,0.271023874294262,0
0,0,0.0354158426441535,0,0
0,0,0,0,0.212389143047001
0,0.0505298523019745,0,0,0
0,0.0442990132868744,0,0,0.155022746441076
0,0.0816563290945534,0,0,0
0,0,0,0,0.106673780254045
0,0,0.0407085849874071,0,0
0,0,0.0257260827081017,0,0.200444066756971
0,0,0,0.179313357558428,0
0,0,0,0.263651767571467,0
0,0,0.0336082014449342,0,0
0,0,0,0,0.106643749840264
0.809893005821662,0,0,0,0
0,0.0509259927620634,0,0,0
0,0,0,0.183508402666084,0
0.73218173187619,0,0,0,0.159773302323204
0,0,0.0322571661380293,0,0
0.65814241519852,0,0,0,0
0,0,0,0,0.207937613412733
0.685291983347974,0,0,0,0.177804968436118
0.721225877204948,0,0,0,0
0,0.0775095584766263,0,0,0.179803588314974
0,0.0531555821445751,0,0,0.190314233138242
0,0.0796126831933079,0,0,0
0,0,0.0432157075535762,0,0
0.665873713041723,0,0.0186341188487495,0.128328799401653,0
0.769905227492211,0,0.011283087816453,0.103254502492008,0
0.733081988858638,0,0,0.0756206853186659,0
0.822027378724472,0,0.0345991333814464,0,0.18674828123802
0,0,0,0.166286743048523,0
0.752958571810499,0,0,0,0
0,0.0493882055241383,0.0250886479290721,0,0
0,0,0.0269278953233906,0,0
0.698452103600482,0,0,0,0
0,0.0710506210916499,0,0,0.197044240550004
0,0.0509514011880749,0,0,0
0.649298072358837,0.140765567425012,0,0,0
0.638969669523846,0,0,0,0
0.761742897518019,0,0,0,0
0.768170186762403,0,0,0,0
0,0.134409996136764,0,0,0
0.623059673397679,0,0.0279929204713649,0,0
0,0,0,0.121764195839373,0
0,0,0.018239494777562,0,0.0905710890178138
0.76328697464549,0,0,0,0
0.601022473687944,0,0,0,0.155111559792471
0.611645506080827,0,0,0,0
0.7335293892984,0,0.0368297017404975,0.289637484031956,0
0,0.160146421829534,0,0,0
0,0,0,0.23993434072662,0
0.712086904807372,0,0,0.367016805332168,0
0,0.0537047506249607,0.0429598787202937,0.33646935790261,0
0,0,0,0.386246632645632,0
0,0.0367394290842168,0.015857242588752,0,0
0,0,0.0383834571102313,0,0
0,0,0,0,0.100822961126588
0,0,0,0,0.122105579267513
0.886616725137903,0.051849935526119,0,0,0
0.723806613887964,0,0,0.0923273961994401,0
0,0.0688273838156411,0,0,0.24621872364352
0,0.0632837272313074,0,0,0
0,0,0,0.167913663350609,0
0,0,0.0264425977416726,0,0
0,0.0522039210975978,0.0494954958257478,0,0
0.694049028540874,0,0.0949404116357171,0,0
0,0.0452090969094692,0,0.23530112587121,0.168011858818718
0.617379870253872,0,0.0314417522111869,0.241920004236082,0
0,0.0682637787295671,0,0,0
0,0.0399062429080175,0.0229095044038505,0,0
0.409889732159907,0.118835785920152,0,0,0
0,0,0,0.308145853603648,0
0,0,0,0,0.118715337235157
0,0,0,0.401495204622625,0
0,0.0534206382250135,0,0.214226617157457,0
0,0.0494268956273831,0,0,0
0,0,0.0215378084899033,0,0
0.710962947605044,0,0,0,0
0.614973728864421,0,0,0,0
0,0,0.0575790392895446,0,0
0.872381752609381,0,0,0,0
0.662801927095553,0,0,0,0
0.63940615775776,0,0,0,0.183497968154982
0.697186287722132,0,0.0367040541616194,0,0.400647251258722
0,0,0,0.116216251993937,0
0.734817029588446,0,0,0,0
0,0,0.0428750342211544,0.36914940794133,0
0,0,0,0,0.0874747616735246
0.728798948063356,0,0,0,0
0,0,0,0.497805841822045,0
0.614007998646886,0,0,0,0
0,0,0.0206588583388962,0,0
0.921197505469743,0,0,0,0
0.691391906416923,0,0,0.346537333783417,0
0.643159956569421,0.0336765588213724,0,0,0
0,0.0515612034123516,0,0.245146707438957,0
0,0.0711320435477323,0,0,0.181962583382319
0,0,0.0323743940337866,0,0.178080992664912
0,0,0.0210289357954473,0,0
0,0,0,0,0.106800291358908
0.463768748533672,0,0,0,0
0.696744343385294,0,0,0,0
0,0,0,0.170038985193569,0
0,0,0.0384365658806849,0,0.239436322743885
0.710559195988673,0,0,0,0
0,0.0718475217256479,0.0420110451993849,0,0
0,0,0,0,0.100975668975388
0,0.0473457145513478,0,0,0
0,0.0592888297052219,0,0,0.116781250798681
0,0.0817712444758328,0.0567396616492048,0,0.139765379405526
0,0.114846085572114,0,0.250404082524175,0.412284356071255
0,0,0,0.232388819390666,0
0,0,0,0.175069332750872,0
0.644180247816195,0,0,0.240499592938981,0
0.688707503778351,0,0.0633057191474799,0.361139903231998,0.141382549134868
0,0,0,0,0.17439236332967
0,0,0.020350438869506,0.0415334617395736,0.0585589235055077
0.676022064480224,0,0.0324618292046553,0,0
0,0.0538710603224907,0,0,0
0,0.0426105078855628,0.020519415433059,0,0.120900529046438
0,0,0,0.42960690481391,0
0,0.0696647069455665,0,0,0
0,0.0640534870466112,0,0,0
0,0.0356087541267037,0,0.113629594328945,0
0,0,0,0,0.114178188974366
0,0,0.028459565216631,0,0.15831970250722
0.664717019221851,0,0,0,0
0,0.0623407281477431,0,0.378599842470695,0.162784011040969
0,0,0.0316511432537192,0.265017904065977,0.129601042758198
0,0,0.0147358055638691,0,0
0,0.0554504249847982,0,0,0.10608275615304
0,0.0582089715997318,0,0.316432027428632,0
0,0,0.0208958400353471,0,0
0.585314353369962,0,0.0413277555307441,0,0.0965758938840187
0,0.0776510372123723,0,0,0.201486824954635
0,0.0477828549715916,0,0,0
0.674079691839307,0,0,0,0
0.662119914230062,0,0,0.161500632102884,0
0,0,0,0,0.146441715439466
0,0,0,0,0.154644491016434
0,0.0707104946616319,0,0,0.200902829248345
0,0,0.015694548404143,0,0
0.625694971109935,0,0,0,0
0,0.0710419591282369,0.0442953699968219,0,0
0.65992110475172,0,0.0211073683820562,0,0
0.747115085578974,0,0,0,0
0.664318723708404,0,0,0,0
0,0,0,0.117369922492934,0
0,0.0495978250387334,0,0,0
0.669643880162155,0,0,0,0
0,0,0,0,0.180873182201549
0,0,0,0.456003653620857,0
0.631505720723916,0,0,0,0.169701868275104
0,0,0.0555097402456514,0,0
0,0.0732161119449053,0.0408510719325265,0,0
0,0,0.0246856041747638,0,0
0.610783441818846,0,0,0.197387528709385,0
0,0.0497964727330054,0.0261794502607544,0,0.115128300150791
0.391305154380432,0,0,0.316713329759139,0
0,0,0,0,0.206726812686891
0,0.0805360484931359,0.0461302132492004,0,0
0,0,0,0.370896791829657,0
0,0,0,0.202572758020426,0.144345975924553
0,0,0.0330654557176158,0,0
0,0.034333713112307,0,0,0
0.732345414963908,0.0507227253539712,0.0288935027313128,0,0
0.636257986370655,0,0,0,0
0,0.0528125683934195,0.0253159146065375,0,0
0.639237018567118,0,0.0418672629184008,0.353348159620871,0.170191300125233
0,0,0,0.314685305428142,0
0,0,0,0,0.287407033506274
0,0,0,0,0.110510005878294
0,0,0,0,0.135999437728423
0.739454717073783,0,0,0,0
0.743306725738074,0.0534246804746063,0,0,0.118693613106039
0,0.0588447597142476,0,0,0.339858026426764
0.740529569349796,0,0,0.433384960584579,0
0,0,0,0,0.196248754057301
0.744856258968469,0,0.0814468979329095,0,0
0.702991581233188,0,0,0,0
0,0,0.022864944850104,0,0.113719426482991
0,0,0,0.391412005321578,0
0,0,0.0350097548505632,0,0
0,0,0.023759244731108,0.325805682968964,0.0667001047869757
0,0,0.0364164895996512,0,0.124749533570169
0,0,0,0,0.125499654969714
0,0,0,0.325885109509343,0
0,0,0,0.302915615919726,0
0,0,0,0,0.0464229943517264
0,0.0569558742259814,0,0,0
0,0.0493298816371573,0.0270626102533217,0,0
0.576431817809811,0,0,0,0
0.663996813635892,0,0,0,0.0925454289876556
0.717783076259951,0,0,0,0
0,0.0708785367518446,0,0,0
0,0.0516368512261587,0,0,0
0,0,0.0446030122646933,0.238315363078573,0.0921761187926496
0,0,0,0.307586558381817,0
0,0.0459245750873848,0,0,0.15960270401513
0.728569791740551,0.0436516758878079,0,0,0
0,0,0,0,0.0629347381603496
0,0.065644978457697,0,0,0
0,0.0518863157724537,0.0299440201176022,0,0
0,0.0532063989965982,0,0,0
0,0,0.0216457747342279,0,0.286347023794311
0,0.166342035526754,0.193234383058406,0,0
0.717466622290363,0.0883687732754175,0,0,0
0,0,0.0242580138058192,0,0
0.778967814448852,0,0.0305426595874835,0,0
0,0.0707717058697506,0,0,0
0,0,0.0433277541058746,0,0
0.706368908943098,0,0,0,0
0.684642707100027,0,0.0231186363792099,0,0
0,0,0.0267890353186925,0,0
0.715889808545348,0,0.0321852749975373,0,0
0,0,0.0318150032406065,0,0
0.657225789907301,0,0,0.209194945824481,0
0.801005014158587,0,0,0,0.128068213765431
0.727996900933539,0,0,0,0
0,0.0587795062565362,0,0,0.0937389781991975
0,0.0544225386597864,0,0.286868145324093,0
0,0,0.039276591188957,0,0
0,0,0.0254957719913542,0,0
0,0,0.0396995183487888,0,0
0,0.0580865491834945,0,0,0
0,0.0783087689675344,0,0,0
0,0.0557841993083134,0,0,0
0.712523393041286,0.0436383942105746,0,0,0
0,0,0,0.297065189333016,0.160648656937665
0,0,0.18043257870736,0,0.308908170828328
0,0.0476997001228266,0,0,0
0,0,0,0.424655983796986,0
0,0,0,0.109856171773131,0
0,0,0.0169845086250263,0.156877345565021,0
0.681876462917596,0.069290510126124,0,0.320444391493418,0
0,0,0.0458050839471552,0,0
0,0,0,0,0.072404605515373
0.718257757214332,0,0.0195683798411802,0,0
0.771252884914421,0.0511898939140468,0,0,0
0,0,0,0.192195680519979,0
0,0,0,0,0.291394689089376
0,0,0,0.19429452684948,0
0,0,0,0,0.101324532931224
0,0,0,0,0.2155468091088
0,0.0551027915198223,0,0,0
0.676496745434606,0,0,0,0
0,0,0,0,0.0969937638970532
0,0.0776135020375825,0,0,0
0.75241841762103,0.0736902100757113,0,0,0
0.619300418483094,0,0,0,0
0.661776179745855,0,0,0,0
0,0,0,0.163985359041057,0
0,0,0,0.528801387316905,0
0,0,0.0603853844404644,0,0
0,0,0,0.281573042632196,0
0.65641828667456,0,0,0,0.217978633680067
0,0.053062610403942,0,0,0
0.744179702205902,0,0,0,0
0.652566278010268,0,0,0,0
0,0.0564546352764812,0,0,0
0.695811349785302,0.0761149823671298,0.0693937977116726,0,0
0,0,0,0.288605600894872,0
0,0,0,0,0.16314309811639
0.636372564532057,0,0,0.455142537545588,0
0,0.0728881122636655,0,0,0
0.837975567571107,0,0.0654093445917882,0,0.121582283333759
0,0,0,0,0.174212180846985
0,0,0,0.481523401044459,0
0,0.0507169507116958,0,0,0
0,0,0.0504760650753422,0,0
0,0.0573358456876993,0,0,0
0.783087172156416,0.0540263981996975,0,0,0
0,0,0.0408057351772612,0,0
0,0,0.0414242580526659,0,0
0,0.0520422311138881,0,0,0
0,0,0,0,0.172645487770593
0.762905047440815,0,0,0,0
0,0,0,0,0.118427811996831
0,0.0500597964207612,0,0,0
0,0,0,0.223103856820423,0
0,0,0.0461923893707071,0,0
0,0.0485503049299854,0,0,0
0.783572765316645,0,0,0,0.276421013622307
0,0,0.0470920001287564,0.305598909208845,0
0.646166269280504,0.0723822536003451,0,0,0.16761699082475
0.656009078955265,0,0,0,0.248002019066118
0,0,0,0.170954376071431,0
0,0,0.0428568995190483,0,0.137818514069568
0,0,0,0,0.130520484575868
0,0.0510899926026833,0,0,0.149125923275488
0.769086812053623,0.0674125964581809,0,0,0
0,0,0,0.237737534997319,0
0,0.0727171828523153,0,0,0
0.746007496685418,0,0,0,0
0,0,0.115692339856494,0,0
0,0,0,0.398024926695922,0
0,0,0,0.355627701329733,0.236455644439901
0,0,0,0.364121046047537,0.200365476525162
0,0.0371107385825217,0,0,0
0,0,0,0.257668301529623,0.178840059294094
0,0,0,0,0.0834034042988218
0,0.0563079593626874,0,0,0.20959950929026
0,0,0,0.444604621300874,0
0.590017514090386,0,0.0232001777718941,0,0
0.750230520348536,0,0,0.261373549638278,0
0,0.0742746038739766,0,0,0
0.733965877532314,0,0.0446878567638326,0,0
0,0,0,0,0.160009711963606
0,0.0610893631666752,0,0,0.159511973828814
0,0,0,0.25286961471509,0
0.729169963062183,0,0,0,0
0.684419006880146,0,0,0,0
0,0.0521144141423299,0,0,0
0,0.0557766922733554,0,0,0.103206864824801
0,0,0,0.226466247029778,0
0.688472891352622,0,0,0,0
0.702478707558339,0,0,0,0
0.694403675230929,0,0,0,0
0,0,0.0424682987596317,0,0
0,0,0.0705071388874011,0,0
0,0,0.0468679070241595,0,0
0,0,0,0,0.190822833337593
0,0.0586830697305379,0,0.41643798441916,0.173328519947862
0.531331671040642,0,0,0.388859103936247,0
0.6379330099683,0,0,0.295022603469616,0
0,0,0,0.26264702183568,0
0,0,0,0.222063369141465,0
0.723233723080952,0,0,0,0
0,0,0,0.322829835256118,0
0,0,0.0206171485240522,0,0
0,0,0,0.334340726620467,0
0.697524566103415,0,0,0,0.264994121706239
0,0,0,0,0.0936258849387891
0,0,0,0.39629739944269,0
0,0,0.0269196699406496,0.226431828862281,0
0,0,0,0.386542496508542,0
0,0,0.0246759539225717,0,0
0,0,0,0.0962431246400985,0.104525647251259
0,0,0,0,0.226820993176068
0,0.0652471056049255,0.0357649356596961,0,0
0.660390329603178,0,0,0,0
0.691413730828618,0.0458339132036618,0.0241481045576976,0,0
0,0,0,0.38538220713118,0.167961382165768
0,0,0,0,0.139693178623457
0,0,0,0,0.19687044751706
0,0.179497248094224,0.147293353612248,0,0
0,0,0.0272675323871207,0,0
0,0,0.0255073652473434,0.332224009319381,0
0,0,0,0.0638754856602,0
0,0,0,0.339011669082557,0
0,0,0,0.350837619057075,0
0,0,0.0536969177029731,0,0
0,0,0,0.243905667745544,0
0,0.125494525927855,0,0,0
0.700727298519759,0,0,0,0.101332839215887
0,0.0811955126409807,0,0,0
0.791691446467446,0,0,0.283438242555417,0
0,0,0.0272589184036203,0,0
0,0,0,0,0.179795920975286
0,0,0,0,0.268830986275462
0.621188230094773,0,0,0,0
0,0,0.0334715435112061,0.278740824579867,0
0,0,0.0348420088560818,0,0.0927019705063
0,0,0.0345991333814464,0.109542436938636,0.116659212308636
0,0,0,0,0.104225982058425
0.751261723801158,0,0,0,0
0.751294460418701,0,0,0,0.149465203056713
0.611345420420011,0,0,0,0
0,0.0711949871485336,0.0404929115659309,0.44131371497786,0
0,0,0,0,0.18672783499885
0,0,0,0.0771906832668136,0
0.721776943600264,0.0782285014399071,0,0,0
0,0,0,0,0.166108441740997
0.673223083680251,0,0,0,0
0,0,0,0.374639767544992,0
0.663718552386772,0,0,0,0
0,0,0.0488478278933869,0,0
0,0,0,0.374077162883978,0
0.628308444410495,0.0562825509366758,0,0,0.192571625731592
0,0.139033752206635,0.149280398828731,0.24721510692798,0
0.728226057256344,0.0608416310130628,0,0,0
0.688603837822797,0,0.0434546970206174,0,0
0.72253534190669,0,0,0.320141908752143,0.192390165358959
0,0.0668640054420229,0,0,0.189391596595701
0,0,0,0.318527564318951,0
0,0.0776475724270071,0.0407293103612426,0,0
0,0,0,0.183673874625206,0
0,0.068353285684835,0.0402914868389667,0.308910334054791,0
0,0,0,0,0.247146471745853
0,0.0462485325190318,0,0.255521799275895,0
0,0,0,0,0.160307460321517
0,0.0689936935131711,0,0.442306546732591,0
0,0.0707907621892593,0,0,0
0.700432668961867,0.350784109801358,0,0,0
0,0,0.0356528891073977,0,0.10499335497227
0.705697808283456,0,0,0,0
0,0.0521427098894791,0,0.217013164949068,0
0,0.0475189538196082,0,0,0
0,0,0.0378374730432511,0,0.0751098985355381
0.79304455999258,0,0,0,0
0,0.078958416223511,0,0.477221130107292,0
0,0.0600788007684894,0,0.17027064593634,0
0.710641037532532,0.0381039770538815,0,0.234154736138414,0
0,0,0.0393860470695261,0,0
0,0.0617390104226518,0,0,0
0,0.0686558769400633,0,0.339422701429016,0
0,0,0,0,0.0991910956628415
0,0.0485595443576259,0,0.333385622472416,0.150982697370103
0.786824602659305,0,0,0,0
0.696842553237924,0,0,0,0.197635903595982
0,0,0.024560280429852,0,0
0.730370305705447,0,0,0,0.201129654714136
0,0.0517817947472699,0.0247221974129422,0,0
0,0.0702167627470897,0.0437565102770976,0,0
0.805326247674336,0.0667589069526116,0,0.251848321783391,0
0,0,0,0,0.144174099726532
0,0,0.0459333221977627,0,0
0.668154364063924,0,0,0,0
0.606009351760412,0,0,0,0.235918291716717
0,0.0587281119402856,0,0,0
0,0,0,0.323340150778049,0
0.758054571941445,0,0,0,0
0.715649740016696,0.0516663019017629,0,0.262468312119828,0
0,0.0483701360909945,0,0,0
0,0.0493737689184499,0,0,0
0,0.0571857049885403,0,0,0
0,0,0,0,0.119030976052342
0,0,0,0,0.271445549109311
0.783158101494427,0,0,0,0.160282541467529
0,0,0,0,0.180326245303754
0.677298792564423,0,0,0,0
0,0,0,0.197691997114169,0
0,0,0,0,0.115064405653385
0,0,0,0.33157602112746,0.153632402177524
0,0.0511009644230064,0,0,0
0.666670304068616,0,0,0.360397926967296,0
0.663680359666305,0,0,0,0.156703810667825
0.697895581102242,0,0.033338771585072,0.287460534937749,0
0.650509327207948,0,0,0.26761184249717,0
0,0.108288979268457,0,0,0.154682827714877
0,0,0,0,0.118280215707823
0.707023641293969,0,0.0142466867413501,0,0
0,0,0,0,0.145685843535155
0,0.0691738623521619,0,0,0
0.806226504656784,0,0,0.233712595063641,0.136956577299563
0,0,0.045470887294057,0,0
0,0,0,0,0.0653404298821785
0,0,0,0.209235982870343,0
0,0,0,0,0.103583842359496
0,0,0.0579151789464399,0,0
0,0.112772411531037,0,0.0629898797349801,0
0,0.0719670568207476,0,0,0
0,0,0,0,0.0987412784011041
0,0,0,0.535386509402117,0
0,0.0573907047893151,0,0,0
0,0,0,0.252124329011206,0
0,0.07121693078918,0,0,0
0,0,0.0454993846830808,0,0
0,0,0.0385660994671571,0,0
0,0,0,0,0.122908094154931
0,0,0,0.41025396636286,0
0,0.0767484606247354,0,0.383155616449237,0.214770490965318
0,0,0,0,0.0838711120198328
0.56628346637131,0.0610893631666752,0,0,0
0.719900044194434,0.0421941561775102,0.0200959701388814,0,0
0.721258613822491,0.0581494927842957,0,0,0
0.614504504012964,0,0,0.147850519251008,0.144515935287653
0.746738614477223,0.0698633546398384,0.0395136376522012,0,0
0,0.0570471135739319,0,0,0.0484738160349631
0,0.0383759627050503,0,0,0
0.55861218566027,0,0.0366282770135332,0,0
0,0.0405091155615637,0,0,0
0,0,0,0.288136322418803,0
0.584599603886928,0,0,0,0
0.706156120929065,0,0.0198460350837833,0,0
0,0,0.0282748503223217,0,0.154564622894676
0,0,0,0,0.110441638766069
0,0,0.0136578918240408,0,0.15049582129987
0,0.0470529401879877,0,0,0
0,0,0.019367797082528,0,0
0.738996404428173,0,0.0285982956877427,0,0
0,0.0370460625890378,0.0163466852452372,0,0
0,0,0,0.229524830722186,0
0,0.0598010404750452,0,0,0
0,0,0.0244214851919471,0,0
0,0.0564760014529,0,0,0
0,0,0,0,0.161045441766555
0,0,0.0302273748380101,0,0
0.660668590852298,0,0.0310635141386881,0,0
0.745958391759102,0,0,0,0
0,0.0735158158789958,0.0541010624927664,0,0
0,0.0420855929027337,0.0195850249070418,0,0.151896388683007
0,0.0588309005727868,0,0,0
0,0,0.0210981714974167,0,0
0,0,0,0.447105233547123,0
0,0,0,0,0.0834270452628619
0,0.0575177469193727,0,0,0
0.737168609948658,0,0.0563109054779818,0.303954117935175,0
0,0.0850951285695229,0,0,0
0.746694965653832,0,0.0267191519487907,0,0
0.728280618285583,0,0,0.342544826353726,0
0.685035546510549,0.0763609821280596,0,0.447347484495277,0
0,0.045006984429832,0,0,0
0.753209552544999,0,0,0.422762322696796,0
0,0,0.0256936993114836,0,0
0.580223809341939,0,0,0,0.183167633603394
0.738445338032857,0.0751003777193512,0.0459449802205452,0,0
0.755113732465449,0.0541072431915524,0.0413115638324351,0,0
0,0,0.0366107899793595,0,0
0,0,0.0374430432724433,0,0
0.648823391404455,0.0502948243613679,0,0,0
0.716800977733644,0,0,0,0
0.681658218800639,0,0,0,0
0,0,0,0,0.01677019705063
0,0.0378995547173341,0,0,0
0,0,0.0358776298799269,0.319047146270593,0
0.673905096545741,0,0,0,0
0.684260779895352,0,0,0,0.140801748153449
0,0,0.0406502948734946,0,0
0,0.0565660858723954,0,0,0
0,0,0.0261794502607544,0,0
0,0,0.0275842420060452,0,0
0,0,0,0,0.138857438597388
0,0,0,0.256365706267416,0
0,0,0,0,0.257358729266236
0.842487764689193,0,0,0.281236141723424,0
0.676027520583148,0,0,0,0
0.803291121283712,0,0,0,0
0,0,0,0,0.200350780790758
0.734751556353359,0,0,0,0
0.68853836458771,0,0,0,0
0,0.046219659307655,0,0,0
0,0,0.0259029608204295,0,0
0.708305825481092,0,0,0.400704910545859,0
0,0,0.0296606653971944,0,0
0,0,0,0.161224624875069,0
0.743688652942749,0,0.0387105294160736,0,0.230896823165589
0,0,0,0,0.109648708053262
0,0,0.032116622196707,0.373470211737919,0
0,0.0740696040732017,0,0,0
0,0.0761403907931413,0,0,0
0,0,0,0,0.175771845528663
0,0,0,0,0.0508973343215682
0,0,0,0,0.179367827842666
0.741800841331071,0.0704142555129066,0,0,0
0.743061201106498,0.0684589616384739,0.0482616884146002,0,0
0,0,0.101411261947935,0,0
0.764711017508634,0,0.0561574081780123,0.354630236360146,0.127770465407519
0.722273448966341,0,0,0.257198361165717,0
0,0,0.0222117069735248,0,0
0,0,0.113771356769111,0,0
0,0.0476425311643007,0,0,0
0,0,0,0.497938219389342,0
0.615301095039857,0,0.216406646342415,0,0
0,0,0.0413886363163861,0,0
0,0,0,0,0.156624581491042
0,0.0871329998284931,0.063582273354598,0,0
0,0,0,0.284942713607752,0
0.761895668399889,0,0.0267976493021929,0,0
0,0,0,0.279521852226922,0
0,0,0.0392325497695565,0,0
0,0,0.0139663112934311,0,0.128427939785826
0.635254063432653,0,0,0,0
0,0.0673750612833912,0.0393569020125698,0,0
0,0,0,0.333827763547189,0
0,0.0706175229209989,0,0.44699469827843,0.0951286835177755
0.742095470888963,0.0552217491506945,0,0,0
0,0,0,0,0.119377923173256
0.666468428260431,0,0,0.181026323279257,0
0,0,0,0,0.103405576711734
0,0,0.0324514665177376,0,0
0,0,0,0.171098005731949,0
0,0,0,0.268983935982208,0
0,0,0,0.235763785468914,0.200826155851458
0.723877543225975,0,0,0,0
0,0.0773599952416947,0,0,0
0,0,0.0294409116677443,0,0
0.72088214272074,0,0,0.273194204510104,0
0,0,0,0,0.245517162062003
0,0,0.04571311510076,0,0
0.723108232713702,0,0,0,0.15467388248524
0.592440023788609,0,0,0,0
0,0.0726386477173705,0,0,0
0.569115183788827,0,0,0,0
0,0,0.025135280020202,0,0
0,0.172728212419061,0,0.242889669916536,0
0.851746771351095,0,0.138064085576105,0.181357267197501,0
0,0,0,0.373255760078897,0
0.494936736486597,0,0,0,0
0.808610821634539,0,0,0.150910426719088,0
0,0,0,0.317540689554748,0
0,0,0,0,0.18356058476244
0.632586029102853,0.0756732222330657,0,0,0
0.713096283848298,0,0,0,0.204179978020293
0.647612136555344,0,0,0,0
0,0.053328243948608,0,0,0
0.689716882819278,0,0,0,0
0,0,0,0.0952244792597446,0.0670853886063332
0,0.0766808973101138,0,0,0
0.730212078720653,0,0,0,0
0,0,0.0285002387627833,0,0
0,0,0,0.3661139903232,0
0,0,0,0.297022166623644,0
0,0,0.0274747861254762,0,0.0926470212385309
0,0.074962941233198,0,0.2410913206648,0
0,0,0,0.341910737806371,0
0,0.0618487286258834,0,0,0
0,0,0,0,0.10781749175761
0.678428205869676,0.0704679596860673,0,0,0.161426891916068
0,0,0,0,0.112493291077772
0,0,0,0,0.125387839599254
0,0,0,0,0.0997035295320367
0,0,0.0266504991479605,0,0
0,0,0.0147238237071204,0,0.0998319574718225
0,0,0.0435641529011864,0,0
0,0,0,0,0.0949925882383009
0,0,0,0.124207223843847,0.0955241904567179
0.652113421467583,0,0,0,0
0,0,0,0,0.114899557850078
0.694185431113972,0,0.157426766081967,0.168870753162169,0
0.729628275707793,0,0,0,0
0,0,0.0224677948739803,0.243421827737072,0
0.689378604437994,0,0,0,0.0837382114652286
0,0,0.0317685654498562,0,0
0,0,0,0.16803214127334,0.228151915557032
0,0,0,0,0.220253277787717
0.599898516485615,0,0.0314234879754943,0,0.150865131494876
0,0,0,0.330145681512811,0.132712704781864
0,0,0,0.204655719041851,0
0,0,0,0,0.160694022030823
0,0.0649393171716495,0,0,0
0,0,0.0251479743116763,0,0
0,0,0.0257216137993684,0,0
0,0,0,0,0.080961995552943
0,0.0501175428435147,0,0,0
0,0.0447759987388181,0,0,0
0.777549227688631,0,0,0,0
0,0,0,0,0.11266133360595
0,0.0563449170732496,0,0,0
0,0,0,0,0.0999118255935799
0,0,0,0,0.092072609706852
0.771503865648921,0,0.0422901900782324,0,0
0,0,0,0,0.0495216218979221
0,0.0548602565442577,0.0317005603169583,0.295391936882376,0
0.804966144881357,0,0,0,0.053810220563805
0,0,0.0283176611726507,0,0
0,0,0.0505622049103462,0,0
0.80886180236904,0,0,0,0
0,0,0,0,0.271675569299972
0,0,0.0320155859992587,0,0
0,0,0,0,0.0777282950392312
0,0.0488344173299324,0,0,0
0.705446827548955,0,0,0,0
0,0.0489626143884452,0,0,0
0.772371386013826,0,0,0,0
0,0,0,0.243695849301377,0.16613399953996
0,0.0601763922229428,0,0.351131497256475,0
0,0,0,0,0.117940296981624
0,0,0.0295672716813479,0,0
0,0,0,0.134599524764533,0
0,0,0,0,0.0963056201599918
0,0,0.0199618381100894,0.0952900061555569,0
0,0,0.0430188165021385,0,0
0,0,0.0390246483632686,0,0
0,0.0717724513760684,0,0,0
0,0.0316386875624022,0,0.10103254502492,0.055621501776267
0,0.0633270370483724,0,0,0
0,0.0406708055452735,0,0,0
0,0,0,0.15138301463434,0
0,0,0,0.30136613649451,0
0,0,0.0232649445651302,0,0.12026797352212
0.603106705004883,0.0599985332408621,0,0,0
0,0,0.0373517220939804,0,0
0.638658671657182,0,0,0,0
0.750852516081863,0,0,0.342982334213644,0.214159659570118
0.801807061288404,0,0.0488478278933869,0,0
0,0.0487137273063777,0.0266691519844124,0,0
0,0,0,0.261172335735986,0.113757763181435
0,0,0,0,0.132261609630179
0,0,0,0,0.164145602780689
0,0,0.0362234845558077,0.435438136653363,0
0,0,0.0425648012815535,0,0.134648708053262
0,0,0,0.39647081405585,0
0.618716615470234,0,0,0,0
0.718765174786257,0,0,0,0.170894778541672
0,0,0.02802284272984,0,0
0,0,0,0,0.163185907429652
0.686284994080128,0,0,0,0.15886280573517
0.653270115287455,0,0,0.142431643533687,0
0,0,0,0.263927774799283,0.114034426355202
0.806668448993622,0.0828493701886402,0,0,0.159672987962277
0,0,0,0.385632400733372,0
0,0,0.044422960579497,0,0
0.75373879452862,0,0,0,0
0,0,0,0.361863346637279,0
0.64232517282206,0.0531434553957969,0,0,0
0,0.0572780992649458,0.024495513636616,0,0
0,0.0854808746735162,0,0,0
0,0,0.0331140308125428,0,0
0,0,0,0,0.0926348812840238
0,0.0755259688550444,0,0,0.0809958596365681
0,0,0,0.341272016044161,0
0,0,0,0.325892390275544,0.249065223502952
0,0,0.0329592381767085,0,0
0,0,0.0286405884037259,0,0
0.696749799488217,0,0,0,0
0,0,0,0.260616349953337,0
0.667461438992585,0.0569703108316698,0,0,0.152971094129374
0,0,0,0.349685934221587,0
0.676180291465018,0.0595792942116718,0,0.383223129008558,0
0,0,0,0.40011119715653,0
0.690993610903476,0.120224009923145,0.1112033534173,0,0
0.632078611530928,0,0,0.304484290092201,0
0,0.0660168654202294,0,0,0
0.717739427436559,0,0,0,0
0,0,0,0,0.156349196207223
0,0,0.0300654578549199,0,0.0786643494262274
0.62183750634272,0,0,0,0
0,0.0623187845070967,0,0,0.178770414291921
0,0.0726386477173705,0,0.212796939430644,0.118429089886779
0,0,0.0343718019371878,0,0
0,0,0,0,0.223522759219976
0.766702495075867,0,0,0.335602284836812,0
0.717472078393287,0.0500540217784859,0,0,0
0,0.228875059262266,0.19227000550712,0,0
0,0,0,0.316623313013377,0
0.599298345163983,0,0.0311449259977859,0.370914662801242,0
0,0,0,0,0.145075012139954
0,0,0.0457662238712136,0.216547857800017,0
0,0,0,0,0.213782043090449
0,0.0379624983181354,0,0,0
0.648534217949487,0.0725162253011332,0.0458646693969325,0,0
0,0,0.0346580711632913,0,0.117574820456462
0,0,0,0.239891979905085,0
0,0,0,0.418350178378772,0
0.679803143806505,0.201350804321049,0.211937737609125,0,0
0.516582188006395,0,0,0.450166464790877,0
0.707307358646013,0,0,0,0.163183351649756
0,0,0.0341593668553734,0,0
0,0.0771220799799505,0,0,0
0,0,0.0230470690726839,0,0
0.749870417555557,0,0,0,0
0,0,0.0495978273590608,0,0
0,0.0774610514815133,0,0,0
0,0,0,0,0.129054744805377
0,0,0,0,0.135235898484423
0,0,0.0373789241471396,0,0
0,0.0689151583782264,0,0,0
0,0,0.0271753692403457,0,0
0,0,0,0,0.231554297543896
0.724254014327726,0,0,0,0
0.88508356021628,0.0599344347116057,0.0365421371785292,0,0
0,0,0,0.249568780074529,0
0.722240712348798,0,0,0.329391129379215,0
0,0.0625087702379557,0.0360920079655384,0,0
0,0.0719300991101854,0,0,0.144680144145986
0.614007998646886,0,0,0,0
0,0,0.0206366433288163,0,0
0,0,0,0.153106570560553,0
0,0,0,0.488866384702448,0
0.748391813663173,0,0,0,0
0,0,0,0,0.131945331868019
0,0,0,0,0.137345694788765
0.719327153387421,0,0,0.376777665256846,0
0.675820188672039,0,0,0,0
0,0.0416963820133752,0,0,0
0,0,0,0.281811984141167,0
0,0,0,0.142141074773469,0
0,0,0.0193789369709646,0,0
0,0,0.0234363822668261,0,0
0,0,0,0,0.100094563856161
0,0,0.0568614232204886,0.332138625788474,0
0.59233090173013,0,0.0275925321555794,0,0
0.669589319132916,0,0,0,0
0,0,0,0.451751024271427,0
0,0,0,0,0.212605106448233
0,0.0565106493065521,0,0.293831205363939,0
0,0,0,0,0.212000664502773
0.69572405213852,0,0,0,0
0,0,0.0248238812783229,0.137865279349761,0.0787646637871546
0.554885667363229,0,0,0,0
0,0.039384215246326,0,0,0
0,0,0,0,0.225782068648248
0,0,0.0236247888683499,0,0
0,0.0539911728818179,0,0,0
0,0.051743104644025,0,0,0.15484064712347
0.764269073171796,0,0,0,0
0,0,0,0,0.245606614358371
0.692313987811066,0.0504640213800356,0,0,0
0,0.0678832298036217,0,0,0.103726327088711
0,0,0,0.316471740698821,0
0,0,0.0219705802023069,0,0
0.653788445065228,0.0807231469028572,0,0,0
0,0,0.0448646701093671,0,0
0.580305650885798,0,0,0,0.106607968921716
0.693350647366612,0,0.245091211398748,0,0
0.653810269476923,0.0748751666706127,0.0418549572276859,0,0.225717535205868
0,0,0.054209870705403,0,0
0,0,0.027357040095373,0,0
0.705304968872933,0.0930906982639693,0,0,0
0,0,0.145776515314659,0,0
0.687987298192393,0.0709062550347662,0,0,0
0.507929354379341,0.161375843169955,0,0,0
0,0.0930421912688564,0,0,0.105077056763871
0,0,0,0.342414434449938,0
0.614679099306529,0,0.0258045152947106,0,0.221706238658727
0,0,0,0,0.142509009124134
0.651791511395071,0,0.0387299594540444,0,0.168826513660643
0,0.0582707602720781,0,0.328643196123985,0.175557798962353
0,0,0.0313607937196418,0,0
0.644633104358881,0,0,0,0
0,0.0664788368022572,0,0,0
0.732760078786126,0,0,0,0.124676054898152
0,0.0683428913287394,0,0,0
0,0.0453742516785441,0,0,0
0.823102231000486,0,0.0339514654490855,0,0
0,0.0453563502874906,0,0,0.138664477215222
0,0.0762408695687324,0,0,0.05929901346896
0,0,0,0,0.210910624377029
0.639738980036119,0,0,0,0
0.682247477916423,0,0,0.237222586260532,0
0.685712103273116,0,0,0.261174983287332,0
0,0,0,0,0.188879162726506
0.788123155155199,0.053935158851747,0,0,0.169397730467452
0,0,0,0,0.11638127124492
0,0.0493194872810617,0,0,0
0,0.0671186671663657,0,0.402854722238769,0
0.663363905696717,0,0,0,0
0,0.0662865412144881,0,0.497598009041388,0.209171416157641
0.755533852390591,0,0,0,0
0,0.0654555701910656,0.0593368100579721,0,0
0,0.0318916168940624,0,0,0.0368824596825721
0.672781139343413,0.0881297030852181,0,0,0
0.63808578085017,0,0,0,0
0.729033560489085,0,0,0,0
0,0.0878629146120971,0,0.440486355182251,0
0,0,0.0256181164637772,0.286167206105253,0
0,0,0.0298683725031025,0,0
0.674472531249829,0,0.0408601392835795,0.455346398999226,0
0,0,0,0,0.225112454315434
0.641414003633765,0,0.0288780882345226,0,0
0.701551170061272,0,0.044523349109013,0,0
0,0,0.040557678359167,0,0
