3011.35111839792,-188.311063917035,0,0,0,0,0,0,0,-331.656285100165,0,0,0,-193.833636553549,0,0,-1563.4528566455,994.698345534891,0,-296.633757187982,0,1027.9276602236,32.2504477179656,0,0,0,0,0,0,0,0,-1338.39240385029,-982.848116841206,0,1115.84247253697,0,0,0,0,320.704776331919,0,492.563126835757,0,-327.664676713494,0,183.652794211305,0,23.1448690306697,0,0,-782.122778424644,-174.458567302121,0,0,0,0,-440.776362233517,0,0,0
-188.311063917035,2763.93356837393,0,0,0,0,0,0,0,463.88219819028,0,0,0,-35.5065404244959,0,0,1240.72440977999,-428.614639390417,0,922.945209411205,0,866.7088274776,190.744490581402,0,0,0,0,0,0,0,0,266.652288933814,287.51641212358,0,12.9723272124848,0,0,0,0,-10.9406296017942,0,-350.95055062464,0,-116.647570695436,0,-667.308360407749,0,-587.482229132636,0,0,66.7691494239427,204.892330527246,0,0,0,0,-109.090047412322,0,0,0
0,0,0.0100385557278626,0,0,0,0,0,0,0,0,0,0,0,0,0,0,0,0,0,0,0,0,0,0,0,0,0,0,0,0,0,0,0,0,0,0,0,0,0,0,0,0,0,0,0,0,0,0,0,0,0,0,0,0,0,0,0,0,0
0,0,0,0.0084677720031306,0,0,0,0,0,0,0,0,0,0,0,0,0,0,0,0,0,0,0,0,0,0,0,0,0,0,0,0,0,0,0,0,0,0,0,0,0,0,0,0,0,0,0,0,0,0,0,0,0,0,0,0,0,0,0,0
0,0,0,0,0.0131463602365392,0,0,0,0,0,0,0,0,0,0,0,0,0,0,0,0,0,0,0,0,0,0,0,0,0,0,0,0,0,0,0,0,0,0,0,0,0,0,0,0,0,0,0,0,0,0,0,0,0,0,0,0,0,0,0
0,0,0,0,0,0.0165652770440765,0,0,0,0,0,0,0,0,0,0,0,0,0,0,0,0,0,0,0,0,0,0,0,0,0,0,0,0,0,0,0,0,0,0,0,0,0,0,0,0,0,0,0,0,0,0,0,0,0,0,0,0,0,0
0,0,0,0,0,0,0.0165048168277647,0,0,0,0,0,0,0,0,0,0,0,0,0,0,0,0,0,0,0,0,0,0,0,0,0,0,0,0,0,0,0,0,0,0,0,0,0,0,0,0,0,0,0,0,0,0,0,0,0,0,0,0,0
0,0,0,0,0,0,0,0.0518320130504933,0,0,0,0,0,0,0,0,0,0,0,0,0,0,0,0,0,0,0,0,0,0,0,0,0,0,0,0,0,0,0,0,0,0,0,0,0,0,0,0,0,0,0,0,0,0,0,0,0,0,0,0
0,0,0,0,0,0,0,0,0.0312165332542113,0,0,0,0,0,0,0,0,0,0,0,0,0,0,0,0,0,0,0,0,0,0,0,0,0,0,0,0,0,0,0,0,0,0,0,0,0,0,0,0,0,0,0,0,0,0,0,0,0,0,0
-331.656285100165,463.88219819028,0,0,0,0,0,0,0,6292.70449925563,0,0,0,200.824343562516,0,0,883.953604106108,-1748.34948039892,0,2273.1218895579,0,1244.27489118195,-1066.25101183111,0,0,0,0,0,0,0,0,-1146.60004221684,9.56525922834575,0,69.5743688116346,0,0,0,0,-57.4278689934457,0,915.412067437077,0,35.1498590689494,0,485.191147266131,0,-528.761442445975,0,0,585.955525459117,-140.3885991324,0,0,0,0,69.3536460154846,0,0,0
0,0,0,0,0,0,0,0,0,0,0.0471231513946249,0,0,0,0,0,0,0,0,0,0,0,0,0,0,0,0,0,0,0,0,0,0,0,0,0,0,0,0,0,0,0,0,0,0,0,0,0,0,0,0,0,0,0,0,0,0,0,0,0
0,0,0,0,0,0,0,0,0,0,0,0.0279912581499053,0,0,0,0,0,0,0,0,0,0,0,0,0,0,0,0,0,0,0,0,0,0,0,0,0,0,0,0,0,0,0,0,0,0,0,0,0,0,0,0,0,0,0,0,0,0,0,0
0,0,0,0,0,0,0,0,0,0,0,0,0.0437902922694098,0,0,0,0,0,0,0,0,0,0,0,0,0,0,0,0,0,0,0,0,0,0,0,0,0,0,0,0,0,0,0,0,0,0,0,0,0,0,0,0,0,0,0,0,0,0,0
-193.833636553549,-35.5065404244959,0,0,0,0,0,0,0,200.824343562516,0,0,0,5965.09429534546,0,0,1574.22358467088,522.285973276899,0,2061.40296721488,0,971.964418288415,1355.09150043948,0,0,0,0,0,0,0,0,-2374.51818956354,214.621965572899,0,-169.51883735197,0,0,0,0,-211.224367230507,0,-1024.0877964796,0,1127.06055933812,0,-447.121238598359,0,417.123138851388,0,0,207.140160303228,637.818824389632,0,0,0,0,-310.843302012233,0,0,0
0,0,0,0,0,0,0,0,0,0,0,0,0,0,0.0371223260740133,0,0,0,0,0,0,0,0,0,0,0,0,0,0,0,0,0,0,0,0,0,0,0,0,0,0,0,0,0,0,0,0,0,0,0,0,0,0,0,0,0,0,0,0,0
0,0,0,0,0,0,0,0,0,0,0,0,0,0,0,0.05416199999161,0,0,0,0,0,0,0,0,0,0,0,0,0,0,0,0,0,0,0,0,0,0,0,0,0,0,0,0,0,0,0,0,0,0,0,0,0,0,0,0,0,0,0,0
-1563.4528566455,1240.72440977999,0,0,0,0,0,0,0,883.953604106108,0,0,0,1574.22358467088,0,0,14916.886006229,2494.7623443892,0,-2443.71850213575,0,2482.25721829253,1471.36728573899,0,0,0,0,0,0,0,0,2593.1822846367,988.933124791272,0,986.484374697636,0,0,0,0,-269.210070853508,0,457.228566890312,0,34.5120986268911,0,-27.7374212704277,0,-482.692614746066,0,0,775.14811239474,289.199643549445,0,0,0,0,-436.073595955731,0,0,0
994.698345534891,-428.614639390417,0,0,0,0,0,0,0,-1748.34948039892,0,0,0,522.285973276899,0,0,2494.7623443892,15658.315468524,0,-1585.27066625443,0,603.7362779164,5728.68384154226,0,0,0,0,0,0,0,0,245.659159054196,-1600.33119574807,0,-889.837056183337,0,0,0,0,1870.52767667957,0,-364.656617407121,0,718.992215328058,0,2269.30496417335,0,-545.776735618598,0,0,-544.1196443567,326.188374478952,0,0,0,0,-1003.63901156206,0,0,0
0,0,0,0,0,0,0,0,0,0,0,0,0,0,0,0,0,0,0.0807490947043825,0,0,0,0,0,0,0,0,0,0,0,0,0,0,0,0,0,0,0,0,0,0,0,0,0,0,0,0,0,0,0,0,0,0,0,0,0,0,0,0,0
-296.633757187982,922.945209411205,0,0,0,0,0,0,0,2273.1218895579,0,0,0,2061.40296721488,0,0,-2443.71850213575,-1585.27066625443,0,16807.7419983692,0,458.217001844269,-2120.39317677254,0,0,0,0,0,0,0,0,-1075.42691577803,1215.37739004237,0,2218.24587466836,0,0,0,0,2085.81997535734,0,-1225.27676341643,0,-386.157581063827,0,323.638048545667,0,275.139907503003,0,0,-256.118492243897,251.274560564124,0,0,0,0,229.71659748523,0,0,0
0,0,0,0,0,0,0,0,0,0,0,0,0,0,0,0,0,0,0,0,0.0703327028144999,0,0,0,0,0,0,0,0,0,0,0,0,0,0,0,0,0,0,0,0,0,0,0,0,0,0,0,0,0,0,0,0,0,0,0,0,0,0,0
1027.9276602236,866.7088274776,0,0,0,0,0,0,0,1244.27489118195,0,0,0,971.964418288414,0,0,2482.25721829253,603.7362779164,0,458.217001844269,0,19805.5080238178,-1060.25065531166,0,0,0,0,0,0,0,0,-206.879277319737,-1358.93099054529,0,-730.343442167129,0,0,0,0,602.791499749575,0,-940.664313179866,0,230.59495385555,0,-422.555603532075,0,1095.28998835599,0,0,177.349624027695,949.251552239292,0,0,0,0,-776.927509063853,0,0,0
32.2504477179656,190.744490581402,0,0,0,0,0,0,0,-1066.25101183111,0,0,0,1355.09150043948,0,0,1471.36728573899,5728.68384154226,0,-2120.39317677254,0,-1060.25065531166,13179.3611266618,0,0,0,0,0,0,0,0,560.731230774737,-455.356994396719,0,-105.823364879924,0,0,0,0,2135.21942662368,0,1773.88523116839,0,1325.96100144917,0,912.33914563088,0,391.801574027916,0,0,612.724551371273,745.250459582132,0,0,0,0,-523.58287268319,0,0,0
0,0,0,0,0,0,0,0,0,0,0,0,0,0,0,0,0,0,0,0,0,0,0,0.0607009828231404,0,0,0,0,0,0,0,0,0,0,0,0,0,0,0,0,0,0,0,0,0,0,0,0,0,0,0,0,0,0,0,0,0,0,0,0
0,0,0,0,0,0,0,0,0,0,0,0,0,0,0,0,0,0,0,0,0,0,0,0,0.0540350921045624,0,0,0,0,0,0,0,0,0,0,0,0,0,0,0,0,0,0,0,0,0,0,0,0,0,0,0,0,0,0,0,0,0,0,0
0,0,0,0,0,0,0,0,0,0,0,0,0,0,0,0,0,0,0,0,0,0,0,0,0,0.0600188181839822,0,0,0,0,0,0,0,0,0,0,0,0,0,0,0,0,0,0,0,0,0,0,0,0,0,0,0,0,0,0,0,0,0,0
0,0,0,0,0,0,0,0,0,0,0,0,0,0,0,0,0,0,0,0,0,0,0,0,0,0,0.0616150794244713,0,0,0,0,0,0,0,0,0,0,0,0,0,0,0,0,0,0,0,0,0,0,0,0,0,0,0,0,0,0,0,0,0
0,0,0,0,0,0,0,0,0,0,0,0,0,0,0,0,0,0,0,0,0,0,0,0,0,0,0,0.0536226355128122,0,0,0,0,0,0,0,0,0,0,0,0,0,0,0,0,0,0,0,0,0,0,0,0,0,0,0,0,0,0,0,0
0,0,0,0,0,0,0,0,0,0,0,0,0,0,0,0,0,0,0,0,0,0,0,0,0,0,0,0,0.0611973848711011,0,0,0,0,0,0,0,0,0,0,0,0,0,0,0,0,0,0,0,0,0,0,0,0,0,0,0,0,0,0,0
0,0,0,0,0,0,0,0,0,0,0,0,0,0,0,0,0,0,0,0,0,0,0,0,0,0,0,0,0,0.0585328836519184,0,0,0,0,0,0,0,0,0,0,0,0,0,0,0,0,0,0,0,0,0,0,0,0,0,0,0,0,0,0
0,0,0,0,0,0,0,0,0,0,0,0,0,0,0,0,0,0,0,0,0,0,0,0,0,0,0,0,0,0,0.0511200658232222,0,0,0,0,0,0,0,0,0,0,0,0,0,0,0,0,0,0,0,0,0,0,0,0,0,0,0,0,0
-1338.39240385029,266.652288933814,0,0,0,0,0,0,0,-1146.60004221684,0,0,0,-2374.51818956354,0,0,2593.1822846367,245.659159054196,0,-1075.42691577803,0,-206.879277319737,560.731230774737,0,0,0,0,0,0,0,0,17885.7715190604,1513.27707960996,0,-916.816616282437,0,0,0,0,168.437485435043,0,1212.53058694484,0,-1872.19367049221,0,-780.55039962367,0,3628.89763256515,0,0,340.466659255125,-666.785614903913,0,0,0,0,1716.82354921711,0,0,0
-982.848116841206,287.51641212358,0,0,0,0,0,0,0,9.56525922834575,0,0,0,214.621965572899,0,0,988.933124791272,-1600.33119574807,0,1215.37739004237,0,-1358.93099054529,-455.356994396719,0,0,0,0,0,0,0,0,1513.27707960996,10697.5941023276,0,-1453.56448213495,0,0,0,0,-175.05426619577,0,528.152817673849,0,-248.751337089171,0,-1456.35682694168,0,2054.61822965776,0,0,700.769071158241,530.639457106512,0,0,0,0,1435.18625356097,0,0,0
0,0,0,0,0,0,0,0,0,0,0,0,0,0,0,0,0,0,0,0,0,0,0,0,0,0,0,0,0,0,0,0,0,0.055423434114487,0,0,0,0,0,0,0,0,0,0,0,0,0,0,0,0,0,0,0,0,0,0,0,0,0,0
1115.84247253697,12.9723272124848,0,0,0,0,0,0,0,69.5743688116346,0,0,0,-169.51883735197,0,0,986.484374697637,-889.837056183337,0,2218.24587466836,0,-730.343442167129,-105.823364879924,0,0,0,0,0,0,0,0,-916.816616282437,-1453.56448213495,0,12317.1207872533,0,0,0,0,1239.39593126258,0,884.902287044241,0,-881.029907210665,0,1103.49521595319,0,1490.53843632314,0,0,378.526437037397,52.8138467571714,0,0,0,0,777.35045121978,0,0,0
0,0,0,0,0,0,0,0,0,0,0,0,0,0,0,0,0,0,0,0,0,0,0,0,0,0,0,0,0,0,0,0,0,0,0,0.0659264717390381,0,0,0,0,0,0,0,0,0,0,0,0,0,0,0,0,0,0,0,0,0,0,0,0
0,0,0,0,0,0,0,0,0,0,0,0,0,0,0,0,0,0,0,0,0,0,0,0,0,0,0,0,0,0,0,0,0,0,0,0,0.0844496977883692,0,0,0,0,0,0,0,0,0,0,0,0,0,0,0,0,0,0,0,0,0,0,0
0,0,0,0,0,0,0,0,0,0,0,0,0,0,0,0,0,0,0,0,0,0,0,0,0,0,0,0,0,0,0,0,0,0,0,0,0,0.0555960958814975,0,0,0,0,0,0,0,0,0,0,0,0,0,0,0,0,0,0,0,0,0,0
0,0,0,0,0,0,0,0,0,0,0,0,0,0,0,0,0,0,0,0,0,0,0,0,0,0,0,0,0,0,0,0,0,0,0,0,0,0,0.0443414766377774,0,0,0,0,0,0,0,0,0,0,0,0,0,0,0,0,0,0,0,0,0
320.704776331919,-10.9406296017942,0,0,0,0,0,0,0,-57.4278689934457,0,0,0,-211.224367230507,0,0,-269.210070853508,1870.52767667957,0,2085.81997535734,0,602.791499749575,2135.21942662368,0,0,0,0,0,0,0,0,168.437485435043,-175.05426619577,0,1239.39593126258,0,0,0,0,8444.1590839216,0,-11.7524281724928,0,23.4801662728439,0,1756.27478636743,0,75.2338199271774,0,0,881.549455825535,219.213428601458,0,0,0,0,-13.6016169204745,0,0,0
0,0,0,0,0,0,0,0,0,0,0,0,0,0,0,0,0,0,0,0,0,0,0,0,0,0,0,0,0,0,0,0,0,0,0,0,0,0,0,0,0.0348968821124828,0,0,0,0,0,0,0,0,0,0,0,0,0,0,0,0,0,0,0
492.563126835757,-350.95055062464,0,0,0,0,0,0,0,915.412067437077,0,0,0,-1024.0877964796,0,0,457.228566890312,-364.656617407121,0,-1225.27676341643,0,-940.664313179866,1773.88523116839,0,0,0,0,0,0,0,0,1212.53058694484,528.152817673848,0,884.902287044241,0,0,0,0,-11.7524281724928,0,5658.26464956111,0,1092.02180854784,0,108.681645661382,0,1508.27336826932,0,0,-705.359564850687,1.95075098877413,0,0,0,0,-192.492586159569,0,0,0
0,0,0,0,0,0,0,0,0,0,0,0,0,0,0,0,0,0,0,0,0,0,0,0,0,0,0,0,0,0,0,0,0,0,0,0,0,0,0,0,0,0,0.0369873833412892,0,0,0,0,0,0,0,0,0,0,0,0,0,0,0,0,0
-327.664676713494,-116.647570695436,0,0,0,0,0,0,0,35.1498590689494,0,0,0,1127.06055933812,0,0,34.5120986268911,718.992215328058,0,-386.157581063827,0,230.59495385555,1325.96100144917,0,0,0,0,0,0,0,0,-1872.19367049221,-248.751337089171,0,-881.029907210665,0,0,0,0,23.4801662728439,0,1092.02180854784,0,5700.7296419035,0,919.480761908377,0,380.518802836713,0,0,106.390045573695,444.749494849772,0,0,0,0,-156.526049917015,0,0,0
0,0,0,0,0,0,0,0,0,0,0,0,0,0,0,0,0,0,0,0,0,0,0,0,0,0,0,0,0,0,0,0,0,0,0,0,0,0,0,0,0,0,0,0,0.0316079414682552,0,0,0,0,0,0,0,0,0,0,0,0,0,0,0
183.652794211305,-667.308360407749,0,0,0,0,0,0,0,485.191147266131,0,0,0,-447.121238598359,0,0,-27.7374212704277,2269.30496417335,0,323.638048545667,0,-422.555603532075,912.33914563088,0,0,0,0,0,0,0,0,-780.55039962367,-1456.35682694168,0,1103.49521595319,0,0,0,0,1756.27478636743,0,108.681645661382,0,919.480761908377,0,9828.8622713955,0,-639.017437518997,0,0,122.634791635628,-1040.08467391695,0,0,0,0,130.929624780956,0,0,0
0,0,0,0,0,0,0,0,0,0,0,0,0,0,0,0,0,0,0,0,0,0,0,0,0,0,0,0,0,0,0,0,0,0,0,0,0,0,0,0,0,0,0,0,0,0,0.0255144864703389,0,0,0,0,0,0,0,0,0,0,0,0,0
23.1448690306697,-587.482229132636,0,0,0,0,0,0,0,-528.761442445975,0,0,0,417.123138851388,0,0,-482.692614746066,-545.776735618598,0,275.139907503003,0,1095.28998835599,391.801574027916,0,0,0,0,0,0,0,0,3628.89763256515,2054.61822965776,0,1490.53843632314,0,0,0,0,75.2338199271774,0,1508.27336826932,0,380.518802836713,0,-639.017437518997,0,9541.1931898855,0,0,-1377.70580709664,76.7800653099412,0,0,0,0,879.285664939283,0,0,0
0,0,0,0,0,0,0,0,0,0,0,0,0,0,0,0,0,0,0,0,0,0,0,0,0,0,0,0,0,0,0,0,0,0,0,0,0,0,0,0,0,0,0,0,0,0,0,0,0.0113269999106583,0,0,0,0,0,0,0,0,0,0,0
0,0,0,0,0,0,0,0,0,0,0,0,0,0,0,0,0,0,0,0,0,0,0,0,0,0,0,0,0,0,0,0,0,0,0,0,0,0,0,0,0,0,0,0,0,0,0,0,0,0.0261849637930322,0,0,0,0,0,0,0,0,0,0
-782.122778424644,66.7691494239427,0,0,0,0,0,0,0,585.955525459117,0,0,0,207.140160303228,0,0,775.14811239474,-544.1196443567,0,-256.118492243897,0,177.349624027695,612.724551371273,0,0,0,0,0,0,0,0,340.466659255125,700.769071158241,0,378.526437037397,0,0,0,0,881.549455825535,0,-705.359564850687,0,106.390045573695,0,122.634791635628,0,-1377.70580709664,0,0,4423.65124036844,450.71947525178,0,0,0,0,544.359762111447,0,0,0
-174.458567302121,204.892330527246,0,0,0,0,0,0,0,-140.3885991324,0,0,0,637.818824389632,0,0,289.199643549445,326.188374478952,0,251.274560564124,0,949.251552239292,745.250459582132,0,0,0,0,0,0,0,0,-666.785614903913,530.639457106511,0,52.8138467571714,0,0,0,0,219.213428601458,0,1.95075098877413,0,444.749494849772,0,-1040.08467391695,0,76.7800653099412,0,0,450.71947525178,3490.16069210248,0,0,0,0,271.720954275813,0,0,0
0,0,0,0,0,0,0,0,0,0,0,0,0,0,0,0,0,0,0,0,0,0,0,0,0,0,0,0,0,0,0,0,0,0,0,0,0,0,0,0,0,0,0,0,0,0,0,0,0,0,0,0,0.0333054065255928,0,0,0,0,0,0,0
0,0,0,0,0,0,0,0,0,0,0,0,0,0,0,0,0,0,0,0,0,0,0,0,0,0,0,0,0,0,0,0,0,0,0,0,0,0,0,0,0,0,0,0,0,0,0,0,0,0,0,0,0,0.0643954829060875,0,0,0,0,0,0
0,0,0,0,0,0,0,0,0,0,0,0,0,0,0,0,0,0,0,0,0,0,0,0,0,0,0,0,0,0,0,0,0,0,0,0,0,0,0,0,0,0,0,0,0,0,0,0,0,0,0,0,0,0,0.0144198911460294,0,0,0,0,0
0,0,0,0,0,0,0,0,0,0,0,0,0,0,0,0,0,0,0,0,0,0,0,0,0,0,0,0,0,0,0,0,0,0,0,0,0,0,0,0,0,0,0,0,0,0,0,0,0,0,0,0,0,0,0,0.0165319239935625,0,0,0,0
-440.776362233517,-109.090047412322,0,0,0,0,0,0,0,69.3536460154846,0,0,0,-310.843302012233,0,0,-436.073595955731,-1003.63901156206,0,229.71659748523,0,-776.927509063853,-523.58287268319,0,0,0,0,0,0,0,0,1716.82354921711,1435.18625356097,0,777.35045121978,0,0,0,0,-13.6016169204745,0,-192.492586159569,0,-156.526049917015,0,130.929624780956,0,879.285664939283,0,0,544.359762111447,271.720954275813,0,0,0,0,4871.43338523982,0,0,0
0,0,0,0,0,0,0,0,0,0,0,0,0,0,0,0,0,0,0,0,0,0,0,0,0,0,0,0,0,0,0,0,0,0,0,0,0,0,0,0,0,0,0,0,0,0,0,0,0,0,0,0,0,0,0,0,0,0.0147236394269446,0,0
0,0,0,0,0,0,0,0,0,0,0,0,0,0,0,0,0,0,0,0,0,0,0,0,0,0,0,0,0,0,0,0,0,0,0,0,0,0,0,0,0,0,0,0,0,0,0,0,0,0,0,0,0,0,0,0,0,0,0.0212773918134844,0
0,0,0,0,0,0,0,0,0,0,0,0,0,0,0,0,0,0,0,0,0,0,0,0,0,0,0,0,0,0,0,0,0,0,0,0,0,0,0,0,0,0,0,0,0,0,0,0,0,0,0,0,0,0,0,0,0,0,0,0.00940690202802552
