0.036294008184469,-0.00867541119196149,0.00308600627905406,0.0129967544679908,0.00156216441448212,0.0128425518800909,0.00544412899833434,-0.0118606023032343,-0.00358165685841058,0.00683762205808184,0.00983486440846091,0.013129232718436,0.0124845729799289
-0.00867541119196149,0.23488697237608,0.00648628841007157,-0.00470609537396424,-0.00546235407400115,-0.0199556949287471,0.00686712657692369,-0.0181758143581896,0.0394848126934479,0.00932069144600919,0.0145337589468438,0.0186063215583496,0.111396786055858
0.00308600627905406,0.00648628841007157,0.107308638152993,-0.00228065924607294,0.000943157728702447,-0.0134084614567878,-0.00666270647080236,-0.0140194731950842,0.0668502232774116,0.0158631745013911,0.0144649701754634,0.0138963614024082,0.0549603503569099
0.0129967544679908,-0.00470609537396424,-0.00228065924607294,0.0291048394913971,0.00381479725242069,0.0120108758974637,0.015405530452688,-0.000218143994114909,0.00165301529406594,0.00632349422153223,0.00578221327516277,0.00221285929377958,0.00942378341159739
0.00156216441448212,-0.00546235407400115,0.000943157728702447,0.00381479725242069,0.0120600918215444,0.00627731284573142,0.0041886667247008,0.00049060416069704,0.00986327188750987,-0.00323736097939494,-0.0050272828080069,0.0033826061354691,0.00328853790649678
0.0128425518800909,-0.0199556949287471,-0.0134084614567878,0.0120108758974637,0.00627731284573142,0.123366100567448,0.0238637573839473,-0.00654005768993571,0.00840179261569576,0.0028340371764297,-0.00234754619236392,0.0131215636106507,0.000539645211778342
0.00544412899833434,0.00686712657692368,-0.00666270647080236,0.015405530452688,0.0041886667247008,0.0238637573839473,0.248864655520722,-0.0005565529664626,0.0259060893745636,0.0236299632617838,0.0337307243814997,0.016272652399259,-0.00372912974349503
-0.0118606023032343,-0.0181758143581896,-0.0140194731950842,-0.000218143994114909,0.00049060416069704,-0.00654005768993571,-0.0005565529664626,0.0324109557063856,-0.0323923744919374,-0.0127625815210623,-0.0248139972191757,-0.0123352795957839,-0.0286754545608927
-0.00358165685841058,0.0394848126934479,0.0668502232774116,0.00165301529406594,0.00986327188750987,0.00840179261569576,0.0259060893745636,-0.0323923744919374,0.225871297284127,0.0237701973028379,0.0478839529071099,0.0105934996565861,0.0757899505979586
0.00683762205808184,0.00932069144600919,0.0158631745013911,0.00632349422153223,-0.00323736097939494,0.0028340371764297,0.0236299632617838,-0.0127625815210623,0.0237701973028379,0.0387148617117495,0.0414511733517303,0.0194981484233191,0.0350417279657013
0.00983486440846091,0.0145337589468438,0.0144649701754634,0.00578221327516277,-0.0050272828080069,-0.00234754619236392,0.0337307243814997,-0.0248139972191757,0.0478839529071099,0.0414511733517303,0.0982564557881902,0.0217234461685849,0.045655380138168
0.013129232718436,0.0186063215583496,0.0138963614024082,0.00221285929377958,0.00338260613546911,0.0131215636106507,0.016272652399259,-0.0123352795957839,0.0105934996565861,0.0194981484233191,0.0217234461685849,0.0945987191825206,0.0524119427745145
0.0124845729799289,0.111396786055858,0.0549603503569099,0.00942378341159739,0.00328853790649678,0.000539645211778342,-0.00372912974349503,-0.0286754545608927,0.0757899505979586,0.0350417279657013,0.045655380138168,0.0524119427745144,0.237047968681554
