0.183873833333333
0.119160615384615
0.137013133333333
0.087452
106.144808359615
0.268356722222222
0.312214736842105
0.354959130434782
99.7080344710128
0.330481875
0.288703444444444
0.3637
0.380619416666667
0.256775375
153.109143471996
0.364599777777778
170.154911848328
0.380722727272727
0.424236333333333
219.825151845368
0.630233
0.623316
0.615712105263158
0.739210625
0.763314545454545
0.703531428571429
0.766668
0.740350625
185.297533267177
153.828213192268
0.519448705882353
0.408716
0.33688925
175.916501609384
0.429085294117647
0.33458575
0.33336495
0.317625944444444
0.357971357142857
0.366250909090909
0.197128066666667
0.359541428571429
0.2905148
125.107468541118
0.279848772727273
0.197234705882353
0.238480555555556
0.218179642857143
0.2028938
149.658365283739
0.1562253
73.7252483616476
98.5244316481804
0.347491578947368
0.22222125
0.174787083333333
0.197026294117647
0.168268666666667
0.210002153846154
0.116133285714286
