0.20871,NaN,0.22412,NaN
NaN,0.61998,0.17455,0.63481
0.29878,NaN,0.33991,NaN
0.83745,NaN,0.086445,0.64139
0.68861,0.55873,0.39679,NaN
0.80004,0.50918,0.24727,0.82387
NaN,0.57484,0.5296,0.81588
0.72227,0.84444,0.071088,0.65221
NaN,0.69787,0.015797,NaN
0.7161,0.53209,0.42548,0.75509
0.5914,NaN,0.13808,0.67478
NaN,NaN,NaN,0.5719
NaN,0.54324,NaN,NaN
0.40111,0.12156,0.65495,0.73157
0.38736,0.43716,0.29595,NaN
0.44675,0.6326,0.097999,0.51005
NaN,NaN,0.075702,0.3438
0.048619,NaN,NaN,0.48442
NaN,0.63841,NaN,NaN
NaN,0.52753,0.21323,0.7445
0.35979,0.659,0.19345,0.6669
0.48779,0.82176,0.092718,0.54744
0.39806,0.92102,0.34759,NaN
0.50046,NaN,0.13222,0.72569
0.92984,0.71707,0.12417,0.77167
0.33213,0.65017,0.16669,0.51405
NaN,0.81177,0.2748,0.51864
NaN,0.49555,0.24944,NaN
0.84273,NaN,0.33962,0.82752
0.36512,0.63624,0.16924,0.5425
0.5453,NaN,0.36081,0.68771
0.28573,0.53813,0.3442,0.75568
0.30758,0.30221,0.48265,0.81153
0.00041105,NaN,NaN,0.36449
0.60449,0.66999,0.025171,0.54098
NaN,0.5091,0.28462,NaN
0.7037,0.35819,0.40828,0.79271
0.6597,0.79992,0.20714,0.60941
0.46219,0.3235,0.42426,0.91182
0.25084,0.2017,0.76159,NaN
0.49205,0.43291,0.22361,0.82857
0.65877,0.82617,NaN,0.47972
0.16557,0.63213,0.27403,0.65937
0.681,0.57607,NaN,0.84245
0.53636,0.77306,0.27333,0.71582
0.65637,0.4782,0.45224,0.75062
0.92052,0.73356,0.12391,0.75497
0.68069,0.5242,0.43655,0.90794
0.64033,0.74472,0.26391,0.82752
NaN,0.54541,0.29824,0.88525
NaN,NaN,0.25727,0.087246
0.4863,NaN,0.10058,0.71711
0.68298,0.86643,0.087811,NaN
0.54199,0.64111,0.033588,0.40964
NaN,0.57081,0.20689,0.86397
0.5163,NaN,NaN,0.55226
0.52475,0.34642,0.31902,0.90864
NaN,0.53271,NaN,NaN
0.46771,0.63562,0.085192,0.52299
0.60194,0.50956,0.50734,0.70876
0.54919,0.85939,0.18854,NaN
0.44324,NaN,0.072346,0.46396
0.55557,0.87681,0.2153,0.62599
0.81617,0.41611,0.3198,NaN
0.47534,0.46419,0.53296,NaN
NaN,0.64886,0.03868,0.43069
0.35885,0.5547,0.20777,NaN
0.83006,0.60108,0.26897,0.85279
0.61152,0.54038,0.14041,0.87066
0.35817,NaN,0.20006,0.66232
0.29856,0.22888,0.73741,0.70065
NaN,0.51413,0.43171,NaN
0.7119,0.75292,0.19603,0.72393
0.54839,0.55284,0.12982,0.77672
0.24814,0.27069,0.68105,0.73275
0.55694,0.6024,NaN,0.82728
NaN,NaN,NaN,0.8421
0.75267,0.55834,0.31991,0.96697
0.32293,0.45157,0.29245,NaN
NaN,NaN,0.04145,0.38377
0.57239,0.694,0.019084,0.2689
0.2326,0.7077,NaN,0.28348
0.98114,0.88277,0.037685,0.48396
0.68471,0.62633,NaN,0.77214
0.69165,NaN,NaN,NaN
0.28525,0.26705,0.68178,0.69618
0.33744,0.51142,0.31101,0.88055
NaN,NaN,0.73771,0.60471
NaN,0.67387,NaN,0.80647
0.44557,0.58777,NaN,0.67819
0.44447,0.4326,0.22549,0.78636
0.61672,0.51684,0.49623,0.74968
0.033519,0.76988,0.26454,0.092183
0.57162,NaN,0.25177,NaN
0.78174,0.90538,0.048502,0.3251
0.18494,0.027795,0.96364,0.50135
NaN,0.518,0.52358,0.73122
0.50774,0.52056,0.21925,0.77801
0.34571,NaN,NaN,0.53439
0.55544,0.90407,NaN,0.42128
0.40769,0.33287,0.50675,0.80835
NaN,NaN,0.57456,0.73921
NaN,0.47619,0.57456,0.82234
NaN,0.44367,0.22102,0.76637
0.15125,0.63887,NaN,0.64597
0.70025,NaN,NaN,0.41293
0.7578,0.55695,0.30278,NaN
NaN,0.51444,0.28122,0.72616
0.57763,0.78444,0.28285,0.55391
NaN,0.64266,0.07755,0.45385
0.34095,0.48974,NaN,NaN
0.044523,0.87201,NaN,NaN
NaN,0.58475,0.22671,NaN
0.40711,NaN,0.63546,NaN
0.79625,NaN,NaN,0.93087
0.12604,0.3228,0.67285,0.6756
0.38334,0.28997,NaN,0.80412
0.26839,0.51436,0.35531,0.73639
0.37349,NaN,0.33704,0.78613
NaN,0.56438,0.2301,0.95085
0.22693,0.66651,0.21471,0.57872
0.35471,0.55958,NaN,NaN
0.2655,NaN,0.31958,NaN
0.19143,0.22625,0.74317,0.64503
0.65863,0.55068,0.42377,0.88948
0.33146,0.57631,0.18957,0.64268
0.22445,NaN,NaN,0.68501
0.23563,0.60952,0.26362,0.74909
0.42493,0.56384,NaN,0.83422
0.91103,0.90693,0.038865,0.38283
0.16651,NaN,0.71829,0.67961
0.2043,0.6923,NaN,0.303
0.6543,NaN,0.09796,NaN
0.53158,0.34866,0.42466,0.68736
0.70536,NaN,0.2308,0.54721
0.6647,0.48509,0.44751,0.71546
0.94715,0.6264,0.17056,0.90958
0.42715,0.64019,0.16975,0.5993
0.50908,NaN,0.28798,0.41658
0.58836,0.83903,0.18625,NaN
0.87071,0.8223,NaN,0.68324
0.40933,0.52226,0.26672,0.92099
0.66608,0.68564,0.013359,0.52946
0.42271,0.94603,0.23442,NaN
0.24129,0.0035622,0.98501,0.53921
0.63034,0.62424,NaN,0.7873
0.72902,0.35029,0.39244,0.703
0.15862,0.32853,0.67596,NaN
0.40755,0.4638,0.32703,NaN
NaN,NaN,0.14129,0.53063
NaN,0.6031,0.2504,0.74074
0.8421,0.40279,0.34305,0.88748
0.49868,0.47232,0.18673,0.82987
NaN,0.17274,0.64026,0.71088
0.34207,0.31978,NaN,NaN
0.62573,0.63833,0.35158,0.78519
0.12554,0.79195,0.229,0.10452
0.44759,0.54549,0.15702,NaN
0.70854,0.92621,NaN,0.37683
0.47837,0.63128,0.10017,0.53275
0.37521,0.1753,0.62583,0.76779
0.32453,0.49075,0.34335,NaN
0.57,NaN,0.41256,0.82704
0.55679,0.66953,0.030892,0.4007
0.82056,0.38126,0.38661,0.84539
0.57736,0.72551,0.32308,0.7659
0.52304,0.86845,0.22364,0.60824
0.33998,0.56918,0.19234,NaN
NaN,0.75493,NaN,0.68783
0.3443,0.63872,0.13052,0.55321
NaN,0.63182,0.26255,0.8167
0.45159,0.63631,0.086333,0.49536
0.64461,0.42121,0.34874,NaN
0.23739,0.011768,0.9856,0.52476
NaN,0.27526,0.46907,0.87114
0.5456,0.65172,0.052189,0.59624
NaN,NaN,0.050531,NaN
0.55263,0.65296,0.052082,0.58895
0.57369,0.64026,0.053004,0.62505
0.63272,0.50236,NaN,0.68713
0.81402,0.5602,0.25642,0.86338
0.24871,0.52396,0.25841,0.74697
0.76645,0.39953,NaN,0.79953
NaN,0.30368,0.49062,NaN
0.11543,0.78614,0.23243,0.089473
0.50853,0.64862,0.03787,0.37625
0.6997,0.63392,0.31223,0.79424
0.62345,NaN,0.59471,0.58448
0.64795,0.7547,0.23169,0.8301
0.21985,NaN,0.25129,0.32828
0.34038,NaN,NaN,0.70465
0.89664,0.88935,0.06367,0.47137
0.41864,0.45211,0.33619,0.82422
0.46386,0.36562,0.30729,0.83198
0.51658,0.52373,0.20733,0.86549
0.67106,0.3475,NaN,0.72158
0.54898,NaN,0.28122,0.72616
0.5453,NaN,0.36081,0.68772
0.8873,0.66442,0.16063,NaN
0.63369,0.69508,0.31766,0.83422
0.77164,0.72815,0.15381,0.75568
NaN,NaN,NaN,0.58824
0.32249,0.25923,0.61542,NaN
NaN,0.50414,0.28905,0.77954
0.4521,0.2367,0.50738,0.81011
0.61079,0.82911,NaN,0.59835
NaN,0.49725,0.30112,NaN
0.61794,0.30631,0.60062,NaN
0.38533,0.24909,0.47715,NaN
0.45673,NaN,0.40211,0.85938
0.60349,0.55401,0.47139,NaN
0.4062,0.43585,0.22324,0.75979
NaN,0.30894,0.69895,0.74015
0.38449,0.33658,0.49527,0.81341
0.64898,0.32396,NaN,0.64727
NaN,0.94208,0.33711,0.26996
NaN,0.81045,0.15602,0.61011
NaN,0.52629,0.15661,0.8535
0.80896,0.89934,0.061641,0.38577
NaN,0.79566,0.22841,0.61893
0.72655,0.60124,NaN,0.80917
NaN,NaN,0.41496,0.8488
0.51896,NaN,0.15525,NaN
NaN,NaN,0.093975,0.76649
0.80863,0.84173,0.097517,0.72299
0.32092,0.47588,0.3955,0.84797
0.557,0.69686,0.0031361,0.22222
0.32953,0.50035,0.29171,NaN
0.50016,0.48664,0.5619,0.83563
0.66307,NaN,0.57592,NaN
0.20526,0.20921,0.75022,0.63163
0.45628,0.34905,0.32353,0.82258
0.74282,0.34843,0.39152,0.76355
0.56125,0.5801,NaN,0.76402
0.49221,NaN,0.30891,0.42399
NaN,0.54735,0.53488,NaN
0.65985,0.76965,0.22036,0.82187
NaN,0.64816,0.28787,NaN
NaN,0.81944,0.23335,0.32134
NaN,0.63539,0.22084,0.75344
0.80313,NaN,0.32977,0.84586
0.046456,0.75664,0.2744,NaN
0.65334,0.58266,0.10029,0.79636
NaN,0.62323,0.12827,NaN
0.29386,0.018193,0.8081,NaN
0.17367,NaN,0.94784,0.48477
0.75369,0.71761,0.11904,0.69547
NaN,NaN,0.30452,0.7117
0.86299,0.54115,0.26104,NaN
0.69401,NaN,NaN,0.50488
NaN,0.51173,0.25428,NaN
0.73091,0.40619,0.32349,0.79753
0.57076,0.8631,0.19393,0.57743
0.74113,0.87635,0.089547,0.54133
0.52912,0.69818,0.005906,NaN
0.36328,0.49686,0.28514,0.92769
0.77877,NaN,0.39251,0.66338
0.23971,NaN,0.76029,0.69042
NaN,0.65722,0.19958,NaN
0.49297,0.8604,0.068137,0.15802
0.92179,0.4988,0.24409,0.90242
NaN,0.52025,0.22638,NaN
NaN,0.8813,0.059388,0.45609
0.36601,0.9571,0.21028,0.061495
0.76622,NaN,0.37587,0.7659
NaN,0.45629,0.57364,0.77472
0.18299,0.29787,NaN,0.72922
0.58133,0.60255,0.44024,0.85268
NaN,NaN,0.52606,0.71652
0.2192,NaN,0.98922,0.47537
0.5679,0.79752,0.25572,0.69312
0.84883,0.59419,0.21552,0.91935
0.36752,NaN,0.30991,NaN
0.26348,0.20798,0.67278,0.86655
NaN,0.68548,0.32652,0.79777
0.36682,0.52311,0.28145,0.74356
0.81416,0.80333,0.10841,0.67937
0.41563,0.42524,0.42474,0.82058
0.33404,0.65544,NaN,0.65949
NaN,0.1221,NaN,0.59953
0.76383,0.83779,0.086445,0.66808
0.62616,0.67441,0.016533,0.53521
0.6372,0.47356,0.29429,0.75356
0.85599,0.80573,0.12221,0.66619
0.4263,0.58444,0.16924,0.65174
0.36998,0.28486,0.46921,NaN
0.35813,0.92032,0.34161,0.33745
NaN,0.8717,0.054921,0.45044
0.35667,0.24948,NaN,0.74662
NaN,0.86706,0.26476,0.2923
0.74072,0.80496,0.21143,0.54627
0.87715,0.83554,0.081608,0.63657
0.52574,NaN,0.2703,0.69783
0.37507,0.92064,0.347,0.49629
0.6927,0.76895,0.20102,0.81235
0.20316,0.74998,0.23453,NaN
0.87461,0.6381,0.173,0.87901
0.24233,0.636,0.19784,0.46808
0.50523,NaN,0.16702,0.70806
0.72198,0.72574,0.23959,0.6722
0.48186,0.34889,0.31847,0.86302
NaN,0.52071,0.17765,0.7331
0.58454,0.65366,0.048536,0.60106
0.30658,0.30159,NaN,0.81905
NaN,0.59133,0.32146,0.76967
NaN,NaN,0.039972,0.34626
0.82106,NaN,0.26373,0.83633
0.28231,0.24925,0.71837,NaN
NaN,0.77917,NaN,NaN
NaN,0.78761,NaN,0.72828
NaN,0.83709,0.10117,0.66079
0.084309,0.85869,0.21589,0.22787
0.75007,0.88215,0.063118,0.43963
0.56245,NaN,0.35335,0.77108
0.26656,0.49648,0.34113,NaN
0.63936,0.26187,0.58903,0.72804
0.30599,0.58901,0.20947,0.58519
0.50813,NaN,0.20009,0.84621
0.50835,0.82842,0.24959,0.43034
NaN,0.47836,NaN,NaN
0.41128,0.57344,0.53274,0.87102
0.13868,0.76415,NaN,0.18437
0.28123,0.027563,NaN,0.71711
NaN,0.20581,0.6699,NaN
0.19077,0.70097,NaN,0.27972
0.74378,NaN,0.31887,0.83304
0.59537,0.8446,0.13436,0.70982
0.52505,0.5935,0.083309,0.71676
0.44827,NaN,0.1723,NaN
0.45802,0.49663,NaN,0.82046
NaN,0.80867,0.075443,0.66678
0.52704,0.54278,0.19847,0.78048
0.1904,NaN,NaN,0.62446
0.36777,0.52946,0.17215,NaN
0.83557,0.82323,0.12361,0.63292
0.24659,0.66489,0.21228,0.42222
0.44485,0.51413,NaN,NaN
NaN,0.54657,0.46272,0.72546
0.78065,0.89152,0.060275,0.43751
0.35906,0.45869,NaN,NaN
NaN,NaN,0.27487,0.85785
NaN,0.66783,0.022513,0.53969
0.32798,0.64801,0.16861,0.51828
0.71036,0.93837,0.083861,0.37542
0.64717,0.74146,0.23893,NaN
0.3991,NaN,0.56795,0.88901
0.70518,NaN,0.51465,0.72463
0.65211,0.58513,0.34184,0.82034
NaN,0.69694,0.021001,0.26208
0.71674,NaN,0.32637,NaN
0.55867,NaN,NaN,0.81011
NaN,NaN,NaN,0.83045
0.69051,0.62439,0.19231,0.76614
0.52034,0.80984,0.23929,0.43281
0.62251,0.60124,NaN,0.79401
0.72314,0.7873,0.2101,0.57331
0.37781,0.95997,0.31585,0.29783
0.70052,0.63004,0.24372,0.83057
NaN,0.6199,0.24162,0.699
0.55114,0.58769,0.08604,0.7478
0.88121,0.82338,0.087665,0.63457
NaN,0.73287,0.13163,0.71676
0.55114,0.55277,0.1324,0.78613
0.33072,0.50623,0.2882,0.73557
0.80741,0.78761,NaN,0.66726
0.47841,0.53566,NaN,0.83716
0.48999,NaN,0.12133,NaN
0.56814,0.5568,0.12129,0.77155
0.38654,0.26047,NaN,0.89842
0.44449,0.63724,0.069283,0.47772
0.79921,NaN,0.272,0.87784
0.63912,NaN,0.22815,0.81317
0.34469,NaN,NaN,0.071842
0.92514,0.81061,NaN,0.73298
0.83966,0.7259,0.13624,0.79483
0.39128,NaN,NaN,0.83257
0.59638,0.6662,0.027682,0.42152
0.66447,0.48773,0.46323,NaN
0.29393,0.129,0.60612,0.58507
0.73541,0.62354,0.25343,0.84985
NaN,NaN,0.15215,0.82175
0.34538,NaN,0.33929,0.4796
0.77159,0.78777,NaN,0.67325
0.69315,NaN,0.48557,NaN
0.36801,0.57414,0.2297,NaN
0.44035,NaN,0.42315,0.90335
0.48028,0.82935,0.32087,0.43716
0.49939,0.53798,NaN,0.7719
0.58092,0.83175,0.15569,0.588
0.22982,NaN,0.21117,0.42622
NaN,0.4902,NaN,0.85526
0.39245,NaN,0.63284,0.78472
0.40562,0.43105,0.29311,0.83363
0.45711,0.62602,0.072863,0.49124
0.36787,0.1904,0.6221,0.86279
NaN,0.84506,NaN,0.69336
NaN,0.99172,NaN,0.082417
0.67318,0.85358,NaN,0.65915
0.38171,0.27844,NaN,0.79024
0.73529,0.32187,0.512,NaN
0.73465,NaN,0.20556,0.64139
0.42994,0.59768,NaN,NaN
NaN,0.35424,0.48723,0.79389
NaN,NaN,0.21958,0.67114
0.49904,0.84491,0.26845,0.39295
0.5453,0.39326,0.36081,0.68772
0.54818,0.50375,0.2356,NaN
0.74359,0.64328,0.23664,0.7712
0.769,0.83964,0.10678,0.73663
0.3371,0.49903,NaN,0.73816
NaN,NaN,0.4839,0.79683
0.57738,0.73388,0.32781,0.78331
NaN,0.39326,0.36081,NaN
0.38021,NaN,0.1754,0.56096
0.46438,0.57987,0.13509,0.70723
0.55507,0.70925,0.27369,0.73898
0.64148,NaN,0.27155,0.59177
0.41649,0.62083,NaN,0.60576
NaN,0.48982,0.23188,0.88607
0.38479,0.61998,0.12528,0.56367
0.77697,NaN,0.37236,NaN
0.53558,0.76229,0.21335,0.72593
0.37455,0.52698,0.26104,0.90629
NaN,NaN,0.29669,0.86526
0.83665,0.42478,0.3415,NaN
NaN,0.7633,NaN,0.15344
0.57101,0.77034,0.26399,0.76167
NaN,0.61022,NaN,NaN
0.80007,NaN,NaN,0.77966
0.38967,0.64104,0.15318,0.45315
0.57615,0.494,NaN,0.71582
0.75729,0.93116,0.046619,0.31417
0.45586,0.26248,0.47933,0.83398
0.71531,0.36345,0.38391,0.74768
NaN,0.61943,0.2562,NaN
0.41849,0.27061,0.43514,NaN
0.76681,0.62811,0.25912,NaN
0.32505,0.48641,0.37247,0.77743
0.29765,0.66705,0.20803,0.41059
0.14509,0.79613,0.22195,0.095002
0.25009,0.66295,0.22431,NaN
NaN,NaN,0.23549,0.55967
NaN,NaN,0.18219,0.71076
0.7814,0.81417,NaN,NaN
0.76136,0.89663,0.043518,0.32463
0.41409,0.89958,0.10051,NaN
0.47361,0.35261,0.31345,0.84562
0.82141,0.93101,0.051711,0.39047
0.22363,0.033448,0.79031,0.47607
0.83725,0.63484,0.13702,0.80423
NaN,0.15989,0.6448,NaN
0.41409,0.89958,0.10051,0.24409
0.53158,0.34866,0.42466,NaN
0.57578,0.7345,0.30854,0.74768
0.3121,0.94394,NaN,0.41693
0.62662,NaN,0.43212,0.88866
0.40708,0.63957,0.16772,0.59589
0.53966,0.62571,0.41392,0.84233
0.85373,0.77677,0.1417,0.74545
0.74867,0.3427,0.39927,0.75568
0.78341,0.52404,0.31445,0.96426
0.53158,0.34866,0.42466,NaN
NaN,0.19249,0.67747,0.86561
0.57488,NaN,0.42773,NaN
NaN,0.93806,0.051341,0.38213
NaN,0.74975,0.14366,0.74439
0.80027,0.42338,0.32596,0.87114
NaN,0.69144,NaN,NaN
0.78982,0.74231,0.12203,0.71523
0.75754,0.34889,0.38033,0.7913
0.60221,0.69957,0.31393,0.7973
0.67488,0.41703,0.36354,0.76943
NaN,0.65513,0.036539,NaN
0.36043,NaN,0.23571,0.67807
NaN,0.51336,NaN,0.65444
0.4905,NaN,NaN,0.89019
NaN,0.35958,0.37853,NaN
0.37648,0.61835,0.19659,0.56332
0.34339,0.50391,0.28521,0.90242
NaN,0.85699,0.06725,0.24785
0.3154,0.12427,0.62033,0.61976
0.17949,0.044442,NaN,0.64103
0.71351,0.85854,0.070649,0.66773
0.21371,0.62478,NaN,0.71781
0.83566,0.82098,0.1218,0.64433
NaN,0.30755,0.43341,0.91794
NaN,0.63856,0.14284,0.46455
0.91752,0.80705,NaN,NaN
NaN,0.76345,0.20039,0.85632
0.345,NaN,NaN,NaN
0.49577,0.80078,0.27967,0.44774
0.40967,0.91552,0.30104,0.51334
NaN,NaN,0.25686,0
NaN,0.48331,0.34483,0.78131
0.5768,0.6079,0.41975,NaN
0.70169,0.74061,0.20762,NaN
0.78793,0.89059,0.058427,0.40611
0.64481,0.55184,0.40979,0.85127
0.69231,0.61347,0.30747,0.81388
0.8778,0.8398,0.10316,0.6401
NaN,NaN,0.5141,0.77178
0.50734,0.8631,NaN,NaN
0.48779,0.82176,0.092718,0.54744
0.76339,0.56175,0.31374,0.97319
0.92143,0.71297,0.13037,0.78413
NaN,0.88184,0.048907,0.3719
0.49918,NaN,0.26735,0.7164
NaN,0.2477,0.56773,0.86526
0.43986,0.51684,0.2173,0.806
1,0.71065,0.11819,0.82693
0.37101,0.64661,0.15086,0.42728
0.43362,0.27634,0.46575,0.84997
0.47233,0.54882,0.15757,0.72558
0.70051,0.72706,0.25915,0.64186
0.75883,0.87836,0.065996,0.46467
0.5918,0.65792,0.014875,0.40529
NaN,NaN,0.22047,0.49748
0.37668,0.17723,NaN,NaN
NaN,0.26945,0.43315,0.69148
0.8291,0.60883,NaN,0.86538
0.61971,NaN,0.016017,0.43645
0.43536,0.51854,0.21711,0.81881
NaN,NaN,NaN,0.85667
0.84759,0.59303,0.21608,0.88983
0.42971,0.50368,0.28292,0.81482
0.3212,0.66001,0.21335,0.66091
0.39069,0.27797,0.42835,0.79271
0.80143,0.90461,0.047985,NaN
0.68031,0.68587,NaN,0.5137
0.73182,0.8724,0.044478,0.41329
0.3633,0.16485,NaN,0.7679
NaN,NaN,NaN,0.53027
0.45109,NaN,0.064592,0.095002
0.80678,NaN,0.14521,0.699
NaN,0.56748,0.30149,0.81493
0.63582,0.27464,0.57881,0.69559
0.91364,NaN,NaN,0.43045
0.59301,0.82911,0.13912,0.69512
NaN,NaN,0.20039,0.67043
0.66372,0.25791,0.57888,0.7699
0.33887,NaN,0.3711,0.23692
0.7924,0.77174,0.16119,0.72652
NaN,NaN,0.053004,0.6321
0.45109,NaN,0.064592,0.095002
0.43824,NaN,NaN,0.3351
NaN,NaN,0.28651,0.79224
0.81237,NaN,0.25882,0.86467
0.75561,0.54015,0.31836,0.94933
