0.575757575757576,NaN,NaN,NaN,0.199460006749916,0.202774108322325,NaN,NaN
NaN,NaN,0.134529147982063,NaN,NaN,NaN,NaN,NaN
0.568181818181818,NaN,0.103139013452915,0.294306049822064,NaN,NaN,0.26,NaN
0.78030303030303,0.796296296296296,NaN,NaN,0.354708066149173,0.357331571994716,NaN,NaN
0.674242424242424,NaN,0.134529147982063,0.367259786476868,0.309483631454607,0.305812417437252,0.31,0.307692307692308
0.689393939393939,NaN,NaN,0.358362989323843,NaN,0.313738441215324,NaN,0.346153846153846
NaN,0.333333333333333,NaN,NaN,NaN,NaN,NaN,NaN
NaN,0.694444444444444,NaN,0.409430604982206,0.321633479581505,NaN,NaN,NaN
NaN,NaN,NaN,NaN,NaN,0.243725231175694,NaN,NaN
0.674242424242424,0.675925925925926,NaN,0.408718861209964,NaN,0.344121532364597,0.33,NaN
NaN,NaN,NaN,NaN,NaN,0.212021136063408,0.27,0.384615384615385
0.696969696969697,NaN,0.130044843049327,NaN,NaN,NaN,NaN,NaN
NaN,0.666666666666667,NaN,0.356405693950178,0.283158960512994,NaN,0.315,NaN
NaN,0.657407407407407,NaN,NaN,0.321295983800202,NaN,NaN,NaN
NaN,NaN,0.116591928251121,0.277580071174377,0.226797165035437,NaN,NaN,0.269230769230769
NaN,NaN,NaN,0.366548042704626,NaN,0.313077939233818,NaN,NaN
NaN,NaN,NaN,NaN,NaN,0.388375165125495,0.605,NaN
NaN,NaN,NaN,0.802135231316726,NaN,NaN,NaN,NaN
NaN,0.722222222222222,NaN,NaN,NaN,NaN,NaN,0.230769230769231
NaN,0.5,NaN,NaN,0.151198110023625,NaN,0.19,NaN
NaN,NaN,NaN,NaN,NaN,0.24108322324967,NaN,0.269230769230769
0.71969696969697,NaN,NaN,NaN,NaN,NaN,NaN,0.346153846153846
NaN,NaN,0.103139013452915,NaN,NaN,0.334874504623514,0.232,NaN
NaN,0.722222222222222,NaN,0.389679715302491,NaN,0.350066050198151,0.324,NaN
0.727272727272727,0.759259259259259,NaN,NaN,0.400607492406345,0.351387054161163,NaN,NaN
NaN,0.5,0.125560538116592,NaN,NaN,0.184940554821664,0.2,NaN
NaN,NaN,NaN,NaN,NaN,0.519154557463672,NaN,0.307692307692308
NaN,0.722222222222222,0.201793721973094,0.578825622775801,NaN,NaN,0.685,NaN
NaN,NaN,NaN,NaN,0.294296321295984,NaN,0.275,0.461538461538462
NaN,0.638888888888889,NaN,NaN,NaN,NaN,NaN,0.346153846153846
NaN,NaN,0.121076233183857,NaN,NaN,NaN,NaN,0.384615384615385
0.507575757575758,NaN,0.112107623318386,0.189857651245552,NaN,NaN,NaN,0.307692307692308
NaN,NaN,NaN,NaN,NaN,0.318361955085865,NaN,NaN
NaN,0.518518518518518,0.0986547085201794,0.228113879003559,NaN,NaN,NaN,NaN
NaN,NaN,NaN,NaN,0.0793115086061424,NaN,NaN,0.230769230769231
0.848484848484849,0.842592592592592,NaN,0.68932384341637,NaN,NaN,NaN,NaN
0.681818181818182,NaN,0.0896860986547085,NaN,NaN,0.380449141347424,NaN,0.461538461538462
NaN,0.638888888888889,NaN,NaN,NaN,NaN,0.215,0.230769230769231
NaN,NaN,NaN,NaN,NaN,NaN,NaN,0.115384615384615
0.757575757575758,NaN,NaN,NaN,NaN,NaN,NaN,NaN
0.492424242424242,NaN,NaN,NaN,NaN,0.163804491413474,NaN,0.192307692307692
NaN,0.75,0.134529147982063,0.481672597864769,0.42220722240972,0.447159841479524,NaN,0.269230769230769
NaN,NaN,NaN,0.333629893238434,NaN,0.282034346103038,0.2045,NaN
NaN,0.814814814814815,NaN,NaN,NaN,NaN,NaN,0.307692307692308
NaN,NaN,NaN,NaN,NaN,NaN,NaN,0.307692307692308
0.727272727272727,NaN,0.134529147982063,NaN,0.337495781302734,0.387054161162483,NaN,0.307692307692308
0.636363636363636,0.62962962962963,NaN,0.309786476868327,NaN,NaN,NaN,0.230769230769231
NaN,NaN,NaN,NaN,0.345595680053999,NaN,NaN,NaN
NaN,0.703703703703704,0.125560538116592,0.391281138790036,NaN,NaN,NaN,NaN
NaN,NaN,NaN,0.386120996441281,NaN,NaN,NaN,NaN
0.522727272727273,0.509259259259259,0.0941704035874439,0.219928825622776,NaN,0.16116248348745,0.23,NaN
0.371212121212121,NaN,0.0807174887892377,0.0966192170818505,NaN,0.0449141347424042,NaN,NaN
NaN,NaN,NaN,NaN,0.165035437057037,0.151254953764861,NaN,NaN
NaN,0.814814814814815,NaN,NaN,NaN,0.466974900924703,NaN,NaN
NaN,0.509259259259259,NaN,NaN,NaN,0.196829590488771,NaN,NaN
NaN,NaN,NaN,NaN,NaN,NaN,NaN,0.269230769230769
NaN,0.62962962962963,NaN,NaN,NaN,NaN,NaN,NaN
NaN,NaN,NaN,NaN,0.208909888626392,NaN,NaN,0.384615384615385
NaN,NaN,NaN,NaN,0.126560917988525,0.190885072655218,0.205,NaN
0.454545454545455,NaN,0.0986547085201794,NaN,NaN,NaN,NaN,NaN
NaN,0.842592592592592,NaN,NaN,NaN,NaN,NaN,0.461538461538462
0.666666666666667,NaN,NaN,NaN,NaN,NaN,NaN,NaN
NaN,0.740740740740741,NaN,NaN,0.407019912251097,0.358652575957728,NaN,NaN
0.643939393939394,0.62962962962963,NaN,0.354982206405694,0.252109348633142,NaN,NaN,0.423076923076923
0.75,0.740740740740741,NaN,0.47491103202847,NaN,NaN,NaN,NaN
NaN,NaN,NaN,0.37135231316726,0.293283833952076,NaN,NaN,0.307692307692308
0.371212121212121,NaN,NaN,NaN,0.0857239284508944,NaN,0.095,NaN
0.598484848484849,NaN,NaN,NaN,NaN,NaN,0.185,NaN
NaN,0.537037037037037,NaN,0.243416370106762,NaN,NaN,NaN,NaN
0.666666666666667,0.638888888888889,NaN,NaN,NaN,0.261558784676354,NaN,0.269230769230769
0.825757575757576,NaN,NaN,NaN,NaN,NaN,NaN,NaN
NaN,NaN,NaN,0.494839857651246,NaN,0.44782034346103,NaN,0.269230769230769
NaN,NaN,NaN,0.415658362989324,0.370907863651704,NaN,NaN,NaN
NaN,0.166666666666667,0.0582959641255605,NaN,NaN,NaN,NaN,NaN
0.628787878787879,NaN,NaN,0.337722419928826,NaN,NaN,0.204,NaN
NaN,0.703703703703704,0.165919282511211,NaN,NaN,0.372523117569353,0.376,0.307692307692308
NaN,0.657407407407407,NaN,0.343238434163701,NaN,NaN,NaN,NaN
NaN,NaN,NaN,0.388434163701068,0.326020924738441,NaN,0.338,NaN
NaN,NaN,NaN,0.50711743772242,NaN,NaN,NaN,NaN
NaN,0.611111111111111,NaN,NaN,0.231859601754978,0.209379128137384,0.254,NaN
NaN,0.675925925925926,NaN,NaN,0.340533243334458,0.349405548216645,NaN,0.576923076923077
0.583333333333333,NaN,NaN,NaN,0.286871414107324,NaN,NaN,NaN
0.363636363636364,NaN,0.0582959641255605,0.0891459074733096,NaN,0.083223249669749,NaN,NaN
0.659090909090909,0.657407407407407,0.139013452914798,NaN,NaN,NaN,0.265,0.269230769230769
NaN,NaN,NaN,NaN,0.072224097198785,NaN,0.125,NaN
NaN,NaN,NaN,NaN,NaN,0.256274768824306,0.345,0.346153846153846
NaN,NaN,NaN,NaN,NaN,0.200792602377807,NaN,NaN
NaN,NaN,NaN,0.525978647686833,NaN,NaN,NaN,0.461538461538462
0.659090909090909,NaN,NaN,0.338256227758007,NaN,NaN,NaN,NaN
NaN,NaN,NaN,NaN,0.221397232534593,NaN,0.2645,0.230769230769231
NaN,0.472222222222222,NaN,0.164768683274021,NaN,NaN,NaN,NaN
NaN,0.611111111111111,NaN,NaN,NaN,NaN,NaN,NaN
0.71969696969697,NaN,0.139013452914798,NaN,NaN,0.347424042272127,NaN,0.230769230769231
NaN,0.166666666666667,0.0448430493273543,0.0286476868327402,NaN,NaN,NaN,NaN
NaN,0.611111111111111,0.121076233183857,NaN,0.289233884576443,NaN,NaN,0.230769230769231
NaN,NaN,NaN,NaN,NaN,NaN,0.165,0.346153846153846
NaN,NaN,NaN,NaN,NaN,NaN,NaN,NaN
0.484848484848485,0.481481481481481,NaN,NaN,NaN,NaN,NaN,NaN
NaN,0.685185185185185,NaN,NaN,NaN,NaN,0.284,NaN
0.712121212121212,NaN,NaN,NaN,0.388120148498144,NaN,NaN,NaN
NaN,NaN,NaN,NaN,0.187985150185623,NaN,NaN,0.307692307692308
0.712121212121212,0.731481481481481,NaN,0.40373665480427,NaN,NaN,NaN,NaN
NaN,NaN,NaN,NaN,NaN,0.42338177014531,0.515,0.615384615384615
NaN,NaN,NaN,0.29270462633452,0.263246709416132,NaN,NaN,NaN
NaN,NaN,0.139013452914798,0.413523131672598,0.377320283496456,0.3110964332893,NaN,0.461538461538462
NaN,NaN,NaN,NaN,NaN,NaN,NaN,0.230769230769231
NaN,NaN,NaN,NaN,NaN,NaN,NaN,NaN
NaN,0.425925925925926,NaN,0.15373665480427,NaN,NaN,0.125,NaN
NaN,NaN,0.103139013452915,NaN,NaN,0.267503302509908,NaN,NaN
NaN,NaN,NaN,NaN,NaN,NaN,NaN,NaN
0.310606060606061,NaN,0.0807174887892377,0.0802491103202847,NaN,NaN,NaN,0.192307692307692
0.681818181818182,NaN,NaN,NaN,NaN,NaN,NaN,NaN
0.477272727272727,NaN,0.0807174887892377,NaN,0.105636179547756,0.132760898282695,NaN,0.230769230769231
NaN,NaN,NaN,NaN,NaN,NaN,NaN,NaN
NaN,NaN,NaN,NaN,NaN,NaN,0.43,0.269230769230769
0.651515151515151,NaN,NaN,NaN,NaN,NaN,NaN,0.269230769230769
0.462121212121212,NaN,NaN,NaN,NaN,0.134081902245707,NaN,NaN
0.636363636363636,0.657407407407407,0.121076233183857,NaN,NaN,NaN,NaN,NaN
NaN,0.787037037037037,NaN,0.534519572953737,0.475531555855552,0.40885072655218,0.41,NaN
0.295454545454545,0.268518518518519,0.0448430493273543,NaN,NaN,NaN,0.055,NaN
NaN,NaN,0.0941704035874439,NaN,NaN,NaN,NaN,NaN
NaN,NaN,0.15695067264574,NaN,0.337495781302734,NaN,NaN,0.269230769230769
NaN,NaN,0.112107623318386,NaN,0.162672966587918,NaN,NaN,NaN
0.681818181818182,NaN,NaN,0.356939501779359,NaN,NaN,NaN,NaN
NaN,NaN,NaN,0.508718861209964,NaN,NaN,0.43,NaN
NaN,NaN,NaN,NaN,NaN,NaN,0.395,NaN
0.757575757575758,0.740740740740741,NaN,0.365658362989324,NaN,NaN,0.3,NaN
0.651515151515151,NaN,NaN,NaN,0.275396557543031,0.275429326287979,NaN,0.307692307692308
NaN,NaN,NaN,NaN,NaN,NaN,NaN,NaN
NaN,NaN,0.0672645739910314,NaN,NaN,0.071994715984148,NaN,NaN
0.522727272727273,0.490740740740741,NaN,NaN,NaN,NaN,NaN,0.269230769230769
NaN,NaN,0.112107623318386,NaN,0.276409044886939,NaN,NaN,NaN
NaN,NaN,NaN,NaN,NaN,NaN,NaN,NaN
0.325757575757576,NaN,NaN,NaN,NaN,NaN,NaN,NaN
NaN,0.453703703703704,NaN,NaN,NaN,0.102377807133421,NaN,NaN
0.606060606060606,NaN,NaN,0.301423487544484,NaN,0.200792602377807,NaN,NaN
0.681818181818182,0.675925925925926,NaN,NaN,0.254471819102261,0.247688243064729,NaN,NaN
NaN,0.666666666666667,NaN,NaN,NaN,NaN,NaN,NaN
NaN,0.564814814814815,NaN,NaN,NaN,NaN,NaN,0.230769230769231
NaN,NaN,0.0986547085201794,NaN,NaN,NaN,NaN,NaN
NaN,NaN,0.0448430493273543,NaN,NaN,NaN,0.02,NaN
0.787878787878788,0.740740740740741,NaN,NaN,0.40364495443807,NaN,NaN,NaN
NaN,NaN,NaN,NaN,0.582855214309821,0.675693527080581,NaN,NaN
NaN,NaN,NaN,NaN,0.213297333783328,0.252311756935271,NaN,0.615384615384615
NaN,NaN,0.10762331838565,NaN,0.263584205197435,NaN,NaN,NaN
NaN,NaN,NaN,0.477402135231317,0.382045224434695,NaN,NaN,NaN
NaN,NaN,0.103139013452915,NaN,NaN,0.256935270805812,0.17,NaN
0.901515151515152,NaN,NaN,NaN,NaN,0.682298546895641,NaN,NaN
NaN,NaN,NaN,NaN,NaN,NaN,NaN,NaN
NaN,NaN,NaN,0.13576512455516,NaN,NaN,0.0985,0.153846153846154
NaN,0.259259259259259,NaN,NaN,NaN,NaN,0.0555,NaN
NaN,NaN,NaN,NaN,NaN,0.279392338177015,NaN,0.461538461538462
NaN,0.611111111111111,NaN,0.288256227758007,0.15929800877489,0.262879788639366,NaN,NaN
NaN,0.861111111111111,NaN,0.786654804270463,0.600067499156261,0.531043593130779,NaN,0.384615384615385
NaN,NaN,NaN,NaN,NaN,0.252972258916777,NaN,0.5
NaN,0.703703703703704,0.143497757847534,NaN,NaN,NaN,NaN,0.307692307692308
NaN,NaN,NaN,NaN,NaN,0.169749009247028,0.18,0.192307692307692
NaN,NaN,NaN,NaN,NaN,NaN,NaN,NaN
NaN,0.62037037037037,NaN,0.333451957295374,0.286871414107324,0.252972258916777,0.282,NaN
NaN,NaN,NaN,NaN,NaN,0.336195508586526,NaN,NaN
NaN,NaN,NaN,NaN,NaN,NaN,NaN,NaN
NaN,NaN,NaN,0.465836298932384,NaN,0.303830911492735,0.3225,NaN
0.651515151515151,NaN,0.134529147982063,NaN,NaN,NaN,NaN,NaN
0.75,NaN,NaN,NaN,NaN,NaN,NaN,NaN
NaN,0.611111111111111,0.121076233183857,0.29270462633452,0.276071549105636,0.1889035667107,NaN,NaN
0.5,NaN,0.121076233183857,NaN,NaN,0.25891677675033,NaN,NaN
0.628787878787879,NaN,NaN,0.277402135231317,NaN,NaN,NaN,NaN
NaN,NaN,0.125560538116592,NaN,NaN,NaN,NaN,NaN
NaN,NaN,0.125560538116592,NaN,NaN,NaN,0.365,0.653846153846154
NaN,NaN,NaN,NaN,NaN,NaN,NaN,NaN
NaN,NaN,NaN,NaN,NaN,NaN,NaN,NaN
NaN,NaN,0.121076233183857,NaN,NaN,NaN,NaN,NaN
NaN,NaN,NaN,NaN,NaN,0.297225891677675,NaN,NaN
NaN,NaN,0.139013452914798,NaN,NaN,NaN,NaN,0.153846153846154
NaN,NaN,NaN,NaN,NaN,NaN,NaN,0.192307692307692
NaN,0.851851851851852,NaN,NaN,0.615929800877489,NaN,NaN,NaN
NaN,0.601851851851852,0.147982062780269,NaN,0.238609517381033,0.26552179656539,0.245,NaN
NaN,NaN,0.112107623318386,NaN,NaN,0.332892998678996,NaN,0.269230769230769
NaN,NaN,NaN,NaN,NaN,NaN,NaN,NaN
NaN,0.824074074074074,NaN,NaN,NaN,NaN,0.523,NaN
NaN,NaN,NaN,NaN,0.339183260209247,NaN,NaN,0.269230769230769
0.696969696969697,NaN,NaN,NaN,0.316908538643267,NaN,NaN,NaN
NaN,NaN,0.143497757847534,NaN,0.413094836314546,NaN,NaN,NaN
NaN,NaN,NaN,NaN,NaN,NaN,NaN,0.423076923076923
NaN,NaN,NaN,NaN,NaN,NaN,NaN,0.115384615384615
NaN,NaN,0.0672645739910314,NaN,NaN,NaN,NaN,NaN
NaN,NaN,NaN,NaN,NaN,NaN,0.38,0.423076923076923
0.818181818181818,NaN,NaN,0.608718861209964,NaN,NaN,NaN,NaN
0.765151515151515,0.777777777777778,0.152466367713004,0.473487544483986,0.36415794802565,NaN,NaN,NaN
NaN,NaN,NaN,NaN,NaN,0.383091149273448,NaN,NaN
NaN,NaN,0.143497757847534,NaN,NaN,NaN,0.485,NaN
NaN,NaN,NaN,NaN,NaN,NaN,NaN,0.307692307692308
NaN,NaN,NaN,NaN,NaN,0.0587846763540291,NaN,0.307692307692308
NaN,0.675925925925926,0.134529147982063,0.377758007117438,0.302396220047249,0.318361955085865,0.3045,NaN
0.340909090909091,NaN,0.0941704035874439,0.0951957295373665,0.0749240634492069,0.0825627476882431,NaN,NaN
NaN,NaN,0.0986547085201794,NaN,NaN,NaN,0.225,0.307692307692308
NaN,NaN,0.0762331838565023,NaN,NaN,NaN,NaN,NaN
NaN,NaN,NaN,NaN,NaN,NaN,NaN,NaN
NaN,0.490740740740741,NaN,NaN,NaN,0.170409511228534,NaN,NaN
NaN,0.685185185185185,NaN,NaN,0.304083698953763,NaN,NaN,NaN
NaN,0.481481481481481,NaN,NaN,NaN,0.130118890356671,NaN,0.153846153846154
NaN,0.62962962962963,0.147982062780269,NaN,0.26662166722916,0.282694848084544,NaN,NaN
NaN,NaN,NaN,0.483274021352313,NaN,0.383091149273448,NaN,0.307692307692308
NaN,NaN,NaN,NaN,NaN,NaN,NaN,0.538461538461539
NaN,0.62962962962963,0.130044843049327,NaN,NaN,0.301188903566711,NaN,NaN
NaN,NaN,NaN,NaN,NaN,0.36327608982827,NaN,NaN
NaN,NaN,0.0941704035874439,NaN,NaN,NaN,NaN,0.153846153846154
NaN,NaN,NaN,NaN,0.357070536618292,NaN,NaN,NaN
NaN,0.703703703703704,0.134529147982063,0.394661921708185,0.327708403644954,NaN,NaN,NaN
0.545454545454546,NaN,NaN,NaN,NaN,0.257595772787318,NaN,NaN
NaN,0.731481481481481,0.134529147982063,NaN,0.305771177860277,0.281373844121532,NaN,NaN
NaN,0.657407407407407,0.147982062780269,0.425978647686833,NaN,0.266842800528402,NaN,NaN
NaN,NaN,0.0896860986547085,NaN,NaN,NaN,NaN,0.230769230769231
NaN,NaN,NaN,0.360498220640569,0.294971312858589,0.369220607661823,NaN,NaN
NaN,NaN,0.103139013452915,NaN,0.245359433007087,0.207397622192867,NaN,NaN
NaN,NaN,0.121076233183857,0.279181494661922,NaN,NaN,NaN,NaN
NaN,NaN,0.103139013452915,0.379537366548043,NaN,NaN,NaN,NaN
NaN,NaN,NaN,NaN,NaN,NaN,0.043,NaN
0.348484848484849,0.37962962962963,NaN,NaN,NaN,NaN,NaN,NaN
NaN,NaN,0.130044843049327,NaN,NaN,NaN,NaN,0.269230769230769
NaN,0.75,0.147982062780269,NaN,NaN,NaN,NaN,NaN
NaN,0.388888888888889,0.0941704035874439,NaN,NaN,NaN,NaN,NaN
NaN,NaN,0.147982062780269,0.66085409252669,0.610867364157948,0.560105680317041,0.441,NaN
0.325757575757576,NaN,0.0538116591928251,0.0706405693950178,0.0563617954775565,NaN,NaN,NaN
NaN,NaN,NaN,0.504982206405694,NaN,NaN,NaN,NaN
NaN,0.472222222222222,NaN,NaN,0.107661154235572,0.0568031704095112,NaN,NaN
0.71969696969697,NaN,0.147982062780269,0.437010676156584,NaN,NaN,0.365,0.307692307692308
0.204545454545455,0.212962962962963,NaN,NaN,NaN,0.0270805812417437,NaN,NaN
NaN,NaN,NaN,NaN,NaN,0.345442536327609,NaN,NaN
NaN,NaN,0.143497757847534,NaN,NaN,NaN,NaN,NaN
NaN,NaN,NaN,NaN,0.489706378670267,0.47225891677675,NaN,NaN
NaN,0.425925925925926,0.0941704035874439,0.132562277580071,0.0961862976712791,0.110964332892999,NaN,0.269230769230769
NaN,NaN,NaN,0.50711743772242,NaN,NaN,NaN,NaN
NaN,NaN,0.130044843049327,0.442348754448399,NaN,0.406869220607662,0.303,NaN
NaN,NaN,NaN,NaN,0.214647316908539,NaN,0.28,NaN
NaN,NaN,NaN,NaN,0.350320620992238,NaN,NaN,0.423076923076923
NaN,NaN,NaN,NaN,NaN,NaN,NaN,NaN
NaN,NaN,NaN,0.387722419928826,0.327708403644954,NaN,NaN,NaN
0.803030303030303,NaN,NaN,NaN,NaN,0.482826948480845,NaN,NaN
NaN,NaN,0.139013452914798,NaN,NaN,NaN,NaN,NaN
0.734848484848485,NaN,0.147982062780269,NaN,NaN,NaN,NaN,NaN
0.75,NaN,NaN,NaN,NaN,NaN,0.2955,0.230769230769231
NaN,0.898148148148148,NaN,NaN,0.726628417144786,NaN,NaN,NaN
NaN,0.712962962962963,NaN,NaN,NaN,0.407529722589168,0.366,NaN
NaN,0.62037037037037,NaN,NaN,0.33580830239622,0.269484808454425,0.244,0.192307692307692
NaN,0.583333333333333,NaN,NaN,NaN,NaN,NaN,NaN
NaN,NaN,NaN,NaN,NaN,NaN,0.245,NaN
0.825757575757576,NaN,0.15695067264574,NaN,NaN,0.548216644649934,NaN,0.346153846153846
NaN,NaN,NaN,NaN,NaN,NaN,NaN,NaN
0.742424242424243,NaN,NaN,NaN,NaN,NaN,NaN,NaN
NaN,NaN,0.121076233183857,NaN,NaN,NaN,0.2935,NaN
NaN,NaN,NaN,0.380604982206406,NaN,NaN,NaN,NaN
NaN,0.592592592592593,NaN,0.293416370106762,0.248734390820115,0.284015852047556,NaN,NaN
NaN,NaN,NaN,NaN,NaN,0.443857331571995,NaN,NaN
NaN,NaN,NaN,NaN,0.417482281471482,0.535006605019815,NaN,NaN
NaN,0.731481481481481,NaN,NaN,NaN,NaN,0.33,NaN
0.386363636363636,NaN,NaN,NaN,NaN,0.0819022457067371,0.105,NaN
NaN,NaN,0.112107623318386,NaN,0.255146810664867,0.32892998678996,NaN,NaN
NaN,0.675925925925926,0.143497757847534,NaN,NaN,NaN,NaN,NaN
0.393939393939394,NaN,0.0941704035874439,0.137366548042705,0.129935875801552,0.110964332892999,0.092,NaN
NaN,NaN,0.147982062780269,NaN,NaN,NaN,NaN,0.346153846153846
NaN,NaN,NaN,NaN,NaN,0.117569352708058,NaN,NaN
NaN,NaN,0.121076233183857,NaN,NaN,0.410171730515192,NaN,NaN
NaN,NaN,NaN,NaN,NaN,NaN,0.2795,NaN
NaN,0.740740740740741,NaN,NaN,NaN,NaN,0.305,NaN
NaN,NaN,0.143497757847534,NaN,NaN,NaN,NaN,NaN
0.659090909090909,0.601851851851852,0.134529147982063,NaN,NaN,0.312417437252312,NaN,0.230769230769231
NaN,NaN,NaN,NaN,NaN,NaN,NaN,NaN
0.712121212121212,0.666666666666667,0.139013452914798,NaN,NaN,0.334874504623514,NaN,0.307692307692308
0.583333333333333,NaN,0.125560538116592,NaN,0.232872089098886,NaN,NaN,NaN
NaN,NaN,NaN,0.741814946619217,0.573742828214647,0.633421400264201,NaN,0.346153846153846
NaN,NaN,NaN,NaN,NaN,NaN,NaN,NaN
NaN,NaN,NaN,NaN,NaN,NaN,0.2855,NaN
NaN,0.509259259259259,0.10762331838565,NaN,NaN,NaN,0.165,NaN
NaN,0.611111111111111,NaN,NaN,NaN,NaN,NaN,NaN
NaN,NaN,0.121076233183857,0.290213523131673,NaN,0.225231175693527,NaN,NaN
0.636363636363636,NaN,0.103139013452915,NaN,NaN,0.289299867899604,NaN,NaN
NaN,0.555555555555555,NaN,0.450889679715302,NaN,NaN,NaN,NaN
0.568181818181818,0.546296296296296,0.103139013452915,0.220640569395018,NaN,0.202774108322325,NaN,NaN
NaN,0.675925925925926,NaN,NaN,NaN,NaN,0.2845,0.269230769230769
NaN,NaN,NaN,NaN,NaN,NaN,NaN,NaN
NaN,NaN,NaN,NaN,0.102261221734728,NaN,NaN,NaN
0.825757575757576,NaN,NaN,NaN,0.454944313196085,NaN,NaN,NaN
NaN,NaN,0.161434977578475,0.527758007117438,NaN,NaN,0.42,NaN
0.810606060606061,0.75,NaN,NaN,0.658116773540331,NaN,NaN,NaN
0.621212121212121,NaN,0.174887892376682,NaN,NaN,NaN,NaN,NaN
0.416666666666667,0.37037037037037,0.103139013452915,NaN,0.18022274721566,0.211360634081902,NaN,0.230769230769231
0.484848484848485,NaN,0.0941704035874439,0.194483985765125,0.190685116436045,NaN,NaN,NaN
NaN,NaN,0.134529147982063,NaN,0.296996287546406,NaN,0.335,NaN
NaN,NaN,NaN,0.345017793594306,0.309146135673304,0.261558784676354,NaN,0.192307692307692
NaN,0.361111111111111,NaN,NaN,NaN,NaN,NaN,0.230769230769231
NaN,0.546296296296296,NaN,NaN,NaN,0.208058124174373,NaN,NaN
NaN,0.712962962962963,NaN,NaN,NaN,0.403566710700132,NaN,0.269230769230769
0.666666666666667,0.657407407407407,NaN,NaN,NaN,NaN,NaN,0.346153846153846
NaN,0.444444444444444,0.0986547085201794,0.178291814946619,NaN,NaN,0.18,NaN
0.666666666666667,NaN,NaN,NaN,NaN,NaN,NaN,NaN
0.795454545454546,NaN,NaN,NaN,0.503543705703679,NaN,NaN,NaN
NaN,NaN,NaN,0.369217081850534,0.292946338170773,NaN,NaN,0.384615384615385
NaN,NaN,0.134529147982063,NaN,0.261221734728316,NaN,0.325,NaN
0.696969696969697,NaN,NaN,0.379003558718861,NaN,NaN,NaN,NaN
NaN,NaN,NaN,0.6,NaN,NaN,0.3805,NaN
NaN,NaN,NaN,0.172419928825623,NaN,NaN,NaN,NaN
NaN,NaN,NaN,0.157473309608541,NaN,0.142668428005284,NaN,NaN
NaN,NaN,NaN,0.39626334519573,NaN,NaN,NaN,NaN
NaN,NaN,NaN,NaN,0.422882213972325,0.539630118890357,NaN,NaN
NaN,0.731481481481481,NaN,NaN,0.393182585217685,0.459709379128137,0.34,0.269230769230769
NaN,0.805555555555556,NaN,NaN,0.458994262571718,NaN,NaN,NaN
NaN,NaN,NaN,0.407651245551601,0.252109348633142,0.320343461030383,0.275,0.346153846153846
NaN,0.712962962962963,NaN,NaN,0.276409044886939,0.291941875825627,NaN,0.384615384615385
NaN,NaN,0.10762331838565,0.204270462633452,NaN,0.154557463672391,NaN,NaN
0.75,NaN,NaN,NaN,NaN,NaN,NaN,NaN
NaN,NaN,NaN,NaN,0.451231859601755,NaN,NaN,NaN
0.46969696969697,NaN,NaN,NaN,0.122510968612892,NaN,0.185,0.269230769230769
NaN,0.611111111111111,NaN,NaN,NaN,0.215323645970938,NaN,NaN
NaN,NaN,NaN,NaN,NaN,0.35336856010568,NaN,0.346153846153846
NaN,NaN,NaN,NaN,NaN,NaN,NaN,NaN
NaN,0.574074074074074,0.139013452914798,NaN,0.222409719878502,NaN,NaN,NaN
NaN,NaN,NaN,0.756405693950178,NaN,NaN,NaN,NaN
NaN,NaN,NaN,0.388790035587189,NaN,0.303170409511229,0.3295,NaN
NaN,NaN,NaN,NaN,NaN,NaN,NaN,NaN
NaN,NaN,NaN,NaN,0.62099223759703,NaN,0.695,NaN
0.628787878787879,NaN,0.139013452914798,0.305160142348754,NaN,NaN,0.2655,NaN
NaN,NaN,0.130044843049327,0.387188612099644,NaN,NaN,0.32,NaN
NaN,NaN,NaN,NaN,NaN,NaN,NaN,NaN
NaN,0.722222222222222,0.143497757847534,NaN,0.317583530205872,NaN,NaN,NaN
NaN,0.731481481481481,NaN,NaN,NaN,NaN,NaN,0.346153846153846
NaN,NaN,NaN,0.398576512455516,NaN,NaN,NaN,NaN
NaN,NaN,NaN,NaN,0.430644616942288,NaN,NaN,NaN
NaN,0.814814814814815,NaN,NaN,0.374957813027337,0.485468956406869,NaN,0.461538461538462
NaN,NaN,NaN,0.453202846975089,NaN,NaN,NaN,NaN
NaN,0.842592592592592,0.147982062780269,NaN,0.566992912588593,NaN,NaN,NaN
NaN,0.583333333333333,NaN,NaN,NaN,NaN,NaN,0.269230769230769
NaN,NaN,NaN,NaN,NaN,NaN,NaN,NaN
NaN,NaN,NaN,0.0670818505338078,0.0610867364157948,NaN,NaN,NaN
0.621212121212121,NaN,NaN,0.312989323843416,NaN,NaN,NaN,NaN
0.659090909090909,NaN,NaN,NaN,NaN,NaN,NaN,0.5
0.446969696969697,NaN,NaN,0.193772241992883,NaN,NaN,NaN,0.384615384615385
NaN,0.740740740740741,NaN,0.486832740213523,NaN,NaN,NaN,NaN
0.310606060606061,NaN,NaN,NaN,NaN,NaN,0.055,NaN
NaN,NaN,0.0941704035874439,NaN,NaN,0.103038309114927,0.12,NaN
NaN,NaN,NaN,0.246797153024911,NaN,NaN,NaN,0.307692307692308
NaN,NaN,NaN,NaN,NaN,NaN,0.49,0.461538461538462
NaN,NaN,0.139013452914798,NaN,NaN,NaN,0.356,0.230769230769231
NaN,NaN,0.143497757847534,NaN,NaN,0.342140026420079,NaN,NaN
NaN,NaN,NaN,NaN,NaN,NaN,NaN,NaN
NaN,NaN,NaN,0.18914590747331,NaN,NaN,NaN,0.192307692307692
NaN,NaN,0.147982062780269,0.481850533807829,0.423557205534931,0.416116248348745,NaN,0.307692307692308
NaN,NaN,NaN,0.327402135231317,0.279784002699966,NaN,NaN,0.307692307692308
NaN,NaN,NaN,NaN,0.248396895038812,NaN,NaN,0.269230769230769
NaN,0.287037037037037,NaN,0.0660142348754448,NaN,NaN,NaN,NaN
NaN,NaN,0.112107623318386,NaN,0.29260884238947,NaN,NaN,NaN
NaN,NaN,NaN,NaN,NaN,0.230515191545575,NaN,NaN
0.75,NaN,0.161434977578475,0.49288256227758,NaN,NaN,NaN,NaN
0.522727272727273,0.574074074074074,NaN,NaN,NaN,NaN,NaN,NaN
NaN,NaN,0.121076233183857,NaN,NaN,NaN,0.425,NaN
NaN,0.564814814814815,NaN,NaN,NaN,NaN,NaN,NaN
NaN,NaN,NaN,NaN,0.353695578805265,NaN,NaN,0.5
NaN,NaN,0.0852017937219731,NaN,NaN,0.128797886393659,NaN,0.192307692307692
NaN,NaN,NaN,NaN,NaN,NaN,NaN,NaN
0.409090909090909,NaN,NaN,NaN,NaN,NaN,NaN,NaN
NaN,NaN,0.143497757847534,NaN,NaN,NaN,0.4345,NaN
NaN,NaN,NaN,0.386476868327402,NaN,NaN,NaN,NaN
NaN,NaN,NaN,NaN,0.538980762740466,0.526420079260238,NaN,NaN
NaN,NaN,0.116591928251121,NaN,NaN,NaN,0.215,NaN
0.477272727272727,NaN,0.0807174887892377,NaN,NaN,NaN,NaN,NaN
NaN,0.777777777777778,0.143497757847534,NaN,NaN,NaN,NaN,NaN
0.575757575757576,0.574074074074074,0.0986547085201794,0.25711743772242,0.235234559568005,NaN,NaN,NaN
NaN,NaN,0.143497757847534,0.454804270462633,NaN,NaN,NaN,NaN
0.484848484848485,0.490740740740741,0.0986547085201794,NaN,0.182585217684779,NaN,NaN,NaN
NaN,NaN,NaN,NaN,0.356395545055687,NaN,0.34,0.384615384615385
0.613636363636364,NaN,NaN,NaN,NaN,0.222589167767503,NaN,0.384615384615385
NaN,0.62962962962963,NaN,NaN,0.27033412082349,0.26221928665786,NaN,NaN
0.757575757575758,0.805555555555556,NaN,NaN,NaN,0.435931307793923,NaN,NaN
NaN,0.583333333333333,NaN,NaN,NaN,0.312417437252312,NaN,NaN
NaN,NaN,NaN,NaN,0.331420857239284,NaN,0.389,0.384615384615385
NaN,NaN,NaN,NaN,NaN,NaN,0.5025,NaN
NaN,NaN,NaN,0.395551601423488,0.317583530205872,0.308454425363276,NaN,0.230769230769231
NaN,NaN,NaN,NaN,0.411407357408032,NaN,NaN,NaN
NaN,NaN,NaN,NaN,0.200472494093824,0.167107001321004,NaN,NaN
NaN,NaN,NaN,0.281316725978648,0.226122173472832,NaN,0.21,NaN
NaN,NaN,NaN,0.506227758007117,NaN,NaN,NaN,NaN
NaN,NaN,0.0852017937219731,NaN,NaN,0.1221928665786,NaN,0.192307692307692
NaN,NaN,0.0582959641255605,NaN,NaN,NaN,NaN,NaN
0.431818181818182,NaN,NaN,NaN,NaN,NaN,NaN,NaN
NaN,0.583333333333333,NaN,0.267259786476868,NaN,NaN,NaN,NaN
NaN,NaN,NaN,0.316903914590747,0.272021599730003,0.299867899603699,NaN,0.192307692307692
NaN,NaN,NaN,NaN,NaN,NaN,NaN,0.269230769230769
NaN,NaN,0.116591928251121,0.399110320284698,0.372595342558218,0.28665785997358,NaN,0.192307692307692
0.43939393939394,NaN,0.0852017937219731,NaN,0.132298346270672,NaN,NaN,0.115384615384615
NaN,0.481481481481481,NaN,0.223309608540925,NaN,NaN,0.13,0.192307692307692
NaN,NaN,NaN,0.39661921708185,NaN,NaN,NaN,NaN
0.734848484848485,0.75,NaN,NaN,0.34323320958488,0.227873183619551,NaN,NaN
NaN,0.740740740740741,0.134529147982063,NaN,NaN,NaN,NaN,0.192307692307692
0.636363636363636,0.62962962962963,NaN,NaN,NaN,NaN,NaN,0.5
NaN,NaN,NaN,NaN,0.128923388457644,0.16776750330251,0.1795,0.230769230769231
0.598484848484849,NaN,0.116591928251121,NaN,NaN,0.18560105680317,NaN,NaN
NaN,NaN,NaN,NaN,NaN,NaN,0.344,NaN
NaN,NaN,NaN,0.243594306049822,0.135335808302396,NaN,0.235,NaN
0.651515151515151,0.62962962962963,NaN,NaN,NaN,NaN,NaN,NaN
0.507575757575758,NaN,NaN,NaN,NaN,NaN,0.18,0.230769230769231
0.757575757575758,0.731481481481481,0.134529147982063,0.480960854092527,0.389470131623355,NaN,NaN,NaN
0.454545454545455,0.472222222222222,0.0717488789237668,NaN,0.147148160647992,NaN,NaN,NaN
NaN,NaN,NaN,NaN,NaN,0.404887714663144,NaN,NaN
0.856060606060606,0.814814814814815,NaN,0.764946619217082,0.741815727303409,NaN,NaN,NaN
0.606060606060606,0.611111111111111,0.121076233183857,NaN,NaN,NaN,0.4355,NaN
0.674242424242424,NaN,0.15695067264574,0.381494661921708,NaN,0.346763540290621,NaN,0.423076923076923
NaN,NaN,NaN,NaN,NaN,NaN,NaN,NaN
0.818181818181818,0.768518518518518,NaN,NaN,0.46540668241647,0.509907529722589,NaN,NaN
NaN,0.361111111111111,NaN,NaN,NaN,NaN,0.1,NaN
NaN,NaN,NaN,NaN,NaN,NaN,NaN,NaN
NaN,NaN,NaN,NaN,NaN,NaN,0.455,NaN
NaN,NaN,NaN,NaN,0.353695578805265,NaN,NaN,0.576923076923077
0.636363636363636,0.638888888888889,0.134529147982063,NaN,NaN,NaN,NaN,NaN
NaN,NaN,NaN,NaN,NaN,NaN,NaN,NaN
0.53030303030303,NaN,NaN,NaN,NaN,NaN,NaN,NaN
NaN,0.685185185185185,NaN,NaN,NaN,0.370541611624835,NaN,NaN
NaN,0.851851851851852,0.152466367713004,NaN,NaN,0.395640686922061,0.4,NaN
0.71969696969697,0.722222222222222,NaN,0.461921708185053,NaN,0.348745046235139,NaN,NaN
NaN,NaN,0.130044843049327,NaN,0.333445831927101,NaN,NaN,0.269230769230769
0.810606060606061,NaN,NaN,0.55373665480427,0.463719203509956,NaN,0.465,NaN
0.75,0.75,NaN,NaN,0.377995275059062,0.45442536327609,NaN,NaN
0.636363636363636,NaN,0.134529147982063,NaN,NaN,0.344782034346103,NaN,0.423076923076923
NaN,0.703703703703704,NaN,0.398220640569395,NaN,0.345442536327609,NaN,0.230769230769231
NaN,NaN,0.143497757847534,NaN,0.252109348633142,NaN,NaN,0.576923076923077
0.772727272727273,NaN,NaN,NaN,NaN,0.468295904887715,0.345,NaN
NaN,NaN,NaN,NaN,NaN,NaN,NaN,NaN
0.795454545454546,NaN,0.134529147982063,0.577758007117438,NaN,NaN,NaN,NaN
0.742424242424243,0.740740740740741,NaN,NaN,0.41478231522106,0.480845442536328,0.455,NaN
NaN,NaN,NaN,NaN,0.48025649679379,NaN,0.524,NaN
NaN,NaN,0.143497757847534,NaN,0.42963212959838,NaN,NaN,NaN
0.643939393939394,NaN,0.125560538116592,0.30711743772242,NaN,NaN,NaN,NaN
NaN,NaN,NaN,NaN,NaN,0.227873183619551,NaN,NaN
0.553030303030303,NaN,NaN,NaN,0.234222072224097,0.218626155878468,0.2,0.461538461538462
NaN,NaN,0.125560538116592,0.422064056939502,0.327708403644954,0.506605019815059,NaN,NaN
0.477272727272727,NaN,NaN,NaN,0.107998650016875,NaN,NaN,NaN
0.689393939393939,NaN,NaN,0.399110320284698,NaN,NaN,NaN,0.269230769230769
0.696969696969697,NaN,NaN,NaN,0.47283158960513,0.272787318361955,NaN,NaN
0.734848484848485,0.75,NaN,0.461209964412811,NaN,0.333553500660502,NaN,NaN
NaN,0.648148148148148,NaN,NaN,0.280121498481269,NaN,NaN,NaN
0.681818181818182,NaN,NaN,NaN,NaN,NaN,NaN,NaN
NaN,NaN,0.147982062780269,NaN,NaN,0.499339498018494,NaN,0.307692307692308
NaN,NaN,NaN,NaN,NaN,NaN,NaN,NaN
NaN,0.805555555555556,NaN,NaN,0.545393182585218,NaN,NaN,NaN
NaN,NaN,0.130044843049327,NaN,NaN,NaN,NaN,NaN
NaN,NaN,0.0762331838565023,NaN,NaN,0.116908850726552,NaN,NaN
NaN,NaN,NaN,NaN,NaN,NaN,0.26,NaN
NaN,NaN,0.062780269058296,NaN,NaN,NaN,NaN,0.307692307692308
NaN,NaN,0.103139013452915,0.297686832740214,NaN,NaN,0.22,NaN
0.659090909090909,NaN,0.10762331838565,NaN,NaN,NaN,NaN,NaN
NaN,NaN,NaN,NaN,NaN,NaN,NaN,NaN
NaN,NaN,0.125560538116592,0.362455516014235,NaN,NaN,NaN,0.307692307692308
NaN,NaN,0.147982062780269,0.592348754448399,NaN,NaN,NaN,NaN
NaN,NaN,NaN,0.158185053380783,0.132298346270672,0.14332892998679,0.1115,NaN
NaN,NaN,NaN,NaN,NaN,NaN,NaN,NaN
0.424242424242424,NaN,0.0807174887892377,NaN,NaN,0.128797886393659,0.125,NaN
NaN,0.805555555555556,NaN,NaN,0.438069524130948,NaN,NaN,NaN
NaN,0.555555555555555,0.116591928251121,NaN,NaN,NaN,NaN,NaN
NaN,0.75,0.116591928251121,NaN,NaN,NaN,NaN,0.269230769230769
NaN,NaN,0.125560538116592,0.331138790035587,0.206884913938576,0.237120211360634,NaN,NaN
NaN,NaN,0.134529147982063,NaN,0.290583867701654,NaN,NaN,NaN
NaN,NaN,NaN,NaN,NaN,0.285997357992074,0.28,NaN
NaN,NaN,NaN,0.470284697508897,0.410732365845427,0.418097754293263,NaN,NaN
0.674242424242424,0.675925925925926,NaN,NaN,NaN,NaN,NaN,0.307692307692308
NaN,NaN,NaN,0.198220640569395,NaN,NaN,NaN,0.192307692307692
0.856060606060606,NaN,NaN,NaN,NaN,NaN,0.498,NaN
NaN,NaN,NaN,NaN,NaN,NaN,NaN,0.346153846153846
NaN,NaN,0.0224215246636771,NaN,NaN,NaN,0,NaN
NaN,NaN,NaN,NaN,0.206547418157273,NaN,0.17,NaN
NaN,NaN,NaN,0.438256227758007,0.365170435369558,NaN,NaN,NaN
NaN,NaN,NaN,NaN,NaN,NaN,NaN,0.307692307692308
NaN,NaN,0.152466367713004,NaN,NaN,NaN,NaN,NaN
NaN,NaN,NaN,NaN,NaN,NaN,NaN,NaN
0.810606060606061,0.777777777777778,NaN,NaN,NaN,NaN,NaN,NaN
0.712121212121212,NaN,0.121076233183857,0.333629893238434,NaN,0.291281373844122,0.3,NaN
0.43939393939394,NaN,0.0896860986547085,NaN,0.10124873439082,NaN,NaN,NaN
NaN,0.888888888888889,NaN,NaN,0.486668916638542,0.528401585204756,NaN,NaN
0.628787878787879,NaN,0.130044843049327,NaN,NaN,NaN,0.255,NaN
0.477272727272727,NaN,NaN,NaN,NaN,0.14663143989432,0.145,NaN
NaN,NaN,NaN,NaN,0.335133310833615,NaN,0.2465,0.307692307692308
0.833333333333333,NaN,0.147982062780269,0.542348754448399,NaN,0.481505944517834,NaN,NaN
NaN,NaN,NaN,NaN,NaN,0.307133421400264,0.345,NaN
NaN,0.75,0.139013452914798,NaN,NaN,NaN,NaN,NaN
NaN,NaN,NaN,0.154092526690391,NaN,NaN,NaN,NaN
NaN,NaN,NaN,NaN,NaN,0.149933949801849,0.178,NaN
NaN,NaN,0.130044843049327,NaN,NaN,NaN,0.336,NaN
NaN,NaN,NaN,NaN,NaN,NaN,NaN,NaN
NaN,NaN,NaN,NaN,0.302058724265947,NaN,0.345,NaN
0.590909090909091,0.611111111111111,NaN,NaN,NaN,0.243725231175694,NaN,NaN
0.833333333333333,NaN,NaN,NaN,0.664866689166385,NaN,NaN,NaN
NaN,0.657407407407407,0.15695067264574,NaN,0.2591967600405,0.307133421400264,NaN,NaN
NaN,NaN,NaN,NaN,NaN,NaN,NaN,NaN
NaN,NaN,0.147982062780269,NaN,NaN,NaN,NaN,0.230769230769231
NaN,0.555555555555555,NaN,NaN,NaN,0.172391017173052,NaN,NaN
0.598484848484849,0.564814814814815,NaN,NaN,0.283833952075599,NaN,0.17,0.192307692307692
NaN,0.731481481481481,NaN,NaN,NaN,0.526420079260238,0.475,NaN
NaN,0.481481481481481,NaN,NaN,NaN,NaN,0.2315,NaN
NaN,NaN,NaN,NaN,NaN,0.424702774108322,NaN,NaN
NaN,NaN,NaN,NaN,0.28518393520081,NaN,NaN,NaN
NaN,NaN,0.152466367713004,NaN,NaN,0.346103038309115,NaN,NaN
NaN,NaN,NaN,NaN,0.225784677691529,NaN,NaN,0.192307692307692
NaN,NaN,NaN,0.223487544483986,0.190347620654742,NaN,NaN,NaN
NaN,0.731481481481481,NaN,NaN,0.399595005062437,0.415455746367239,NaN,NaN
NaN,NaN,0.170403587443946,NaN,0.317921025987175,NaN,0.475,NaN
0.636363636363636,NaN,0.0941704035874439,NaN,NaN,NaN,0.27,0.346153846153846
NaN,NaN,NaN,0.325444839857651,0.255484306446169,NaN,NaN,NaN
0.628787878787879,NaN,NaN,NaN,NaN,NaN,NaN,NaN
0.477272727272727,NaN,0.10762331838565,NaN,NaN,0.17107001321004,NaN,NaN
NaN,0.638888888888889,NaN,NaN,NaN,NaN,NaN,0.269230769230769
NaN,0.740740740740741,0.130044843049327,NaN,NaN,0.31439894319683,0.295,NaN
NaN,0.842592592592592,0.165919282511211,0.586832740213523,0.503881201484982,0.480845442536328,NaN,0.346153846153846
0.71969696969697,NaN,NaN,NaN,NaN,NaN,NaN,NaN
NaN,0.444444444444444,NaN,NaN,NaN,0.131439894319683,NaN,NaN
NaN,NaN,NaN,NaN,0.222409719878502,NaN,NaN,0.153846153846154
0.287878787878788,NaN,0.0672645739910314,NaN,NaN,NaN,NaN,NaN
NaN,0.703703703703704,0.112107623318386,NaN,NaN,NaN,NaN,NaN
NaN,NaN,NaN,0.054982206405694,0.04691191360108,0.0442536327608983,0.045,0.115384615384615
0.393939393939394,0.388888888888889,NaN,NaN,NaN,NaN,NaN,NaN
NaN,NaN,NaN,NaN,NaN,NaN,NaN,NaN
0.651515151515151,NaN,NaN,NaN,NaN,NaN,NaN,0.192307692307692
NaN,0.666666666666667,0.165919282511211,NaN,NaN,NaN,0.43,NaN
0.560606060606061,NaN,NaN,NaN,NaN,NaN,NaN,NaN
0.643939393939394,0.601851851851852,NaN,0.293060498220641,0.23084711441107,0.269484808454425,0.187,0.153846153846154
NaN,0.842592592592592,0.143497757847534,NaN,0.520418494768815,0.491413474240423,NaN,NaN
NaN,NaN,NaN,NaN,NaN,0.258256274768824,0.31,NaN
NaN,0.722222222222222,0.130044843049327,NaN,NaN,NaN,NaN,NaN
NaN,NaN,NaN,NaN,NaN,0.480845442536328,0.43,0.307692307692308
NaN,NaN,NaN,NaN,0.359433007087411,NaN,NaN,NaN
NaN,NaN,0.143497757847534,NaN,NaN,NaN,NaN,NaN
NaN,0.62962962962963,NaN,0.288967971530249,0.21228484643942,NaN,NaN,0.192307692307692
0.628787878787879,0.611111111111111,0.143497757847534,NaN,NaN,NaN,NaN,0.230769230769231
0.53030303030303,NaN,0.0852017937219731,NaN,0.201484981437732,NaN,NaN,NaN
NaN,NaN,NaN,0.174733096085409,0.145460681741478,0.134742404227213,NaN,NaN
0.628787878787879,NaN,0.103139013452915,NaN,NaN,NaN,NaN,0.384615384615385
0.734848484848485,0.694444444444444,0.121076233183857,0.385231316725979,0.346270671616605,NaN,NaN,NaN
NaN,NaN,NaN,NaN,0.164022949713129,NaN,NaN,NaN
NaN,NaN,0.139013452914798,0.358362989323843,NaN,NaN,NaN,NaN
NaN,NaN,NaN,0.0859430604982206,NaN,NaN,NaN,0.269230769230769
NaN,NaN,NaN,NaN,NaN,NaN,NaN,NaN
NaN,NaN,0.147982062780269,NaN,NaN,NaN,NaN,0.384615384615385
NaN,NaN,0.130044843049327,NaN,NaN,NaN,NaN,NaN
NaN,NaN,NaN,NaN,0.367532905838677,NaN,NaN,0.192307692307692
NaN,NaN,NaN,NaN,NaN,0.252972258916777,0.231,NaN
NaN,NaN,0.0582959641255605,NaN,NaN,NaN,0.043,NaN
0.621212121212121,NaN,0.125560538116592,NaN,NaN,0.313077939233818,NaN,NaN
0.772727272727273,0.787037037037037,NaN,NaN,NaN,NaN,NaN,NaN
NaN,0.583333333333333,NaN,NaN,0.214984812689841,NaN,NaN,NaN
NaN,NaN,0.116591928251121,NaN,NaN,NaN,NaN,NaN
NaN,NaN,0.103139013452915,NaN,NaN,0.254293262879789,NaN,NaN
NaN,0.592592592592593,NaN,0.372241992882562,0.230509618629767,0.21664464993395,NaN,0.461538461538462
0.545454545454546,0.574074074074074,NaN,NaN,0.185622679716504,0.163804491413474,NaN,NaN
NaN,0.62962962962963,NaN,NaN,NaN,NaN,NaN,NaN
NaN,NaN,NaN,0.372419928825623,NaN,NaN,NaN,0.346153846153846
NaN,0.638888888888889,0.121076233183857,NaN,0.345258184272697,NaN,NaN,0.230769230769231
0.666666666666667,NaN,0.210762331838565,NaN,0.30745865676679,NaN,NaN,NaN
NaN,0.62962962962963,0.121076233183857,0.307473309608541,0.25683428957138,0.194187582562748,NaN,0.307692307692308
NaN,NaN,NaN,NaN,0.329395882551468,NaN,NaN,NaN
NaN,NaN,NaN,NaN,NaN,NaN,NaN,NaN
0.681818181818182,NaN,NaN,0.504804270462633,0.487343908201148,NaN,0.426,0.307692307692308
NaN,0.462962962962963,NaN,NaN,NaN,NaN,NaN,NaN
NaN,0.805555555555556,0.103139013452915,NaN,0.449544380695241,NaN,0.19,NaN
NaN,0.62962962962963,NaN,NaN,NaN,NaN,0.245,NaN
NaN,NaN,NaN,0.354448398576513,0.295983800202497,NaN,NaN,NaN
0.840909090909091,NaN,0.143497757847534,NaN,NaN,NaN,NaN,0.461538461538462
NaN,0.731481481481481,NaN,0.458362989323843,NaN,NaN,NaN,NaN
0.742424242424243,NaN,0.143497757847534,NaN,0.422882213972325,NaN,0.344,NaN
NaN,NaN,NaN,NaN,NaN,NaN,NaN,NaN
NaN,0.75,NaN,NaN,NaN,0.419418758256275,0.345,0.307692307692308
NaN,NaN,NaN,NaN,0.346270671616605,NaN,0.2955,NaN
NaN,0.787037037037037,NaN,NaN,NaN,0.536327608982827,NaN,NaN
0.416666666666667,NaN,0.0717488789237668,NaN,NaN,0.108322324966975,0.107,0.423076923076923
NaN,NaN,0.0986547085201794,NaN,NaN,0.120871862615588,NaN,NaN
NaN,0.768518518518518,NaN,NaN,NaN,0.386393659180978,NaN,0.346153846153846
0.507575757575758,NaN,NaN,0.233807829181495,NaN,NaN,NaN,0.269230769230769
0.598484848484849,NaN,NaN,NaN,NaN,NaN,0.25,NaN
0.643939393939394,NaN,NaN,NaN,NaN,NaN,0.3005,NaN
NaN,NaN,0.0986547085201794,NaN,0.141073236584543,0.14663143989432,NaN,NaN
0.5,NaN,NaN,NaN,NaN,0.165125495376486,0.23,NaN
NaN,NaN,NaN,0.625444839857651,NaN,0.586525759577279,0.533,NaN
NaN,0.490740740740741,0.121076233183857,NaN,0.144110698616267,NaN,NaN,NaN
NaN,NaN,NaN,NaN,NaN,0.303170409511229,NaN,0.230769230769231
NaN,NaN,NaN,NaN,NaN,NaN,NaN,0.153846153846154
NaN,NaN,NaN,0.301067615658363,NaN,NaN,0.36,NaN
0.560606060606061,0.546296296296296,0.0941704035874439,NaN,NaN,NaN,NaN,0.230769230769231
NaN,NaN,NaN,NaN,NaN,NaN,0.052,NaN
0.560606060606061,NaN,NaN,0.255160142348755,0.221059736753291,0.204095112285337,NaN,NaN
NaN,0.546296296296296,0.143497757847534,NaN,NaN,NaN,0.375,0.576923076923077
0.181818181818182,NaN,NaN,NaN,0.0205872426594668,0.0277410832232497,NaN,NaN
0.681818181818182,NaN,NaN,NaN,NaN,NaN,NaN,NaN
NaN,NaN,NaN,NaN,NaN,NaN,0.39,NaN
NaN,NaN,NaN,NaN,0.248734390820115,NaN,NaN,NaN
0.787878787878788,NaN,NaN,NaN,NaN,NaN,NaN,0.5
NaN,NaN,NaN,NaN,0.226459669254134,0.285336856010568,NaN,0.384615384615385
NaN,NaN,NaN,0.095729537366548,NaN,NaN,NaN,NaN
NaN,NaN,NaN,NaN,NaN,0.197490092470277,NaN,0.307692307692308
NaN,NaN,0.170403587443946,0.679537366548043,NaN,NaN,NaN,NaN
0.553030303030303,NaN,NaN,0.275978647686833,NaN,0.233817701453104,0.1765,NaN
NaN,NaN,NaN,0.463523131672598,NaN,NaN,NaN,0.307692307692308
NaN,NaN,NaN,0.206049822064057,0.204184947688154,0.139365918097754,NaN,NaN
NaN,NaN,NaN,NaN,NaN,NaN,NaN,NaN
0.613636363636364,NaN,NaN,NaN,0.301383732703341,NaN,0.215,NaN
0.704545454545455,0.740740740740741,NaN,NaN,0.381370232872089,0.3110964332893,0.385,NaN
0.560606060606061,NaN,NaN,0.373487544483986,NaN,NaN,NaN,0.192307692307692
NaN,NaN,NaN,NaN,NaN,NaN,0.1865,NaN
NaN,NaN,NaN,NaN,0.298346270671617,0.282034346103038,NaN,NaN
0.727272727272727,NaN,0.143497757847534,NaN,0.387445156935538,0.409511228533686,NaN,NaN
NaN,NaN,NaN,NaN,NaN,NaN,0.6535,NaN
0.727272727272727,NaN,0.161434977578475,0.456049822064057,NaN,0.390356671070013,0.365,NaN
NaN,NaN,NaN,NaN,NaN,NaN,NaN,NaN
0.568181818181818,0.583333333333333,0.0852017937219731,NaN,NaN,0.208718626155878,NaN,NaN
0.833333333333333,0.833333333333333,NaN,0.699466192170819,NaN,NaN,0.755,NaN
0.712121212121212,0.685185185185185,0.130044843049327,0.400711743772242,NaN,NaN,NaN,NaN
0.704545454545455,0.694444444444444,NaN,NaN,NaN,NaN,NaN,NaN
NaN,NaN,NaN,0.385943060498221,NaN,0.348084544253633,NaN,NaN
0.659090909090909,NaN,0.0941704035874439,0.26085409252669,NaN,NaN,NaN,NaN
NaN,NaN,0.0986547085201794,0.154448398576512,NaN,NaN,NaN,NaN
NaN,NaN,NaN,0.369395017793594,0.343908201147486,NaN,NaN,0.230769230769231
NaN,0.62962962962963,NaN,NaN,0.317583530205872,0.208058124174373,NaN,NaN
NaN,NaN,NaN,NaN,0.384745190685116,NaN,NaN,NaN
NaN,0.666666666666667,NaN,NaN,NaN,0.334874504623514,0.316,0.269230769230769
NaN,NaN,NaN,0.44626334519573,0.340870739115761,0.349405548216645,0.431,NaN
NaN,NaN,NaN,0.420284697508897,NaN,NaN,NaN,NaN
NaN,0.768518518518518,0.161434977578475,NaN,NaN,NaN,NaN,NaN
NaN,NaN,0.0717488789237668,0.129181494661922,NaN,0.101717305151915,NaN,NaN
0.75,NaN,0.130044843049327,0.613523131672598,NaN,0.363936591809775,NaN,NaN
NaN,NaN,NaN,NaN,NaN,NaN,NaN,NaN
NaN,0.62037037037037,NaN,0.284163701067616,NaN,NaN,0.215,NaN
NaN,NaN,NaN,NaN,NaN,0.148612945838838,NaN,0.115384615384615
NaN,0.898148148148148,0.192825112107623,NaN,NaN,NaN,0.892,0.538461538461539
NaN,NaN,0.134529147982063,NaN,NaN,0.389696169088507,NaN,0.269230769230769
NaN,NaN,NaN,NaN,NaN,0.33553500660502,NaN,NaN
NaN,NaN,NaN,NaN,NaN,0.412153236459709,NaN,NaN
NaN,NaN,0.161434977578475,NaN,NaN,NaN,NaN,0.346153846153846
NaN,NaN,NaN,NaN,NaN,0.279392338177015,NaN,0.230769230769231
NaN,NaN,NaN,NaN,NaN,NaN,NaN,NaN
NaN,NaN,0.112107623318386,NaN,NaN,NaN,NaN,NaN
NaN,NaN,0.0538116591928251,NaN,NaN,NaN,NaN,NaN
0.810606060606061,NaN,NaN,NaN,NaN,0.498018494055482,0.4255,NaN
NaN,NaN,NaN,NaN,0.283496456294296,NaN,NaN,0.846153846153846
NaN,NaN,0.139013452914798,NaN,NaN,NaN,NaN,0.307692307692308
NaN,NaN,NaN,NaN,NaN,0.225891677675033,0.33,NaN
NaN,NaN,NaN,NaN,NaN,NaN,0.022,NaN
0.598484848484849,0.555555555555555,0.0986547085201794,NaN,NaN,NaN,NaN,0.423076923076923
NaN,NaN,NaN,NaN,NaN,0.151915455746367,NaN,NaN
0.71969696969697,NaN,NaN,0.481138790035587,0.334120823489706,NaN,NaN,0.538461538461539
NaN,0.648148148148148,NaN,NaN,0.371920350995613,NaN,NaN,NaN
NaN,NaN,0.0941704035874439,0.30355871886121,NaN,0.190885072655218,NaN,NaN
NaN,NaN,NaN,NaN,0.157610529868377,NaN,0.235,0.615384615384615
0.787878787878788,NaN,0.152466367713004,NaN,NaN,0.410171730515192,NaN,NaN
NaN,NaN,0.116591928251121,0.299466192170819,NaN,0.224570673712021,NaN,NaN
0.696969696969697,NaN,NaN,NaN,0.363482956463044,NaN,NaN,NaN
0.757575757575758,NaN,0.147982062780269,NaN,NaN,NaN,NaN,NaN
0.515151515151515,NaN,0.0896860986547085,NaN,NaN,NaN,NaN,0.115384615384615
NaN,NaN,NaN,0.441637010676157,NaN,NaN,NaN,NaN
NaN,0.75,NaN,NaN,NaN,NaN,NaN,0.461538461538462
0.901515151515152,NaN,0.179372197309417,0.777758007117438,0.712116098548768,0.687582562747688,NaN,NaN
0.53030303030303,NaN,NaN,0.204270462633452,NaN,0.154557463672391,NaN,NaN
0.636363636363636,NaN,NaN,0.335409252669039,NaN,NaN,NaN,NaN
NaN,NaN,0.116591928251121,NaN,NaN,NaN,0.2835,NaN
0.545454545454546,0.537037037037037,NaN,NaN,0.225784677691529,NaN,NaN,NaN
NaN,0.740740740740741,NaN,NaN,NaN,0.354029062087186,NaN,NaN
NaN,0.777777777777778,NaN,0.502669039145907,NaN,NaN,NaN,NaN
0.53030303030303,NaN,NaN,NaN,NaN,NaN,0.1465,0.153846153846154
NaN,0.685185185185185,NaN,0.389501779359431,NaN,NaN,NaN,0.269230769230769
NaN,0.462962962962963,0.0582959641255605,0.168149466192171,0.124535943300709,NaN,NaN,NaN
0.53030303030303,NaN,NaN,NaN,NaN,NaN,NaN,NaN
NaN,0.537037037037037,NaN,NaN,NaN,0.154557463672391,0.1775,NaN
0.696969696969697,NaN,NaN,NaN,NaN,NaN,NaN,0.230769230769231
0.651515151515151,NaN,NaN,NaN,0.347958150523119,NaN,NaN,NaN
0.560606060606061,NaN,NaN,NaN,NaN,NaN,NaN,NaN
NaN,0.490740740740741,NaN,0.204270462633452,0.16672291596355,NaN,NaN,NaN
0.78030303030303,NaN,0.15695067264574,NaN,0.361795477556531,NaN,0.395,NaN
NaN,NaN,NaN,NaN,NaN,NaN,NaN,NaN
NaN,0.675925925925926,NaN,NaN,NaN,0.297225891677675,NaN,NaN
NaN,NaN,NaN,NaN,0.26054674316571,NaN,0.27,NaN
0.795454545454546,NaN,NaN,0.526868327402135,0.388795140060749,NaN,NaN,NaN
NaN,NaN,NaN,NaN,NaN,0.303170409511229,0.3935,NaN
NaN,0.583333333333333,NaN,0.259786476868327,NaN,NaN,NaN,NaN
NaN,0.740740740740741,0.147982062780269,0.570818505338078,NaN,NaN,NaN,0.346153846153846
NaN,NaN,NaN,NaN,NaN,NaN,NaN,NaN
NaN,NaN,NaN,NaN,NaN,NaN,0.245,NaN
NaN,NaN,NaN,NaN,NaN,NaN,NaN,NaN
NaN,NaN,0.112107623318386,NaN,NaN,NaN,NaN,0.461538461538462
NaN,0.601851851851852,NaN,0.256583629893238,NaN,NaN,NaN,NaN
0.553030303030303,0.555555555555555,NaN,NaN,NaN,0.238441215323646,NaN,NaN
NaN,NaN,NaN,0.166014234875445,0.150860614242322,NaN,NaN,0.115384615384615
NaN,0.768518518518518,NaN,NaN,NaN,NaN,NaN,0.346153846153846
0.765151515151515,NaN,NaN,NaN,NaN,0.553500660501982,NaN,0.307692307692308
0.833333333333333,NaN,NaN,0.556761565836299,0.429969625379683,NaN,0.26,0.307692307692308
0.75,NaN,NaN,0.524021352313167,NaN,NaN,0.373,NaN
NaN,NaN,0.15695067264574,0.562277580071174,0.453256834289571,0.4332892998679,NaN,NaN
NaN,NaN,0.143497757847534,NaN,NaN,NaN,NaN,NaN
NaN,NaN,NaN,NaN,0.309146135673304,0.28665785997358,NaN,0.230769230769231
NaN,NaN,0.161434977578475,NaN,NaN,0.349405548216645,NaN,0.230769230769231
NaN,NaN,0.0717488789237668,NaN,0.0698616267296659,NaN,NaN,0.192307692307692
NaN,NaN,NaN,NaN,NaN,NaN,0.375,NaN
0.5,NaN,NaN,0.203914590747331,0.177860276746541,NaN,0.17,NaN
NaN,NaN,0.143497757847534,NaN,0.36044549443132,0.35336856010568,0.3215,NaN
NaN,NaN,0.15695067264574,NaN,NaN,0.537648612945839,0.4845,NaN
NaN,NaN,0.103139013452915,0.202313167259786,NaN,0.175033025099075,NaN,NaN
NaN,NaN,0.0986547085201794,0.188434163701068,NaN,0.147952443857332,NaN,NaN
NaN,0.75,0.121076233183857,0.425800711743772,NaN,NaN,NaN,0.269230769230769
0.348484848484849,0.351851851851852,NaN,NaN,NaN,NaN,NaN,0.115384615384615
NaN,NaN,NaN,0.294661921708185,0.287546405669929,NaN,NaN,0.230769230769231
NaN,0.657407407407407,0.134529147982063,0.391281138790036,NaN,0.35667107001321,NaN,NaN
0.742424242424243,0.722222222222222,0.188340807174888,NaN,NaN,NaN,NaN,0.461538461538462
0.712121212121212,NaN,NaN,NaN,0.32467094161323,NaN,NaN,0.307692307692308
0.689393939393939,NaN,0.112107623318386,0.372597864768683,0.343908201147486,NaN,NaN,NaN
NaN,NaN,0.139013452914798,0.393060498220641,0.330070874114074,0.345442536327609,NaN,0.346153846153846
NaN,0.472222222222222,0.0896860986547085,NaN,NaN,NaN,0.1285,0.153846153846154
NaN,NaN,NaN,0.326690391459075,0.253459331758353,NaN,NaN,NaN
0.689393939393939,NaN,NaN,NaN,NaN,NaN,NaN,NaN
0.689393939393939,NaN,NaN,0.391637010676157,0.284508943638205,0.287318361955086,NaN,NaN
NaN,0.333333333333333,NaN,NaN,NaN,0.083223249669749,NaN,NaN
NaN,NaN,0.112107623318386,NaN,0.218359770502869,NaN,NaN,NaN
NaN,0.731481481481481,NaN,NaN,NaN,NaN,0.515,0.269230769230769
NaN,0.62962962962963,0.116591928251121,NaN,NaN,NaN,NaN,NaN
NaN,NaN,NaN,0.379181494661922,NaN,0.329590488771466,0.274,0.346153846153846
NaN,0.805555555555556,NaN,NaN,0.467769152885589,NaN,NaN,NaN
NaN,NaN,0.103139013452915,NaN,0.164697941275734,NaN,0.19,NaN
NaN,NaN,NaN,0.629181494661922,NaN,0.536988110964333,NaN,NaN
NaN,NaN,NaN,NaN,NaN,0.275429326287979,0.208,NaN
0.575757575757576,NaN,NaN,NaN,NaN,NaN,NaN,0.269230769230769
NaN,NaN,NaN,NaN,0.135673304083699,NaN,NaN,NaN
NaN,0.777777777777778,NaN,NaN,NaN,NaN,NaN,NaN
NaN,0.518518518518518,NaN,0.248042704626335,NaN,0.177014531043593,0.15,0.153846153846154
0.946969696969697,NaN,NaN,0.940035587188612,1,NaN,NaN,0.307692307692308
NaN,NaN,NaN,NaN,NaN,0.204755614266843,0.305,NaN
0.689393939393939,NaN,NaN,NaN,NaN,NaN,NaN,NaN
NaN,NaN,0.116591928251121,NaN,NaN,NaN,0.22,NaN
NaN,0.62962962962963,0.134529147982063,0.429537366548043,NaN,NaN,NaN,NaN
NaN,NaN,0.15695067264574,NaN,NaN,0.521796565389696,NaN,0.307692307692308
NaN,NaN,NaN,NaN,0.158960512993588,NaN,NaN,0.461538461538462
0.515151515151515,NaN,NaN,NaN,0.130610867364158,0.157859973579921,NaN,NaN
NaN,NaN,NaN,NaN,0.196085048936888,NaN,NaN,0.230769230769231
NaN,NaN,NaN,NaN,NaN,NaN,NaN,NaN
NaN,0.657407407407407,NaN,NaN,NaN,NaN,NaN,NaN
NaN,0.694444444444444,NaN,0.409786476868327,NaN,0.324306472919419,NaN,NaN
NaN,NaN,0.10762331838565,NaN,0.239284508943638,0.202774108322325,NaN,NaN
NaN,NaN,0.125560538116592,NaN,NaN,NaN,NaN,0.230769230769231
NaN,NaN,NaN,0.268505338078292,NaN,NaN,NaN,0.384615384615385
NaN,0.712962962962963,NaN,NaN,NaN,0.407529722589168,NaN,NaN
NaN,NaN,NaN,0.106227758007117,0.088761390482619,0.071334214002642,NaN,NaN
NaN,NaN,NaN,NaN,NaN,0.431968295904888,0.384,NaN
NaN,0.574074074074074,NaN,NaN,NaN,NaN,NaN,0.423076923076923
NaN,NaN,NaN,0.275444839857651,NaN,NaN,0.245,0.346153846153846
NaN,NaN,NaN,NaN,NaN,NaN,NaN,NaN
NaN,NaN,NaN,0.694128113879004,NaN,0.57331571994716,NaN,NaN
NaN,0.722222222222222,NaN,NaN,0.365170435369558,NaN,NaN,NaN
NaN,NaN,NaN,NaN,0.678704016199798,NaN,NaN,NaN
NaN,NaN,NaN,NaN,0.275059061761728,NaN,NaN,0.230769230769231
NaN,NaN,0.161434977578475,NaN,0.396220047249409,NaN,NaN,NaN
0.53030303030303,NaN,NaN,0.210142348754448,0.156935538305771,NaN,0.175,0.307692307692308
NaN,0.740740740740741,NaN,0.383096085409253,NaN,0.369220607661823,NaN,0.423076923076923
NaN,0.509259259259259,NaN,NaN,NaN,0.178335535006605,NaN,NaN
NaN,NaN,0.0852017937219731,NaN,NaN,0.112945838837517,NaN,0.153846153846154
NaN,NaN,NaN,NaN,NaN,NaN,NaN,NaN
NaN,NaN,NaN,NaN,NaN,NaN,NaN,NaN
NaN,NaN,NaN,NaN,NaN,NaN,NaN,NaN
NaN,0.472222222222222,NaN,NaN,NaN,NaN,NaN,0.192307692307692
NaN,0.685185185185185,NaN,NaN,NaN,0.320343461030383,NaN,NaN
NaN,NaN,NaN,0.195195729537367,0.200472494093824,NaN,0.138,0.153846153846154
NaN,NaN,NaN,NaN,NaN,NaN,NaN,NaN
NaN,NaN,0.125560538116592,NaN,NaN,NaN,NaN,NaN
NaN,NaN,0.0986547085201794,NaN,NaN,NaN,NaN,0.230769230769231
NaN,NaN,NaN,NaN,NaN,0.30449141347424,NaN,NaN
NaN,NaN,NaN,0.388434163701068,NaN,NaN,NaN,NaN
NaN,0.768518518518518,NaN,NaN,NaN,0.391677675033025,NaN,NaN
NaN,NaN,0.125560538116592,NaN,NaN,NaN,NaN,0.269230769230769
NaN,NaN,NaN,NaN,NaN,0.645970937912814,NaN,0.307692307692308
NaN,NaN,NaN,NaN,NaN,0.367899603698811,NaN,NaN
NaN,NaN,0.165919282511211,NaN,0.445831927100911,0.437252311756935,NaN,0.307692307692308
NaN,0.75,NaN,NaN,NaN,0.478203434610304,NaN,0.269230769230769
0.696969696969697,0.675925925925926,NaN,NaN,0.297333783327708,NaN,NaN,NaN
0.75,NaN,NaN,NaN,NaN,NaN,NaN,NaN
NaN,0.648148148148148,0.125560538116592,NaN,0.283833952075599,0.266182298546896,NaN,0.192307692307692
0.583333333333333,NaN,NaN,0.330960854092527,NaN,0.260898282694848,NaN,NaN
0.704545454545455,0.657407407407407,NaN,0.407473309608541,NaN,NaN,NaN,NaN
NaN,NaN,NaN,NaN,0.439082011474857,NaN,0.36,NaN
NaN,NaN,NaN,0.752491103202847,NaN,0.64332892998679,0.575,NaN
NaN,NaN,NaN,NaN,NaN,0.3110964332893,0.275,0.307692307692308
NaN,0.611111111111111,0.0986547085201794,NaN,0.243671954100574,NaN,0.265,0.346153846153846
NaN,NaN,NaN,0.266192170818505,NaN,0.184280052840158,NaN,NaN
NaN,0.592592592592593,0.134529147982063,NaN,NaN,NaN,NaN,NaN
NaN,NaN,NaN,NaN,NaN,0.158520475561427,0.25,NaN
NaN,NaN,NaN,0.401423487544484,NaN,NaN,NaN,NaN
NaN,NaN,NaN,NaN,NaN,NaN,NaN,NaN
0.674242424242424,NaN,NaN,NaN,NaN,NaN,NaN,NaN
0.818181818181818,NaN,0.161434977578475,0.59626334519573,NaN,NaN,NaN,NaN
NaN,NaN,0.125560538116592,NaN,NaN,0.296565389696169,0.41,NaN
NaN,NaN,0.174887892376682,NaN,0.785690178872764,NaN,NaN,NaN
NaN,NaN,0.0762331838565023,NaN,NaN,NaN,0.0665,0.115384615384615
NaN,0.740740740740741,0.152466367713004,0.452135231316726,0.35065811677354,NaN,NaN,NaN
0.575757575757576,NaN,NaN,0.238078291814947,NaN,NaN,0.2,NaN
NaN,0.861111111111111,NaN,NaN,NaN,NaN,0.5315,0.346153846153846
NaN,0.740740740740741,0.152466367713004,NaN,NaN,NaN,NaN,NaN
0.446969696969697,NaN,0.0852017937219731,0.15355871886121,NaN,0.104359313077939,NaN,NaN
NaN,NaN,NaN,NaN,0.336483293958826,NaN,NaN,0.269230769230769
NaN,NaN,NaN,NaN,NaN,NaN,0.5115,NaN
NaN,NaN,0.152466367713004,NaN,NaN,NaN,0.29,0.384615384615385
NaN,0.537037037037037,NaN,NaN,NaN,0.254953764861295,NaN,NaN
NaN,0.611111111111111,0.0986547085201794,NaN,NaN,NaN,NaN,NaN
NaN,0.666666666666667,NaN,NaN,NaN,0.30779392338177,NaN,NaN
0.75,NaN,NaN,NaN,NaN,NaN,0.315,NaN
NaN,NaN,NaN,NaN,NaN,0.282034346103038,0.255,0.230769230769231
0.742424242424243,0.759259259259259,NaN,NaN,NaN,NaN,NaN,NaN
NaN,NaN,NaN,NaN,NaN,NaN,NaN,0.192307692307692
NaN,0.62962962962963,0.139013452914798,NaN,0.220047249409382,NaN,NaN,NaN
0.666666666666667,0.675925925925926,NaN,NaN,NaN,NaN,NaN,NaN
NaN,NaN,0.170403587443946,0.613701067615658,0.527843401957476,NaN,0.4815,NaN
NaN,0.703703703703704,0.15695067264574,NaN,NaN,NaN,0.34,0.576923076923077
NaN,NaN,NaN,0.484163701067616,NaN,NaN,NaN,NaN
0.590909090909091,NaN,NaN,NaN,0.236247046911914,0.230515191545575,0.198,NaN
NaN,NaN,0.10762331838565,NaN,0.164360445494431,0.173712021136063,NaN,0.192307692307692
NaN,NaN,NaN,NaN,NaN,NaN,NaN,NaN
NaN,NaN,0.0896860986547085,NaN,0.0951738103273709,0.0878467635402906,NaN,0.269230769230769
NaN,NaN,NaN,NaN,NaN,0.7556142668428,0.5185,NaN
0.598484848484849,0.611111111111111,0.10762331838565,NaN,0.288558893013837,0.259577278731836,0.18,NaN
NaN,0.722222222222222,0.143497757847534,0.416548042704626,0.33209584880189,NaN,NaN,NaN
NaN,NaN,NaN,NaN,NaN,NaN,0.211,NaN
NaN,NaN,NaN,NaN,NaN,0.202113606340819,NaN,0.269230769230769
NaN,NaN,0.147982062780269,NaN,NaN,0.367239101717305,NaN,NaN
NaN,0.287037037037037,NaN,NaN,0.0604117448531893,NaN,NaN,0.269230769230769
NaN,NaN,0.0852017937219731,NaN,NaN,0.0937912813738441,0.1,NaN
0.553030303030303,NaN,0.130044843049327,NaN,NaN,0.198150594451783,NaN,NaN
NaN,NaN,NaN,0.577580071174377,NaN,0.483487450462351,NaN,NaN
0.53030303030303,0.546296296296296,0.130044843049327,NaN,NaN,NaN,NaN,NaN
NaN,NaN,NaN,NaN,NaN,0.398943196829591,NaN,0.230769230769231
NaN,NaN,NaN,0.046797153024911,0.0361120485993925,0.0409511228533686,NaN,NaN
0.742424242424243,NaN,NaN,0.429181494661922,0.380020249746878,0.357331571994716,NaN,NaN
NaN,NaN,NaN,NaN,0.194735065811677,NaN,NaN,NaN
0.522727272727273,NaN,NaN,NaN,NaN,NaN,NaN,NaN
0.522727272727273,0.481481481481481,NaN,NaN,NaN,NaN,0.291,NaN
0.318181818181818,NaN,NaN,NaN,NaN,NaN,0.095,NaN
NaN,NaN,NaN,NaN,NaN,0.21994715984148,0.225,NaN
NaN,0.787037037037037,NaN,NaN,NaN,NaN,NaN,NaN
NaN,0.675925925925926,0.170403587443946,NaN,NaN,NaN,NaN,NaN
0.310606060606061,0.296296296296296,NaN,NaN,NaN,0.0468956406869221,0.05,0.0769230769230769
NaN,0.62962962962963,NaN,NaN,NaN,NaN,NaN,0.423076923076923
NaN,NaN,0.0896860986547085,NaN,NaN,NaN,NaN,0.192307692307692
0.71969696969697,NaN,NaN,0.386120996441281,NaN,NaN,NaN,0.230769230769231
NaN,NaN,0.152466367713004,NaN,0.510631117111036,NaN,NaN,NaN
NaN,NaN,NaN,NaN,NaN,NaN,0.22,NaN
NaN,NaN,NaN,NaN,0.622679716503544,0.502642007926024,NaN,NaN
NaN,0.87037037037037,0.170403587443946,0.841814946619217,NaN,0.616248348745046,NaN,0.346153846153846
NaN,NaN,NaN,NaN,NaN,0.145310435931308,NaN,NaN
NaN,NaN,0.112107623318386,0.179003558718861,NaN,NaN,0.13,NaN
NaN,0.62962962962963,NaN,NaN,0.216672291596355,NaN,NaN,0.269230769230769
0.712121212121212,NaN,NaN,NaN,0.430982112723591,NaN,NaN,NaN
NaN,NaN,NaN,NaN,NaN,NaN,NaN,NaN
NaN,NaN,NaN,NaN,NaN,NaN,0.28,NaN
0.643939393939394,0.592592592592593,NaN,NaN,NaN,NaN,NaN,0.269230769230769
0.696969696969697,0.675925925925926,NaN,NaN,NaN,0.337516512549538,NaN,0.307692307692308
NaN,NaN,NaN,NaN,0.261559230509619,NaN,0.29,NaN
NaN,NaN,0.152466367713004,NaN,NaN,NaN,NaN,NaN
0.689393939393939,NaN,NaN,NaN,NaN,NaN,NaN,NaN
0.696969696969697,NaN,0.139013452914798,NaN,NaN,NaN,NaN,0.230769230769231
0.787878787878788,0.768518518518518,NaN,NaN,NaN,NaN,0.415,0.230769230769231
NaN,NaN,NaN,NaN,0.256159298008775,NaN,NaN,NaN
NaN,0.537037037037037,NaN,NaN,0.305433682078974,NaN,0.19,0.269230769230769
NaN,0.611111111111111,NaN,NaN,NaN,0.24108322324967,NaN,0.192307692307692
NaN,0.638888888888889,NaN,NaN,NaN,NaN,NaN,NaN
NaN,NaN,0.0762331838565023,NaN,0.159635504556193,0.130118890356671,0.13,NaN
0.734848484848485,0.722222222222222,NaN,NaN,NaN,NaN,NaN,NaN
0.424242424242424,NaN,NaN,NaN,0.115761052986838,NaN,NaN,NaN
0.856060606060606,NaN,0.15695067264574,NaN,NaN,NaN,NaN,0.384615384615385
NaN,NaN,NaN,NaN,NaN,NaN,NaN,NaN
NaN,NaN,0.134529147982063,NaN,NaN,NaN,0.319,NaN
NaN,NaN,NaN,0.0405693950177936,NaN,NaN,0.039,NaN
NaN,NaN,0.147982062780269,0.562455516014235,NaN,NaN,NaN,NaN
NaN,NaN,NaN,NaN,NaN,0.512549537648613,NaN,NaN
NaN,0.527777777777778,0.10762331838565,NaN,0.131623354708066,NaN,NaN,NaN
0.696969696969697,0.759259259259259,NaN,NaN,0.420182247721904,NaN,NaN,0.269230769230769
0.371212121212121,NaN,NaN,0.125444839857651,NaN,NaN,0.1,NaN
NaN,NaN,NaN,NaN,NaN,0.400264200792602,0.4305,NaN
NaN,0.5,0.112107623318386,0.239679715302491,0.209247384407695,NaN,0.1905,NaN
NaN,0.694444444444444,NaN,0.483629893238434,0.490718866014175,NaN,0.327,NaN
NaN,NaN,NaN,0.229359430604982,NaN,NaN,0.17,NaN
NaN,NaN,NaN,NaN,0.488693891326358,NaN,NaN,NaN
NaN,0.444444444444444,NaN,NaN,NaN,0.142668428005284,NaN,NaN
0.575757575757576,NaN,0.103139013452915,NaN,NaN,0.202774108322325,0.1985,0.192307692307692
NaN,NaN,NaN,NaN,NaN,NaN,0.04,NaN
NaN,NaN,NaN,NaN,0.203509956125548,0.219286657859974,NaN,0.153846153846154
NaN,NaN,0.15695067264574,NaN,NaN,0.463672391017173,NaN,0.346153846153846
NaN,NaN,NaN,NaN,NaN,NaN,0.425,0.653846153846154
NaN,NaN,0.161434977578475,NaN,0.602092473844077,NaN,0.4485,NaN
NaN,NaN,NaN,0.106939501779359,NaN,NaN,0.1055,NaN
NaN,NaN,NaN,0.228291814946619,NaN,NaN,NaN,NaN
0.666666666666667,NaN,NaN,NaN,NaN,NaN,NaN,NaN
NaN,0.0277777777777778,0.0224215246636771,NaN,NaN,NaN,NaN,NaN
NaN,NaN,NaN,NaN,NaN,0.245706737120211,NaN,NaN
0.583333333333333,NaN,NaN,0.280960854092527,NaN,NaN,NaN,NaN
NaN,0.648148148148148,NaN,0.350533807829182,NaN,NaN,0.26,NaN
NaN,NaN,NaN,0.278825622775801,NaN,0.260237780713342,0.225,0.269230769230769
NaN,NaN,0.130044843049327,NaN,NaN,0.217965653896962,NaN,0.653846153846154
NaN,NaN,NaN,NaN,NaN,NaN,0.1505,NaN
NaN,NaN,NaN,NaN,NaN,NaN,0.218,NaN
NaN,NaN,NaN,NaN,NaN,NaN,0.405,0.384615384615385
NaN,0.638888888888889,NaN,0.398932384341637,NaN,NaN,NaN,NaN
NaN,NaN,NaN,NaN,NaN,NaN,NaN,0.230769230769231
0.598484848484849,0.583333333333333,NaN,NaN,0.273034087073912,NaN,NaN,NaN
NaN,NaN,NaN,NaN,NaN,NaN,NaN,NaN
NaN,0.694444444444444,NaN,NaN,NaN,NaN,NaN,NaN
NaN,NaN,0.0941704035874439,0.274377224199288,NaN,0.240422721268164,NaN,0.153846153846154
NaN,0.574074074074074,NaN,NaN,NaN,NaN,NaN,NaN
NaN,NaN,NaN,NaN,0.179210259871752,NaN,NaN,NaN
NaN,0.675925925925926,NaN,NaN,0.255484306446169,0.282034346103038,NaN,NaN
NaN,NaN,NaN,NaN,NaN,NaN,NaN,NaN
NaN,NaN,NaN,NaN,NaN,NaN,NaN,0.153846153846154
NaN,0.611111111111111,NaN,0.291637010676157,0.211609854876814,NaN,NaN,NaN
NaN,0.648148148148148,NaN,NaN,0.329058386770165,NaN,NaN,NaN
NaN,NaN,NaN,0.142170818505338,NaN,0.104359313077939,0.125,NaN
0.666666666666667,NaN,NaN,0.341459074733096,NaN,NaN,NaN,NaN
NaN,0.703703703703704,NaN,NaN,NaN,NaN,NaN,NaN
NaN,NaN,0.112107623318386,NaN,NaN,NaN,NaN,NaN
NaN,NaN,NaN,0.301067615658363,0.247046911913601,0.28335535006605,0.25,NaN
NaN,NaN,0.0807174887892377,0.227758007117438,NaN,NaN,NaN,NaN
NaN,0.453703703703704,NaN,0.183629893238434,0.179547755653054,NaN,NaN,NaN
0.757575757575758,NaN,NaN,NaN,NaN,NaN,NaN,NaN
NaN,NaN,NaN,NaN,NaN,NaN,NaN,NaN
0.636363636363636,NaN,0.134529147982063,NaN,0.197097536280796,NaN,0.435,NaN
NaN,NaN,NaN,NaN,0.441444481943976,0.316380449141347,NaN,0.307692307692308
NaN,0.398148148148148,0.0896860986547085,NaN,NaN,NaN,NaN,0.192307692307692
NaN,NaN,0.139013452914798,NaN,NaN,NaN,NaN,0.230769230769231
NaN,0.768518518518518,0.147982062780269,NaN,NaN,NaN,NaN,0.269230769230769
0.477272727272727,NaN,0.0896860986547085,NaN,0.109348633142086,0.0957727873183619,NaN,0.192307692307692
NaN,NaN,NaN,0.315836298932384,NaN,0.266182298546896,NaN,0.230769230769231
NaN,NaN,NaN,0.440213523131673,NaN,NaN,NaN,NaN
NaN,NaN,NaN,NaN,NaN,NaN,NaN,0.461538461538462
0.477272727272727,0.5,0.116591928251121,NaN,NaN,NaN,NaN,NaN
NaN,NaN,0.125560538116592,NaN,NaN,0.3778071334214,NaN,NaN
NaN,NaN,NaN,NaN,NaN,NaN,0.29,0.230769230769231
0.810606060606061,0.833333333333333,NaN,NaN,NaN,NaN,0.465,0.538461538461539
NaN,NaN,NaN,NaN,NaN,NaN,NaN,NaN
0.303030303030303,0.287037037037037,NaN,NaN,0.0293621329733378,0.0501981505944518,NaN,0.192307692307692
NaN,0.62962962962963,NaN,0.332562277580071,NaN,NaN,NaN,NaN
0.696969696969697,NaN,NaN,NaN,NaN,0.312417437252312,NaN,0.269230769230769
NaN,NaN,NaN,NaN,NaN,NaN,NaN,NaN
NaN,NaN,NaN,0.152313167259786,NaN,NaN,NaN,NaN
0.0606060606060606,0.0648148148148148,NaN,0.00587188612099644,0.00236247046911914,NaN,NaN,NaN
0.787878787878788,NaN,NaN,NaN,NaN,0.486129458388375,0.469,NaN
NaN,0.62962962962963,NaN,NaN,NaN,NaN,NaN,NaN
NaN,NaN,NaN,NaN,NaN,NaN,NaN,0.269230769230769
NaN,NaN,NaN,NaN,NaN,NaN,NaN,NaN
0.757575757575758,0.768518518518518,NaN,0.478291814946619,NaN,NaN,NaN,0.269230769230769
NaN,NaN,0.125560538116592,0.398754448398576,NaN,NaN,NaN,NaN
0.704545454545455,NaN,NaN,NaN,NaN,0.277410832232497,NaN,0.307692307692308
NaN,0.777777777777778,NaN,NaN,NaN,0.321664464993395,0.411,NaN
0.795454545454546,0.814814814814815,NaN,0.637544483985765,NaN,NaN,NaN,NaN
NaN,NaN,NaN,NaN,0.311508606142423,0.3110964332893,NaN,NaN
0.681818181818182,NaN,NaN,0.413523131672598,NaN,NaN,NaN,NaN
NaN,0.592592592592593,NaN,NaN,NaN,NaN,NaN,0.230769230769231
0.522727272727273,0.546296296296296,0.112107623318386,NaN,NaN,NaN,NaN,NaN
0.757575757575758,0.648148148148148,NaN,0.526156583629893,NaN,NaN,NaN,NaN
NaN,0.518518518518518,NaN,NaN,NaN,NaN,NaN,0.230769230769231
NaN,NaN,NaN,NaN,0.308471144110699,NaN,NaN,NaN
0.825757575757576,NaN,NaN,NaN,NaN,NaN,0.3635,NaN
NaN,NaN,0.0807174887892377,NaN,0.15558555518056,NaN,NaN,NaN
0.787878787878788,0.824074074074074,NaN,NaN,NaN,NaN,NaN,0.692307692307692
0.848484848484849,NaN,NaN,0.777224199288256,NaN,NaN,NaN,NaN
NaN,NaN,NaN,NaN,NaN,0.476882430647292,0.475,0.307692307692308
NaN,NaN,NaN,0.631850533807829,0.490381370232872,NaN,0.535,NaN
NaN,0.472222222222222,0.0941704035874439,NaN,NaN,NaN,0.141,0.192307692307692
NaN,0.601851851851852,NaN,NaN,NaN,NaN,NaN,NaN
NaN,0.759259259259259,NaN,NaN,0.322645966925413,0.459709379128137,NaN,NaN
NaN,0.518518518518518,NaN,NaN,NaN,NaN,0.19,NaN
NaN,NaN,NaN,NaN,NaN,NaN,0.13,NaN
NaN,NaN,NaN,0.448220640569395,NaN,0.396301188903567,NaN,NaN
NaN,0.796296296296296,NaN,NaN,NaN,NaN,NaN,NaN
NaN,0.0925925925925926,NaN,0.0138790035587189,0.0134998312521093,0.00858652575957728,NaN,0.0384615384615385
0.636363636363636,0.675925925925926,NaN,0.390925266903915,NaN,NaN,NaN,NaN
NaN,NaN,NaN,0.404804270462633,NaN,0.387054161162483,NaN,0.423076923076923
0.712121212121212,0.675925925925926,0.143497757847534,NaN,NaN,NaN,NaN,NaN
NaN,NaN,NaN,0.488790035587189,NaN,NaN,NaN,0.269230769230769
NaN,NaN,NaN,NaN,NaN,0.237120211360634,0.315,NaN
NaN,0.814814814814815,NaN,0.625266903914591,NaN,NaN,0.485,0.307692307692308
NaN,NaN,NaN,NaN,NaN,NaN,NaN,NaN
0.636363636363636,NaN,NaN,0.306405693950178,NaN,NaN,0.223,0.192307692307692
NaN,0.638888888888889,0.10762331838565,NaN,0.268984137698279,NaN,NaN,NaN
NaN,0.537037037037037,NaN,0.196975088967972,NaN,NaN,NaN,NaN
NaN,0.675925925925926,NaN,NaN,NaN,NaN,NaN,NaN
0.734848484848485,0.759259259259259,NaN,0.495195729537367,NaN,NaN,0.45,NaN
0.71969696969697,NaN,NaN,0.375978647686833,0.287883901451232,NaN,0.31,NaN
NaN,NaN,NaN,0.18914590747331,0.14073574080324,NaN,NaN,0.269230769230769
NaN,NaN,NaN,NaN,0.760377995275059,0.612285336856011,0.491,NaN
NaN,NaN,0.0896860986547085,NaN,0.0995612554843064,NaN,NaN,NaN
NaN,0.768518518518518,0.143497757847534,NaN,0.4073574080324,NaN,0.44,NaN
NaN,NaN,0.0448430493273543,NaN,NaN,NaN,0.065,0.269230769230769
NaN,NaN,NaN,0.161921708185053,NaN,NaN,0.1335,NaN
NaN,0.5,NaN,NaN,NaN,NaN,NaN,NaN
NaN,0.555555555555555,NaN,0.242170818505338,NaN,NaN,0.26,NaN
NaN,NaN,NaN,NaN,NaN,NaN,NaN,0.576923076923077
NaN,NaN,NaN,NaN,NaN,NaN,NaN,NaN
NaN,NaN,0.143497757847534,NaN,NaN,NaN,NaN,0.269230769230769
NaN,NaN,0.112107623318386,NaN,NaN,NaN,NaN,NaN
NaN,0.592592592592593,NaN,NaN,NaN,NaN,NaN,NaN
0.53030303030303,NaN,NaN,NaN,NaN,0.232496697490092,0.195,NaN
NaN,0.805555555555556,NaN,0.551779359430605,NaN,NaN,NaN,NaN
0.666666666666667,NaN,NaN,0.364590747330961,0.300708741140736,NaN,0.283,NaN
NaN,NaN,NaN,0.359964412811388,NaN,0.276089828269485,0.245,NaN
NaN,0.675925925925926,NaN,NaN,NaN,NaN,NaN,0.269230769230769
NaN,NaN,NaN,NaN,NaN,0.287318361955086,NaN,NaN
NaN,NaN,NaN,NaN,0.322983462706716,NaN,NaN,NaN
0.704545454545455,NaN,NaN,0.427935943060498,NaN,NaN,NaN,NaN
0.454545454545455,0.425925925925926,0.10762331838565,NaN,NaN,NaN,0.115,0.230769230769231
0.909090909090909,0.953703703703704,0.174887892376682,NaN,0.803239959500506,NaN,NaN,0.307692307692308
NaN,NaN,0.121076233183857,NaN,NaN,NaN,NaN,0.230769230769231
NaN,NaN,NaN,NaN,0.29260884238947,NaN,NaN,0.192307692307692
NaN,NaN,NaN,0.668149466192171,0.631454606817415,NaN,NaN,NaN
NaN,0.657407407407407,NaN,NaN,NaN,0.400924702774108,NaN,NaN
NaN,0.666666666666667,NaN,0.314768683274021,NaN,0.247688243064729,0.245,NaN
0.53030303030303,0.675925925925926,0.130044843049327,NaN,NaN,NaN,NaN,NaN
0.598484848484849,0.592592592592593,NaN,NaN,0.173472831589605,0.157199471598415,NaN,NaN
0.484848484848485,NaN,NaN,0.200177935943061,NaN,0.154557463672391,NaN,0.192307692307692
NaN,NaN,NaN,NaN,NaN,NaN,NaN,NaN
NaN,NaN,0.165919282511211,NaN,0.605467431657104,NaN,0.5165,NaN
0.462121212121212,NaN,NaN,0.211743772241993,NaN,NaN,0.23,NaN
NaN,NaN,0.0941704035874439,0.200711743772242,NaN,0.295904887714663,0.135,NaN
NaN,0.694444444444444,NaN,NaN,0.39014512318596,NaN,0.396,NaN
0.696969696969697,NaN,NaN,0.428291814946619,NaN,0.295904887714663,NaN,0.269230769230769
NaN,NaN,NaN,NaN,NaN,NaN,NaN,NaN
NaN,NaN,0.165919282511211,0.743772241992883,NaN,NaN,0.489,NaN
NaN,NaN,NaN,NaN,NaN,NaN,NaN,NaN
0.71969696969697,NaN,NaN,NaN,NaN,NaN,NaN,NaN
NaN,NaN,0.143497757847534,NaN,NaN,NaN,0.331,NaN
0.643939393939394,NaN,NaN,NaN,NaN,0.28996036988111,NaN,NaN
0.75,NaN,NaN,0.528113879003559,NaN,0.525099075297226,NaN,0.423076923076923
NaN,0.731481481481481,NaN,NaN,0.291596355045562,NaN,NaN,NaN
NaN,NaN,0.134529147982063,NaN,NaN,NaN,NaN,NaN
0.666666666666667,NaN,NaN,0.46797153024911,NaN,NaN,NaN,NaN
NaN,0.518518518518518,0.0986547085201794,NaN,0.163347958150523,0.150594451783355,NaN,0.115384615384615
NaN,0.62962962962963,NaN,NaN,NaN,NaN,NaN,NaN
NaN,0.361111111111111,NaN,NaN,0.0941613229834627,NaN,NaN,NaN
NaN,0.685185185185185,NaN,NaN,0.338508268646642,0.313077939233818,0.335,NaN
NaN,0.759259259259259,NaN,NaN,0.462031724603442,NaN,NaN,NaN
0.689393939393939,NaN,NaN,NaN,NaN,0.293923381770145,NaN,NaN
NaN,NaN,NaN,0.19626334519573,0.113061086736416,NaN,NaN,0.346153846153846
NaN,NaN,NaN,NaN,NaN,NaN,NaN,NaN
NaN,NaN,0.112107623318386,NaN,NaN,NaN,NaN,0.384615384615385
NaN,0.592592592592593,NaN,NaN,NaN,NaN,NaN,NaN
NaN,NaN,NaN,0.36085409252669,NaN,NaN,0.33,0.346153846153846
NaN,NaN,NaN,0.603024911032028,NaN,NaN,0.4275,NaN
NaN,NaN,NaN,0.646619217081851,NaN,0.479524438573316,NaN,NaN
0.689393939393939,0.694444444444444,NaN,NaN,NaN,0.298546895640687,NaN,NaN
0.484848484848485,NaN,0.103139013452915,NaN,NaN,NaN,NaN,NaN
0.606060606060606,NaN,0.121076233183857,NaN,NaN,NaN,0.1915,0.230769230769231
NaN,NaN,NaN,NaN,NaN,NaN,NaN,NaN
NaN,0.87037037037037,NaN,0.670462633451957,0.451231859601755,0.627476882430647,NaN,0.384615384615385
NaN,NaN,0.143497757847534,NaN,NaN,NaN,NaN,NaN
0.742424242424243,0.740740740740741,NaN,NaN,NaN,0.328269484808454,NaN,NaN
0.606060606060606,NaN,0.134529147982063,0.339679715302491,NaN,NaN,NaN,0.538461538461539
NaN,NaN,NaN,NaN,NaN,NaN,NaN,NaN
NaN,NaN,0.134529147982063,0.305871886120996,NaN,0.233817701453104,0.295,NaN
0.598484848484849,NaN,0.10762331838565,NaN,0.239959500506244,NaN,0.265,NaN
NaN,NaN,NaN,NaN,0.0728990887613905,NaN,NaN,NaN
NaN,NaN,NaN,NaN,NaN,0.134081902245707,0.15,NaN
NaN,NaN,NaN,NaN,0.266284171447857,0.248348745046235,NaN,0.230769230769231
NaN,NaN,NaN,NaN,NaN,NaN,0.25,NaN
NaN,0.75,0.143497757847534,NaN,NaN,NaN,NaN,NaN
0.507575757575758,NaN,NaN,NaN,NaN,NaN,0.185,NaN
NaN,NaN,NaN,NaN,0.0350995612554843,NaN,NaN,0.307692307692308
NaN,NaN,NaN,NaN,0.334458319271009,0.299207397622193,0.305,0.230769230769231
NaN,NaN,NaN,NaN,NaN,NaN,NaN,NaN
NaN,NaN,0.143497757847534,0.376334519572954,NaN,0.305812417437252,NaN,0.615384615384615
NaN,NaN,0.143497757847534,NaN,NaN,NaN,NaN,NaN
NaN,0.833333333333333,0.161434977578475,0.627046263345196,0.576780290246372,NaN,NaN,NaN
NaN,NaN,NaN,NaN,0.461356733040837,0.482166446499339,0.345,0.384615384615385
NaN,NaN,NaN,NaN,NaN,0.498018494055482,0.426,NaN
NaN,NaN,NaN,NaN,0.14073574080324,NaN,0.229,NaN
NaN,0.481481481481481,NaN,NaN,NaN,0.182959048877147,0.17,NaN
NaN,0.416666666666667,0.112107623318386,NaN,NaN,NaN,NaN,NaN
NaN,0.712962962962963,0.121076233183857,NaN,NaN,0.315719947159841,0.305,0.307692307692308
0.431818181818182,NaN,NaN,0.154982206405694,NaN,NaN,0.125,NaN
NaN,NaN,0.0762331838565023,NaN,NaN,NaN,NaN,NaN
0.628787878787879,0.601851851851852,NaN,0.313523131672598,NaN,NaN,NaN,0.230769230769231
NaN,NaN,NaN,0.526868327402135,NaN,0.367899603698811,NaN,0.538461538461539
NaN,NaN,0.143497757847534,0.335053380782918,NaN,NaN,NaN,NaN
NaN,NaN,0.10762331838565,NaN,NaN,NaN,NaN,0.769230769230769
NaN,NaN,0.0986547085201794,NaN,NaN,0.135402906208719,NaN,NaN
NaN,0.490740740740741,NaN,NaN,NaN,NaN,NaN,0.115384615384615
0.742424242424243,0.712962962962963,0.15695067264574,0.542170818505338,0.408369895376308,NaN,NaN,NaN
NaN,NaN,NaN,NaN,NaN,NaN,NaN,NaN
NaN,NaN,NaN,NaN,NaN,NaN,NaN,0.230769230769231
0.916666666666667,NaN,0.15695067264574,NaN,NaN,NaN,0.555,NaN
0.659090909090909,0.638888888888889,0.121076233183857,NaN,NaN,0.267503302509908,NaN,NaN
0.712121212121212,NaN,NaN,NaN,0.376982787715154,NaN,0.3325,0.269230769230769
NaN,NaN,0.152466367713004,NaN,NaN,NaN,0.47,NaN
NaN,NaN,0.130044843049327,NaN,NaN,0.203434610303831,0.2835,NaN
NaN,0.537037037037037,0.0941704035874439,NaN,0.229834627067162,0.142007926023778,NaN,0.269230769230769
0.507575757575758,NaN,NaN,0.181850533807829,NaN,NaN,NaN,NaN
NaN,NaN,NaN,0.455160142348754,0.446506918663517,0.340158520475561,NaN,NaN
NaN,NaN,0.15695067264574,NaN,NaN,NaN,0.435,NaN
0.651515151515151,NaN,NaN,NaN,NaN,0.1889035667107,0.19,NaN
NaN,NaN,NaN,0.118505338078292,0.09382382720216,NaN,NaN,0.230769230769231
NaN,NaN,NaN,NaN,NaN,0.214663143989432,NaN,NaN
NaN,NaN,NaN,NaN,NaN,NaN,NaN,NaN
NaN,NaN,0.125560538116592,0.442526690391459,0.272696591292609,NaN,NaN,NaN
NaN,NaN,0.170403587443946,0.748576512455516,NaN,0.680977542932629,0.477,0.346153846153846
0.712121212121212,NaN,NaN,NaN,0.30610867364158,0.252972258916777,0.335,0.230769230769231
NaN,NaN,NaN,NaN,0.453256834289571,NaN,NaN,0.307692307692308
NaN,NaN,NaN,NaN,0.336145798177523,NaN,NaN,NaN
NaN,NaN,0.147982062780269,NaN,0.292946338170773,0.301849405548217,0.382,NaN
NaN,NaN,NaN,NaN,0.132298346270672,NaN,0.2065,NaN
0.492424242424242,NaN,0.0807174887892377,NaN,NaN,NaN,NaN,NaN
NaN,NaN,NaN,0.193772241992883,NaN,NaN,NaN,NaN
NaN,NaN,NaN,0.487366548042705,NaN,NaN,NaN,NaN
NaN,NaN,0.139013452914798,NaN,NaN,0.218626155878468,0.305,NaN
0.712121212121212,NaN,0.134529147982063,0.452846975088968,NaN,NaN,NaN,NaN
NaN,NaN,NaN,NaN,NaN,NaN,NaN,NaN
NaN,0.861111111111111,NaN,NaN,0.611879851501856,NaN,NaN,NaN
NaN,NaN,NaN,NaN,NaN,NaN,0.0975,NaN
NaN,NaN,NaN,NaN,NaN,NaN,NaN,NaN
0.522727272727273,0.490740740740741,0.103139013452915,NaN,NaN,NaN,NaN,0.423076923076923
NaN,NaN,NaN,NaN,NaN,NaN,NaN,0.269230769230769
NaN,0.712962962962963,NaN,0.388967971530249,NaN,NaN,NaN,NaN
NaN,NaN,0.116591928251121,NaN,NaN,NaN,NaN,NaN
NaN,NaN,NaN,NaN,NaN,NaN,NaN,NaN
NaN,NaN,0.0986547085201794,0.341281138790036,0.233884576442794,NaN,NaN,0.384615384615385
NaN,NaN,NaN,NaN,NaN,0.389696169088507,0.365,0.346153846153846
NaN,NaN,NaN,NaN,NaN,NaN,NaN,NaN
0.833333333333333,NaN,0.448430493273543,NaN,0.74316571042862,0.638705416116248,NaN,NaN
NaN,NaN,NaN,NaN,0.410394870064124,NaN,0.385,NaN
NaN,0.861111111111111,0.139013452914798,0.46067615658363,NaN,NaN,0.415,NaN
NaN,NaN,NaN,0.577224199288256,NaN,NaN,NaN,NaN
NaN,NaN,0.15695067264574,NaN,NaN,0.468295904887715,0.366,NaN
0.93939393939394,NaN,NaN,0.983629893238434,NaN,NaN,NaN,0.346153846153846
NaN,NaN,NaN,NaN,NaN,NaN,NaN,NaN
NaN,NaN,NaN,NaN,NaN,0.126816380449141,0.11,NaN
NaN,0.462962962962963,NaN,NaN,NaN,NaN,0.14,NaN
NaN,NaN,NaN,NaN,0.445831927100911,NaN,0.3065,NaN
NaN,NaN,NaN,NaN,0.367195410057374,NaN,NaN,0.269230769230769
NaN,NaN,0.112107623318386,NaN,0.260884238947013,0.295904887714663,0.195,NaN
NaN,0.537037037037037,NaN,NaN,NaN,0.167107001321004,NaN,NaN
0.613636363636364,0.62962962962963,NaN,NaN,NaN,NaN,NaN,NaN
NaN,NaN,NaN,0.355516014234875,NaN,NaN,NaN,NaN
