0.0204722570889409,-0.0033643161740767,-0.00161611487901487,-0.00052266044369379,-0.000727571781496277,0.0244464953047313,-0.00829878008333775,7.56937596337148e-05,-0.00407284165813605,0.0216122209271
-0.0033643161740767,0.109315351516856,0.0988340133078253,0.0672384598934919,0.0823225311286523,0.0308515539164906,0.0646379034990815,0.0902048665062834,0.0756747390002595,0.0362712549509185
-0.00161611487901487,0.0988340133078253,0.112658913043268,0.0850035060783017,0.113519408270396,0.0456126596955418,0.112301666484878,0.08912268961143,0.0815876621249242,0.0499118417573896
-0.00052266044369379,0.0672384598934919,0.0850035060783017,0.0911958479626697,0.0961166753231942,0.0450668255373684,0.103630228843803,0.0626869881853268,0.096529783159876,0.0262295291021077
-0.000727571781496277,0.0823225311286523,0.113519408270396,0.0961166753231942,0.129605340125607,0.0541599375925385,0.14423991999402,0.0786398004089718,0.0857140487708766,0.0528611366948821
0.0244464953047313,0.0308515539164906,0.0456126596955418,0.0450668255373684,0.0541599375925385,0.0553506520611238,0.0519933051517846,0.0318457022698375,0.0389677427299977,0.0449298545100516
-0.00829878008333775,0.0646379034990815,0.112301666484878,0.103630228843803,0.14423991999402,0.0519933051517846,0.18549768768344,0.0573231908724759,0.0846856378945563,0.0463614860085559
7.56937596337148e-05,0.0902048665062834,0.08912268961143,0.0626869881853268,0.0786398004089718,0.0318457022698375,0.0573231908724759,0.0929526255291752,0.0698541794124775,0.0386957020828286
-0.00407284165813605,0.0756747390002595,0.0815876621249242,0.096529783159876,0.0857140487708766,0.0389677427299977,0.0846856378945563,0.0698541794124775,0.115524000775362,0.0113343651018307
0.0216122209271,0.0362712549509185,0.0499118417573896,0.0262295291021077,0.0528611366948821,0.0449298545100516,0.0463614860085559,0.0386957020828286,0.0113343651018307,0.0564391738483847
