0.219781356794748,0.0144232005046167,-0.00409173056306664,-0.00852675886128629,-0.00176747070013037,-0.00107657010360382,0.00419360907402235,0.00124920535939189,-0.0113214640196175,0.0021376923651275,0.018860625500837,-0.00379313946375407,0.00219351075370538,-0.000159545751381199
0.0144232005046167,0.0345829346541198,0.00519997622678526,0.00759630742268578,0.000384610265748485,0.00570433457145106,0.00852950555221082,0.02148348742705,0.00462894506560063,0.00181578916581938,-0.00116420685463627,0.0025149591746097,-0.00198766394916064,0.00139776932299712
-0.00409173056306664,0.00519997622678526,0.0356705772091506,0.00798488976687559,0.0031417809815134,0.014561087723047,0.00534952538224442,0.0179932233277091,0.0182374591473282,0.00325550375971493,0.000531038634205725,0.00358805685199166,-0.00153920525705296,0.000370806388128339
-0.00852675886128629,0.00759630742268578,0.00798488976687559,0.0455859142584938,0.00239376266660408,0.00766690924898443,0.00369645818380682,0.0156989814724981,0.0125900240938692,0.00494453719628442,0.0093836479809806,1.9395918989016e-05,0.000853210357612688,0.000598204280315272
-0.00176747070013037,0.000384610265748485,0.0031417809815134,0.00239376266660408,0.0725363984384375,0.0311877479155945,-0.00133844199343909,0.0453075534242505,0.0440137522456198,0.00504047063522938,-0.0236492862691863,0.00299410104716218,0.0011109834945211,0.00127449744805168
-0.00107657010360382,0.00570433457145106,0.014561087723047,0.00766690924898443,0.0311877479155945,0.0657519886453804,0.00575654886182413,0.0489353550480252,0.0289408029612698,0.00434538447031429,0.0089934438889484,-0.00018721079393607,-0.00017205375825157,0.00147378371904429
0.00419360907402235,0.00852950555221082,0.00534952538224442,0.00369645818380682,-0.00133844199343909,0.00575654886182413,0.0132014806911702,0.0200912452708436,0.0127213076669974,-0.000243089851386601,0.0125932608493871,0.000116437907393873,-0.000842765393564372,0.000893320372835924
0.00124920535939189,0.02148348742705,0.0179932233277091,0.0156989814724981,0.0453075534242505,0.0489353550480252,0.0200912452708436,0.263902568386343,0.128287652394704,0.0201158832298429,0.0299486030753963,0.00318274051260555,-0.00186275437244188,0.00312232302941115
-0.0113214640196175,0.00462894506560063,0.0182374591473282,0.0125900240938692,0.0440137522456198,0.0289408029612698,0.0127213076669974,0.128287652394704,0.31482239929509,0.039570668845036,0.0388828757089184,0.0132825794693639,-0.00485613731312864,0.00115101396776596
0.0021376923651275,0.00181578916581938,0.00325550375971493,0.00494453719628442,0.00504047063522938,0.00434538447031429,-0.000243089851386601,0.0201158832298429,0.039570668845036,0.00857077448385252,0.00654014877480644,0.0011778488192435,-5.00651174283875e-05,0.000131512389715085
0.018860625500837,-0.00116420685463627,0.000531038634205725,0.0093836479809806,-0.0236492862691863,0.0089934438889484,0.0125932608493871,0.0299486030753963,0.0388828757089184,0.00654014877480644,0.252635100347231,-0.00341027605799488,0.00950889681384911,-0.000576276395789333
-0.00379313946375407,0.0025149591746097,0.00358805685199166,1.9395918989016e-05,0.00299410104716218,-0.00018721079393607,0.000116437907393873,0.00318274051260555,0.0132825794693639,0.0011778488192435,-0.00341027605799488,0.0225758885425339,-0.000932266447505553,0.000378301916170169
0.00219351075370538,-0.00198766394916064,-0.00153920525705296,0.000853210357612688,0.0011109834945211,-0.00017205375825157,-0.000842765393564372,-0.00186275437244188,-0.00485613731312864,-5.00651174283875e-05,0.00950889681384911,-0.000932266447505553,0.00668470890235747,0.000158950964444421
-0.000159545751381199,0.00139776932299712,0.000370806388128339,0.000598204280315272,0.00127449744805168,0.00147378371904429,0.000893320372835924,0.00312232302941115,0.00115101396776596,0.000131512389715085,-0.000576276395789333,0.000378301916170169,0.000158950964444421,0.00206751185190479
