0.204889188679245
38.9844817307268
40.8696779903257
0.105990397959184
65.0873015551936
0.228439755555556
0.311123888888889
80.5592203336359
0.225816375
60.7934820598199
0.245546798245614
0.3396288625
94.9151247113807
91.3680411224721
70.0605436618087
0.384427960784314
122.197600413268
0.459516196078431
126.375290472999
0.542034566666666
0.598949821428571
0.6570585
0.634850416666667
74.2201917540048
98.1715231274707
0.744527981132076
91.3244443012958
79.1646468885712
0.718329268292683
95.1588983236169
85.5820306761272
102.500459190122
72.0244520236987
0.351221089285714
91.125104145744
101.896526627929
102.178144751028
61.4945096438923
96.9799750002906
0.315617083333333
81.9890194758528
91.6437920887166
61.6088718375498
77.2634214483503
0.265966761904762
74.61769858529
67.346076212815
71.9834886929266
68.1161522709375
0.267024181818182
0.15171364
72.493230731291
0.24359102173913
0.302350461538461
0.189342607142857
0.195631574074074
42.1105692782747
32.9391927890892
0.2125069
0.11635122
