0.224253035087719
40.8492815551396
23.775855555771
26.7922557000649
0.19450065
30.5420513176363
30.9341376604908
47.1936597314929
37.7013052060209
0.3059636
30.4057713614669
34.4986033360542
30.0876019262049
22.5860760285819
58.2084123136696
58.7459830782776
61.6747911045235
0.444635387096774
63.7600189950223
51.4567217063435
49.3908256335908
51.8030329388686
56.6987151156001
48.4939261326493
52.9350408036185
0.653946367647059
37.7416051239982
39.996767839008
0.612760272727273
47.5420688814279
46.3799831613666
54.0154553705144
0.389053246268657
43.0364442424952
35.465165586768
47.9094855145193
26.4907302402616
65.1224914446354
55.5572477344482
37.3138761984423
0.318377047619047
38.608309966302
31.226078369463
41.573818435854
35.5219583018158
48.4088181922045
34.0768785732188
50.5848384820547
41.0740305784161
35.9510616255061
25.6926379482152
16.3859926310077
30.1829110313616
52.6521258835139
44.1275071490919
37.5583533967559
0.235626014925373
33.9967965146402
44.0156072395806
13.5407519675955
