NaN,0.048436,0.086071,0.1669,NaN,0.38592,0.31358,0.25888,0.30268,NaN,0.36382,0.39933,0.45444,0.41394,0.51901,0.60299,0.71361,NaN,0.76078,0.79645,0.89408,0.92301,0.93271,0.98494,0.97705,NaN,0.98907,0.9049,NaN,0.5481,0.43455,0.37239,NaN,0.078749,0.027104,0.13367,0.24087,0.17375,0.13104,0.23039,NaN,0.27314,0.32601,0.18861,0.095678,0.13234,0.27019,0.33783,0.23372,0.23394,0.13944,0.027104,0.16364,0.40936,0.013605,0.33077,NaN,0.55149,0.20937,0.15704
NaN,1,1,1,1,0.45391,0.49242,0,0.27454,NaN,NaN,0.29645,0.42493,0.31236,0.36403,0.38612,0.4183,0.44623,0.50084,0.32952,0.18244,0.17933,0.39992,NaN,0.49488,0.20652,0.38681,0.58316,NaN,0.37978,0.35226,0.22141,0.040534,0.12984,0.2734,0.45333,NaN,0.3108,0.3618,0.4427,0.37556,0.32418,0.21376,0.25135,0.39963,0.30801,0.34788,0.44924,0.33569,0.23394,0.15538,0.50499,0.53247,NaN,0.39456,NaN,0.29261,NaN,0.4876,NaN
0.23156,0.090013,0.12188,0.13528,0.27669,0.37087,NaN,0.34179,0.36384,0.36594,0.39232,0.42863,0.30661,0.18501,0.17785,0.26929,0.42213,0.57891,NaN,0.55522,0.42443,0.46723,0.53862,0.51655,0.70441,1,0.9542,0.59757,0.50406,0.36082,NaN,0.16266,0.17946,NaN,0.1569,0.13589,0.14137,0.28138,0.34546,0.47102,0.40521,0.33663,0.16009,0.12278,0.17074,0.11314,NaN,NaN,NaN,0.1503,0.10359,0.12411,0.37922,0.14327,0.020408,0.12564,0.036932,NaN,NaN,NaN
0.050885,0.063009,0.09067,0.088921,NaN,NaN,0.10308,0.044984,0.091367,0.23452,0.23834,0.13643,0.21578,0.055791,0.21547,0.50468,NaN,NaN,0.60257,NaN,0.33948,0.24568,0.34047,0.72964,0.86404,NaN,0.76594,0.77995,NaN,0.32193,0.33264,0.38879,0.30379,0.15697,NaN,0.31401,NaN,0.069149,0.1381,0.19532,NaN,0.10708,0.11069,0.12252,0.14018,NaN,0.077146,NaN,0.053509,0.21697,0.055777,0.32525,0.28312,0.36842,0.2517,NaN,0.15625,NaN,0.19559,NaN
0.056047,0.088727,0.062746,NaN,NaN,0.18624,0.25352,NaN,0.098919,0.10353,0.1829,0.09701,0.017993,NaN,0.29471,0.19031,0.094809,0.13299,0.12276,0.15357,0.1895,0.4336,0.64332,0.68579,0.76055,0.8024,0.68999,0.74887,0.7429,0.61511,0.47564,0.32847,0.51234,0.90397,0.85404,0.66915,0.3384,0.28772,0.24573,0.27026,0.27585,NaN,0.56666,0.31693,0.10776,NaN,0.14433,NaN,NaN,0.18788,0.2988,NaN,NaN,0.26901,0.045351,0.23846,0.26989,0.091533,NaN,NaN
0.47861,0.24389,0.27168,0.074655,0.099163,0.17979,0.19968,0.23705,NaN,NaN,NaN,0.57049,0.49849,0.17645,0.28177,0.39457,0.56865,0.6667,0.58826,0.4497,0.28815,0.18342,0.16096,0.14824,NaN,0.19991,0.26295,0.44988,0.6946,0.7309,0.81461,0.85116,0.65505,0.7133,0.73816,0.81542,0.93604,1,NaN,0.75643,0.74615,0.71331,0.59718,0.46882,NaN,0.16676,0.23651,NaN,0.29177,0.28485,NaN,0.18973,0.48052,0.096491,0.068027,0.05641,0.059659,0.36384,0.29752,0.16859
NaN,0.071582,0.09067,0.057775,NaN,0.15802,0.14692,0.23109,NaN,0.432,0.6376,0.73315,NaN,0.3266,NaN,NaN,NaN,0.3654,0.37808,0.46554,NaN,NaN,NaN,NaN,0.99303,0.90759,0.81479,0.68681,NaN,NaN,0.22234,0.39991,0.38612,0.32814,0.12499,0.18579,0.31238,0.31028,0.55998,0.58693,0.33248,0.047863,0.40489,0.43636,0.58715,0.49904,0.37468,0.25726,0.30288,0.32364,0.1245,0.045649,0.34026,0.37135,NaN,NaN,NaN,0.27231,0.31129,0.14319
0.3149,0.20189,NaN,0.12435,0.053513,0.1548,0.44129,0.31643,0.13313,NaN,0.11626,0.31345,0.26242,0.19253,0.10813,0.19072,NaN,0.65527,0.8259,0.81293,0.791,0.89592,0.9644,0.84786,0.6543,NaN,NaN,0.55424,0.56636,NaN,0.76839,0.80836,0.49438,NaN,NaN,0.55333,0.1077,NaN,0.44697,0.45893,0.25431,0.17216,0.45118,0.34257,0.13421,0.18788,NaN,0.12459,0.36295,0.77212,0.20916,0.2796,0.54805,0.3655,0.11111,0.17692,0.21875,0.23341,0.15978,0.22864
0.15929,0.13245,0.05092,NaN,0.086989,0.0037625,0.051407,0.16538,0.33911,NaN,0.27733,0.18816,0.22283,0.29143,0.43625,NaN,0.6705,0.60145,0.66369,0.83251,0.99167,1,NaN,0.5314,0.38033,0.46899,0.54302,0.28386,0.17624,NaN,0.19662,0.35273,0.38958,0.23169,0.1661,0.37097,0.43516,0.33722,NaN,NaN,0.079444,0.27875,0.25747,0.14172,0.097242,NaN,0.12206,0.2351,0.22968,0.29818,NaN,0.1669,0.08052,NaN,NaN,0.28205,0.1392,0.20137,0.019284,0.19861
0.17552,0.34376,NaN,0.044222,0.42024,NaN,1,0.77795,NaN,0.29801,0.33518,0.43772,0.77703,0.68506,0.79366,0.71138,NaN,0.16966,NaN,0.38988,0.50253,0.33432,0.091873,0.53417,0.62479,0.74799,NaN,0.7957,0.80448,0.81996,NaN,0.52179,NaN,NaN,0.49719,0.4745,0.10988,0.19923,0.2549,0.40479,0.29797,0.13419,NaN,0.16671,0.12923,0.10971,0.10268,0.059299,0.057547,NaN,0.084662,0.24251,0.17662,0.20175,0.072562,0.28718,0.085228,0.08238,0.22039,0.10855
NaN,NaN,0.13831,NaN,0.091554,0.06638,0.094967,0.086218,0.18407,0.18047,0.24628,NaN,0.27753,0.12076,0.071321,0.13953,0.28007,0.38868,NaN,NaN,NaN,NaN,NaN,0.69409,0.77029,0.90495,0.99622,1,0.88647,NaN,0.24251,0.15075,0.23438,0.49189,0.71198,0.81946,0.78559,NaN,NaN,0.36656,0.36456,0.38156,0.45571,0.4714,0.40461,0.23505,NaN,0.090745,0.1474,0.14061,0.023904,NaN,0.24675,0.023392,NaN,NaN,0.022728,0.01373,NaN,0.046189
0.081859,0.21989,0.19908,0.10937,0.25488,0.66783,0.61445,0.44366,NaN,0.59645,0.3865,0.14229,0.44839,0.56038,0.69526,0.97588,1,0.92655,0.6013,NaN,0.47312,0.49208,0.69079,0.83813,0.80625,0.74557,0.80092,0.6092,0.22443,0.21114,NaN,0.71422,0.25475,0.44314,0.84954,0.71573,0.48655,0.5691,0.48724,NaN,0.027909,0.13565,NaN,0.36228,0.29542,0.09051,0.088917,0.10332,0.086825,0.34788,0.026892,0.28531,NaN,0.55263,0.27211,0.046154,0.096591,0.070938,NaN,0.16397
0.52065,0.6721,0.36038,0.24417,0.15192,NaN,0.29085,0.60397,0.19739,NaN,0.3183,0.53986,0.45933,0.13788,0.18638,0.32017,0.20029,NaN,0.14296,NaN,NaN,0.62151,0.83438,0.66766,NaN,0.57495,0.87488,0.83275,0.37794,0.47278,0.54202,0.43103,0.11099,NaN,NaN,NaN,0.57905,0.46657,0.54227,0.47015,0.5663,0.73492,0.67904,0.17508,0.60677,0.60916,0.39714,0.26954,0.60575,0.76121,0.23307,0.42939,0.31688,NaN,NaN,0.28974,0.25284,NaN,0.42975,0.28406
0.25664,NaN,0.09297,0.036139,0.34035,0.4875,0.35606,0.34355,0.24108,0.19033,0.24103,0.28107,0.38563,0.34,0.39613,0.42713,0.51653,NaN,0.68388,0.72549,NaN,NaN,0.89552,0.94181,NaN,1,0.95241,0.97375,NaN,0.70129,0.54278,0.30914,0.21506,0.18622,0.20108,0.14647,0.039361,NaN,NaN,0.23518,0.11141,0.1221,0.25514,0.21798,0.26742,0.16141,0.14107,0.14825,0.24836,0.23515,NaN,NaN,NaN,0.13158,0.20408,NaN,0.17898,NaN,NaN,0.062356
0.10546,0.099872,0.044349,0.10366,0.23358,0.35555,0.3869,0.25667,0.24019,NaN,0.29378,0.36386,0.41241,0.27978,0.22018,0.1611,0.21863,0.28312,0.3238,0.38816,0.39587,0.35947,0.42619,0.59984,NaN,NaN,0.86406,NaN,0.98123,0.70033,0.58485,0.42552,0.34432,0.32337,0.17603,0.13246,0.14422,NaN,0.13652,0.26765,NaN,NaN,0.20859,0.17199,NaN,0.16923,0.28142,0.31656,NaN,NaN,0.22211,0.1612,0.26753,NaN,0.049887,0.19231,0.088068,0.098398,NaN,0.034642
0.37979,0.37677,0.65112,0.60533,0.80091,0.57646,0.15801,0.49217,0.12957,0.089661,0.1873,NaN,0.3626,0.31886,0.42482,NaN,0.54979,NaN,0.84715,0.91802,0.91263,NaN,0.95041,0.9079,0.82961,0.67541,NaN,NaN,0.23498,0.14989,NaN,0.066277,0.10847,0.23105,0.4307,0.49829,0.44719,NaN,NaN,0.30316,0.35298,NaN,0.46968,NaN,NaN,0.17814,0.094712,0.24468,0.23675,0.13818,0.29781,0.33666,0.5039,NaN,0.17234,0.37692,0.47727,NaN,0.36639,0.11547
0.51622,0.36134,0.18791,0.038041,0.20162,0.4566,0.50947,0.40595,0.42722,0.58244,0.64909,0.73461,0.83129,0.67877,0.85686,0.97252,NaN,0.86608,0.88996,NaN,0.8925,0.81168,0.82759,0.74808,0.5792,0.50303,0.54228,0.52717,0.47068,0.40758,NaN,NaN,0.10511,0.16227,0.10289,0.15202,0.15876,0.10949,NaN,0.27375,NaN,0.14444,0.11238,0.26952,0.21311,0.092705,0.1628,NaN,0.33216,0.10424,NaN,0.20685,0.3013,0.25146,0.43084,0.097436,0.17898,0.21968,NaN,0.27252
NaN,NaN,0.061433,0.077984,0.17373,0.36066,NaN,0.3151,0.35051,0.38739,NaN,0.51495,0.53879,0.31298,0.10573,NaN,0.3209,0.52634,NaN,0.70848,NaN,0.82251,0.86193,0.7783,0.70697,0.52616,0.25496,0.44792,0.63565,0.72355,0.82692,0.90047,1,0.98824,NaN,0.38558,0.098185,0.33753,0.63093,0.87135,0.84586,0.65458,0.33803,0.22198,0.40006,0.37905,0.35947,0.44984,0.61535,0.59758,0.026892,0.098431,0.054546,0.061403,0.1746,0.041025,0.23011,0.24027,0.2259,0.062356
NaN,0.20789,NaN,0.18378,NaN,0.026337,0.25649,0.21191,0.28876,0.093522,0.20956,0.33983,0.37829,0.25255,0.32059,0.33595,0.52285,0.78296,0.90154,0.86098,0.75464,0.27993,0.37989,0.59461,0.30102,0.28208,0.59639,0.7992,NaN,0.46724,0.58289,0.70276,0.38297,0.11108,0.23156,0.46331,0.55008,0.28772,0.18638,NaN,0.15275,0.27741,0.13126,0.091858,0.087433,0.10683,0.13781,0.25307,0.29884,NaN,0.088645,0.1127,0.07013,0.35088,0.4127,NaN,0.64205,0.40961,NaN,0.073903
0.19985,0.1916,0.086071,0.027579,0.080396,0.23865,NaN,0.39206,0.30061,NaN,0.38267,NaN,NaN,0.81726,1,1,0.94902,0.8987,0.70903,0.47795,0.16463,0.38503,0.56448,NaN,NaN,0.53541,0.5156,0.35673,0.33147,0.47449,0.55564,0.49135,0.29634,0.21049,0.1211,0.27984,0.37787,NaN,0.38826,0.3463,0.2718,0.31673,0.093496,0.15949,0.16946,0.14934,NaN,0.14795,0.13327,0.098182,0.10359,0.052781,0.023377,NaN,NaN,0.21795,0.15341,0.05492,0.13774,0.12933
0.2441,0.2156,0.021025,0.043985,NaN,NaN,0.24486,0.23793,0.17074,0.19949,0.21551,0.31565,0.39773,0.2674,0.39914,NaN,NaN,NaN,0.58353,0.65208,0.69266,NaN,0.92413,0.97756,NaN,1,0.96869,0.99547,0.82092,0.57601,0.5297,0.50135,0.32017,0.14351,0.073949,0.15454,0.27039,0.31268,0.27915,0.30806,NaN,0.3199,0.26574,NaN,0.23102,NaN,0.18345,0.22282,NaN,0.060606,NaN,0.045649,0.3039,NaN,0.24036,0.25128,0.1392,0.048055,0.21488,0.057737
NaN,NaN,0.049934,0.10889,0.1722,NaN,0.33144,0.36648,0.4441,0.4413,0.37672,NaN,0.33482,0.15809,0.13863,0.29076,0.34048,0.36488,NaN,0.16727,0.1172,0.11492,0.15715,NaN,0.5667,0.7296,0.83255,0.85045,0.90219,NaN,0.9988,NaN,0.62323,0.61198,0.67628,0.7753,NaN,0.73235,0.6245,0.60904,0.47169,0.40354,0.49075,0.63772,0.62169,0.32968,0.20427,0.49536,NaN,0.27273,0.21315,0.30385,0.38182,NaN,NaN,0.048718,0.15341,NaN,0.071626,NaN
NaN,0.031719,0.056833,NaN,0.093583,0.15211,NaN,NaN,0.12202,0.11569,0.1639,0.18156,0.27393,0.23564,0.258,0.18553,0.2119,0.28665,0.37692,0.41449,0.46174,NaN,0.60093,NaN,0.82398,NaN,0.91554,0.89347,0.75132,0.65229,0.65188,0.51707,0.33456,0.22109,0.1165,0.20595,NaN,NaN,0.26291,0.21166,0.15043,0.31465,0.33001,0.2185,0.20856,NaN,0.16769,NaN,0.16406,0.31273,0.13546,0.051355,0.05974,0.032164,NaN,0.11282,0.38352,0.3135,0.07438,0.13395
NaN,0.27561,0.23719,0.25535,NaN,NaN,0.47727,0.20595,0.35318,0.47319,0.26074,0.1672,0.55391,0.55801,0.23744,0.42428,0.58077,0.56073,NaN,0.87532,0.49916,0.62918,NaN,NaN,0.77008,0.86232,0.82141,NaN,0.32752,0.61702,0.72545,0.87598,0.64895,0.53439,0.27994,0.062903,0.06768,NaN,NaN,0.37081,0.41274,0.58022,0.59511,NaN,0.7731,0.77468,0.57859,0.74394,NaN,1,0.24203,0.28816,NaN,0.66959,1,NaN,NaN,1,0.66667,0.21247
NaN,NaN,0.35611,0.2437,0.23003,0.58533,0.64881,0.8194,0.81786,0.86958,0.85694,1,NaN,0.52047,0.6468,0.68889,0.66418,0.74556,0.88733,0.8522,0.78647,0.66639,0.39525,0.34925,0.52162,0.16434,0.48209,0.84901,0.59781,0.8417,0.8752,0.52134,0.14544,0.26465,0.41004,0.29869,0.63033,0.66268,0.52751,NaN,0.49647,0.30904,0.27531,0.28627,0.30011,0.024136,0.24411,NaN,0.065624,0.12849,0.032869,NaN,0.41818,0.24854,0.39456,0.61538,0.8892,NaN,0.25895,0.16628
0.20354,0.16888,0.24836,0.17855,NaN,0.25504,0.030303,NaN,0.18051,0.14772,0.092585,0.08177,0.0097885,0.094668,NaN,NaN,0.12506,NaN,NaN,NaN,0.31176,0.12023,0.068348,0.26514,0.1291,NaN,NaN,0.74475,0.90219,0.76691,0.46692,0.23354,0.51402,0.64303,NaN,0.45282,0.6569,0.63336,0.5428,0.34161,0.22374,NaN,0,0,0,0,NaN,0,0,NaN,0,0.068474,NaN,0.56725,0.099773,0.34103,0.45739,0.17849,0.38017,NaN
0.15192,0.02529,0.048949,0.102,0.11463,0.20075,0.21077,0.39206,0.31882,NaN,0.32043,0.4027,0.35123,0.16706,0.063898,0.25483,0.40669,0.61465,0.76667,0.75235,0.79964,0.84593,0.94066,0.94365,0.96465,0.78467,0.47148,0.37834,0.37662,NaN,0.74409,0.91496,NaN,0.90238,0.65971,NaN,0.13066,0.14194,0.34113,0.55458,0.55785,0.44518,0.28967,0.10513,0.056156,0.10765,0.19051,0.30967,NaN,0.26182,0.16633,0.11555,0.11948,0.01462,0.15646,0.13846,NaN,0.15332,0.2011,0.073903
0.05826,0.25932,0.36827,0.27223,NaN,0.30234,0.66613,0.99471,0.96431,0.71014,0.434,NaN,0.40593,0.37991,0.37496,0.37309,0.093048,0.10265,0.22975,0.9131,0.97671,NaN,NaN,0.1675,0.066086,0.27778,0.25969,0.57884,0.44846,0.71599,NaN,0.26803,0.60223,0.89762,0.85895,0.9375,0.87207,0.94593,0.66941,0.47048,0.55622,0.45824,0.20134,0.18668,0.37845,0.24767,0.30768,NaN,0.56991,NaN,0.47809,0.3224,NaN,NaN,NaN,NaN,0.5625,0.37757,0.67218,0.3418
NaN,0.17017,0.099212,0.055872,0.19097,0.33324,NaN,0.13407,0.011846,NaN,0.087481,0.33836,0.18425,0.10302,0.11957,0.15337,0.11139,0.094546,0.14338,0.05137,0.1641,0,0.19466,0.23645,NaN,0.11036,NaN,0.69154,0.67786,0.62107,0.71727,0.55819,0.64307,0.90048,0.9507,NaN,0.80483,NaN,0.63884,0.71928,0.65721,0.62259,0.49166,0.29348,0.21638,0.10985,0.1456,0.22522,0.28571,0.21212,0.057769,0.1184,0.4026,0.4386,NaN,0.16923,0.375,0.14645,NaN,0.14319
0.2087,0.26104,0.20861,0.20518,0.39259,0.58909,0.57982,0.43616,0.20495,0.10568,NaN,0.49956,0.37325,NaN,0.3216,0.42469,NaN,0.43429,0.40543,0.61826,0.36046,0.18096,0.31546,NaN,0.93555,0.40742,NaN,0.6514,0.79992,NaN,NaN,0.73669,NaN,0.91966,NaN,0.71099,NaN,NaN,0.27809,NaN,NaN,0.34701,0.06802,NaN,0.22079,0.22394,0.22673,NaN,0.22817,0.077576,0.15339,0.032811,0.38442,0.17836,NaN,NaN,0.4233,0.10526,NaN,0.15473
0.10988,0.26618,0.23752,0.13077,NaN,0.25423,0.35308,0.12988,0.21427,NaN,0.21296,0.35829,0.23089,0.078993,NaN,NaN,0.35219,NaN,0.33516,0.30522,NaN,NaN,0.51987,0.68794,0.62623,0.6428,0.84232,0.79673,NaN,0.8499,NaN,NaN,NaN,0.37636,0.26368,NaN,0.32451,0.40075,0.15075,NaN,0.49415,NaN,NaN,NaN,0.32201,0.15716,0.086201,NaN,0.41595,NaN,0.24303,0.35663,0.35844,0.63158,0.41043,0.4641,NaN,0.20824,0.21212,0.2448
0.78761,0.45607,NaN,0.18521,NaN,0.27493,0.88988,1,0.8072,NaN,0.71105,0.29528,0.31927,0.24915,NaN,0.65846,0.13729,NaN,NaN,0.8628,0.78836,0.35712,0.1208,0.14056,0.18914,0.21214,NaN,NaN,0.57457,NaN,0.36436,0.43799,NaN,0.89995,1,0.92056,0.98786,0.92752,0.73192,0.50915,NaN,NaN,0.21583,0.37001,0.62184,0.42471,0.28577,NaN,0.1686,0.25333,0.17131,0.24536,0.27273,NaN,0.61225,0.071795,0.23011,0.27231,0.22314,0.3164
0.13274,0.058294,0.054534,0.082739,0.082171,0.039506,0.23241,0.20243,0.11328,NaN,0.17482,0.15914,0.17993,0.10013,NaN,0.074089,0.090871,NaN,NaN,0.32128,NaN,0.24445,0.38466,0.57463,0.55359,0.49862,0.45078,NaN,0.9794,NaN,0.9879,0.94709,0.75449,NaN,0.53432,NaN,NaN,0.16679,0.034577,0.14989,0.15669,0.19512,0.33622,0.49549,0.53369,0.33105,0.19504,0.067086,NaN,0.22667,NaN,0.028531,0.16104,0.32164,0.013605,0.046154,0.15625,NaN,0.18182,0.013857
0.073009,NaN,NaN,0.077508,NaN,NaN,0.39394,NaN,0.18881,0.2411,0.3115,0.40108,0.50209,0.42498,0.52433,0.67097,NaN,0.82171,0.89827,0.95548,1,0.99816,0.88333,0.74316,NaN,0.64137,NaN,0.67281,0.54464,0.44487,0.37515,0.23916,0.064265,0.12485,0.23811,0.3247,0.26974,0.18291,0.19977,0.22059,0.23092,0.34371,0.3357,0.248,0.17856,NaN,0.17222,0.36238,0.36749,0.21091,0.21215,0.37233,0.38182,0.72222,0.20635,0.094872,0.13352,0.32494,0.28099,0.04388
0.017699,0.024432,0.045007,0.066096,NaN,0.048911,0.098214,0.04785,0.036724,0.048477,0.028782,NaN,0.17849,NaN,0.059885,NaN,NaN,0.10951,0.076688,0.047945,0.1407,0.35743,0.40468,0.56019,0.65717,0.722,0.75355,0.85128,0.97159,NaN,NaN,0.76443,0.76446,NaN,0.49074,0.44546,0.39318,0.40532,0.42758,0.39564,NaN,NaN,0.10255,0.16349,0.21794,NaN,0.0728,NaN,0.11509,0.088485,0.061753,0.077033,0.2987,0.12281,0.11338,0.2282,NaN,0,0.14325,0.069284
0.4528,NaN,0.49639,NaN,0.34745,NaN,0.23025,0.18787,0.3009,0.49821,0.73401,0.72817,0.71153,0.5282,0.65473,0.86943,0.97783,0.93091,0.78087,0.71993,0.67411,0.37123,0.011445,0.026944,0.25379,0.21126,0.18416,0.16746,0.026786,NaN,0.16316,NaN,0.2054,0.18484,0.24997,0.12702,0.078941,0.17053,0.15001,0.011983,0.11036,0.20989,NaN,0.20948,0.10065,0.01769,0.14397,NaN,0.059061,0.073939,NaN,NaN,0.66753,0.28655,0.29932,0.46923,0.64489,0.12357,0.30854,NaN
NaN,NaN,NaN,0.000951,0.015977,0.13706,0.23323,0.23197,0.13298,0.091234,0.033886,NaN,0.22729,0.18212,NaN,0.21972,0.24112,0.26587,0.29466,0.45527,0.51539,0.61732,0.66366,0.74665,0.84672,0.88303,0.99244,NaN,0.70373,0.60776,0.61515,NaN,0.24362,0.15994,0.14749,0.2501,0.26066,0.29385,0.24805,NaN,0.13804,0.3011,NaN,0.23203,NaN,0.09339,0.19757,0.27523,0.2004,0.11273,NaN,0.081313,0.17403,0.28655,NaN,0.25128,NaN,0.11899,0.13499,0.18707
NaN,0.2216,0.20959,0.11008,0.13797,NaN,0.171,NaN,0.20509,0.3831,0.50872,0.69695,0.69051,0.48458,0.55933,0.73041,0.8166,0.91408,0.99737,NaN,0.8145,0.64196,NaN,0.47362,0.29816,NaN,0.053367,0,0.087662,0.21551,0.24109,0.28376,0.25706,0.40127,0.35154,0.31169,0.46556,0.41499,0.15275,0.35501,NaN,0.53626,0.24092,NaN,NaN,0.078991,0.12169,NaN,0.12367,NaN,0.062749,0.4465,0.47792,NaN,0.61451,0.37949,0.1392,0.27002,0.33884,0.11316
0.20575,0.05015,0.033508,NaN,NaN,0.2408,0.34984,0.23418,0.43077,NaN,0.55891,NaN,0.72736,0.42539,0.3215,NaN,0.30432,0.29673,0.42436,0.6082,0.68845,0.82763,NaN,NaN,0.91168,0.99835,1,0.74722,0.4583,0.35272,0.36698,0.47967,0.39567,0.30556,0.054107,0.28276,0.40684,0.2898,NaN,0.27418,NaN,0.22198,0.4473,NaN,0.6207,0.35395,NaN,0.15124,0.056537,0.071515,0.040836,0.068474,0.25714,0.20175,0.018141,NaN,0.034091,0.006865,0.22039,0.08545
NaN,0.12945,0.05979,0.13409,0.003297,NaN,0.38068,0.30783,0.25381,0.34449,0.32865,NaN,0.53577,0.2474,NaN,0.40922,0.68791,0.55668,0.1822,0.21137,0.73366,0.72017,0.29988,0.26483,0.59559,NaN,0.47127,NaN,NaN,0.36977,0.19466,0.15064,0.0031505,0.14584,0.28812,NaN,0.13711,0.17448,0.038267,NaN,NaN,0.18645,NaN,0.24298,0.1433,0.090921,NaN,0.12099,0.054518,NaN,0.090637,0.042796,0.23636,0.38597,0.41723,0.34872,0.27273,0.20366,0.1405,0.15935
0.7028,NaN,0.20171,0.13077,0.13949,0.29696,NaN,NaN,0.83948,0.70242,0.45357,0.21454,0.27235,0.29019,0.4206,0.52412,0.21625,0.15678,0.14875,0.82031,NaN,0.39434,0.042069,0.17304,0.22326,0.316,0.25339,0.32596,NaN,0.49004,0.19989,NaN,0.45196,0.62576,0.66298,0.73538,0.76591,NaN,0.67647,0.56013,0.27817,0.18181,0.26109,NaN,0.60009,0.4206,0.24067,0.40401,NaN,NaN,NaN,0.092724,0.1974,0.85672,0.41723,0.53333,0.34943,0.45309,0.57576,0.080832
NaN,0.26532,0.12024,NaN,0.094851,0.24859,NaN,0.39581,0.38087,0.57257,0.70268,0.74809,NaN,NaN,0.29281,0.29646,NaN,0.24353,0.52062,0.77868,0.86836,0.86372,0.69344,0.68354,0.72203,0.86695,1,0.98106,0.89692,NaN,0.48523,0.55796,0.43148,NaN,0.056357,0.21865,0.13678,0.37174,0.60574,0.55327,0.2271,0.52674,0.49101,0.55682,NaN,0.2607,0.17023,0.40851,0.45734,0.17455,NaN,0.18973,0.036363,0.16667,0.21088,0.097436,0.15341,0.10984,0.088155,0.12009
NaN,0.38363,NaN,0.34213,NaN,0.28568,0.33874,0.35921,0.25988,0.288,0.36892,0.54938,NaN,0.57214,0.50115,NaN,0.23106,NaN,0.2368,NaN,0.89018,0.73847,0.49009,0.2635,NaN,0.62628,NaN,0.49794,0.46236,NaN,0.42125,0.097955,NaN,NaN,0.0092055,0.092541,0.15635,0.12509,NaN,0.22778,0.12681,0.34664,0.4142,0.18217,NaN,0.10066,0.14578,0.18209,0.28521,0.34667,NaN,0.20827,0.39221,0.12866,NaN,NaN,0.23864,0.22426,NaN,0.14319
NaN,NaN,NaN,NaN,NaN,0.32814,0.42614,0.46086,0.11432,0.064064,0.085354,0.091589,0.1939,0.12901,NaN,0.2757,0.172,0.24655,0.4758,0.16224,0.4707,0.5159,NaN,0.56644,NaN,0.52803,NaN,NaN,0.66366,0.85714,NaN,NaN,0.30474,0.51722,0.67025,0.72913,0.62443,NaN,0.89374,0.96536,0.85594,0.87802,1,1,0.85428,NaN,0.56067,0.55675,0.48258,0.2497,0.20518,0.12554,0.38442,0.25146,0.28345,0.49744,0.0625,0.44851,0.69972,0.40185
0.059735,NaN,0.21912,0.14979,0.20796,0.22306,0.24946,0.45976,NaN,0.40598,0.5297,0.71981,0.679,0.39744,NaN,0.33432,0.28173,0.26701,0.40574,0.70719,0.8047,0.80605,0.6466,0.68835,0.76926,0.85549,1,NaN,0.87754,0.62523,0.5879,0.67446,NaN,NaN,0.0078755,0.33024,0.30789,0.38993,0.62302,0.52941,0.26092,0.56667,NaN,0.63399,0.75263,0.30389,NaN,0.56544,0.47804,0.16242,NaN,0.32668,0.18961,0.39181,0.37188,0.020513,0.30114,0.075515,0.1157,0.027714
0.16519,0.07844,0.14816,0.090822,0.14963,0.172,0.36445,0.23021,0.19384,0.18061,0.092017,0.0033705,0.18929,0.26586,NaN,0.82597,NaN,0.80582,0.89954,0.8979,1,0.99755,0.98644,0.97552,NaN,0.9696,0.96586,0.75638,0.43527,0.34186,0.46267,NaN,NaN,0.31373,0.20446,0.065827,0.25596,0.15649,0.035948,0.10294,0.03868,0.029792,0.11548,0.18797,0.19164,0.053621,0.098877,0.14046,0.10146,0.11515,0.15438,0.1184,0.37922,0.20468,0.027211,0.18974,0.11932,0.052631,0.096419,0.041571
0.081121,NaN,0.066688,0.027817,0.074816,0.15963,0.22727,NaN,0.17429,0.17003,NaN,0.038687,0.063912,0.10323,NaN,0.059027,0.17604,0.26753,0.28393,0.41856,0.57409,0.70361,NaN,0.83864,0.9042,NaN,1,0.87155,0.75477,0.6395,0.57809,0.53067,0.45143,0.50684,0.50875,0.50313,0.46206,0.32463,0.15539,NaN,0.1861,0.12027,0.071124,0.063385,NaN,0.069254,0.04473,0.065588,NaN,0.05697,0.018925,0.047075,0.17922,0.05848,0.099773,NaN,0.039772,0.086956,NaN,0.12009
0.32375,0.19974,NaN,0.22896,0.33731,0.37382,0.3934,0.15788,0.1623,NaN,0.35588,0.45237,0.55103,0.41487,0.53355,NaN,0.67568,0.79688,0.91521,0.91107,1,0.99714,0.90389,0.7867,NaN,0.48497,0.32472,0.22643,0.30611,0.33685,0.28948,NaN,0.25832,0.53227,0.58331,NaN,0.45539,NaN,0.29981,0.22451,NaN,0.31477,0.38536,0.26243,0.1642,0.12603,0.15972,0.068284,0.19182,0.17212,NaN,0.15977,NaN,0.66667,0.27891,NaN,0.6108,0.72769,0.42149,0.10855
NaN,0.071153,0.053548,NaN,0.095612,0.17253,NaN,NaN,0.043388,0.16259,0.30001,0.30613,0.33669,0.12365,0.063999,NaN,0.20765,0.30203,0.41258,NaN,0.63196,0.77436,0.78574,0.77318,0.85523,NaN,0.94264,0.86054,0.71794,0.45137,0.095368,0.28612,0.44503,0.61728,0.80393,0.9869,0.92379,0.62681,0.41166,0.28159,NaN,0.40122,0.56058,0.58516,0.56298,0.34627,0.19631,0.11141,0.14437,NaN,0.045816,0.12268,0.11169,0.10819,NaN,NaN,NaN,0.048055,0.071626,0.080832
0.74189,0.35319,0.18463,0.13528,0.14405,0.32948,NaN,0.38192,NaN,0.17961,0.31476,0.35097,NaN,0.27885,0.38038,0.30195,0.37374,0.17849,0.28656,0.28778,NaN,0.27277,NaN,0.2384,0.39611,0.40423,0.44553,0.71984,0.75558,0.63556,0.76643,0.70344,0.46477,0.60943,0.64734,0.39657,0.091516,NaN,NaN,0.13475,0.54997,0.9685,0.97207,0.70961,0.83281,1,NaN,1,NaN,NaN,NaN,1,0.81039,0.87427,0.55782,0.21282,0.49432,NaN,0.62259,0.23095
0.14159,0.22675,0.1048,0.18069,0.17068,0.059661,0.23945,0.22381,0.21887,NaN,0.21367,0.22729,NaN,0.2376,0.33494,0.38958,0.13449,0.19647,NaN,0.503,0.80597,1,0.86235,0.68128,NaN,NaN,0.54901,NaN,0.42177,0.15394,0.056458,0.20703,0.19227,NaN,0.31646,0.16593,0.11787,0.18561,0.16825,0.22037,0.38379,NaN,0.10061,0.11917,0.33949,NaN,0.46976,0.33004,0.45987,0.56,0.17032,0.035664,0.11688,0.52632,0.21995,NaN,NaN,0.19908,0.19008,0.21478
0.14897,0.06258,0.10874,0.068474,NaN,0.11395,0.20022,0.17795,0.20376,0.28557,0.29122,0.27125,0.21031,0.14602,NaN,0.1837,0.26785,0.34639,0.40133,NaN,0.48524,NaN,0.75808,0.8454,0.9082,0.88016,0.80975,NaN,0.53003,NaN,0.56338,0.60043,0.50121,0.42851,0.31779,0.22692,0.12027,0.13154,NaN,0.39357,0.47562,0.4978,0.48403,0.3892,0.29414,NaN,0.30587,0.40162,0.38819,0.26909,0.20418,0.16405,NaN,NaN,0.045351,0.11538,0.073864,NaN,0.057851,0.060046
0.091446,0.092585,0.02431,0.011888,0.037535,NaN,0.16937,0.19824,0.10529,0.12899,NaN,0.086753,NaN,0.059296,0.14876,0.12559,NaN,NaN,0.26268,0.27729,0.34623,0.55608,0.73328,NaN,0.90246,0.72585,0.66992,0.69566,0.58036,0.33664,0.1879,NaN,0.23049,NaN,NaN,0.22258,0.30997,0.25871,0.26882,0.29292,0.26891,0.25104,0.19566,0.23048,0.26301,0.23546,0.16262,0.19647,0.22463,0.13333,0.023904,0.077033,0.17403,NaN,0.013605,0.046154,0.0625,NaN,0.10468,0.096998
0.23673,0.12345,0.15145,NaN,0.18438,0.18866,0.29843,NaN,0.17178,0.10425,NaN,0.066383,NaN,0.30772,0.45852,0.61704,0.72303,0.7759,NaN,0.81389,1,0.98098,0.95973,0.95912,NaN,0.89933,0.78265,0.57565,NaN,0.38585,0.45243,0.33768,0.24908,0.27928,0.15536,0.047278,0.091953,NaN,0.051023,0.18453,0.10469,0.09072,0.048882,NaN,0.15994,NaN,0.17186,0.20276,0.13074,0.20606,0.032869,0.20257,0.27532,NaN,0.06576,0.42308,0.38068,0.02746,0.18733,NaN
0.015487,0.030861,0.025296,0.078221,0.11742,0.29428,0.32738,0.21411,0.17237,0.11083,0.091876,0.14786,0.20369,0.13087,NaN,0.15978,NaN,NaN,0.10109,0.09878,NaN,0.17953,0.29723,0.57259,0.84682,NaN,0.8379,0.65253,0.54992,0.35283,0.29984,0.18535,0.15153,0.21357,0.29907,NaN,NaN,NaN,NaN,NaN,NaN,0.29927,0.25643,0.12213,0.13236,0.13234,0.068997,NaN,0.16961,0.066667,0.078686,0.15835,0.12987,0.073099,NaN,0,NaN,0.10526,NaN,0.023095
0.088496,0.016717,0.011827,NaN,0.12529,0.22225,0.27002,0.18258,0.22523,NaN,0.18248,0.12837,0.14582,0.092915,NaN,0.20894,0.23925,NaN,NaN,0.54163,0.66242,0.87189,NaN,0.89222,0.83811,0.90902,NaN,0.90222,0.82021,0.67892,0.583,NaN,0.42907,0.52432,0.55712,0.5246,0.52405,0.34928,NaN,0.11721,0.084308,0.045787,0.13837,0.075109,NaN,0.064866,NaN,0.086852,NaN,0.11394,0.0249,NaN,NaN,0.26901,0.20408,0.051282,NaN,0.057208,0.07989,0.055428
0.14823,0.089584,0.084757,0.019258,0.073548,NaN,0.2362,NaN,NaN,0.12298,0.12959,0.1269,0.1451,0.15355,NaN,0.2011,NaN,0.14442,0.02651,0.065175,0.15736,0.13823,0.21638,0.5273,0.84016,1,0.86175,0.66468,0.54718,NaN,0.34082,NaN,NaN,0.19926,0.29426,0.22823,0.077302,0,0.016551,NaN,0.21783,0.22698,0.20522,NaN,0.11942,0.091882,NaN,NaN,0.18021,NaN,0.081674,0.1883,0.1013,NaN,0.15193,0.04359,0.125,0.048055,0.022039,0.025404
NaN,NaN,0.20138,0.11317,0.047679,0.35474,0.55168,0.59074,0.44351,0.35521,NaN,0.55144,0.63193,0.58544,0.79175,0.82536,0.80178,NaN,NaN,NaN,0.88301,0.93528,0.90696,0.78855,NaN,0.59445,0.46055,0.31947,0.47565,NaN,0.28262,0.096944,NaN,0.13757,0.17214,NaN,0.14848,0.058542,0.25912,NaN,NaN,0.17424,0.37178,0.26372,0.15127,0.19131,0.19287,0.15783,0.19939,0.22182,NaN,0.15692,0.15065,0.66374,0.058957,0.21282,NaN,0.25172,0.26722,0.27714
NaN,0.17874,0.15079,NaN,0.19478,0.17576,0.092262,NaN,0.070043,0.01144,0.086205,0.21952,0.2522,0.26091,NaN,0.4944,0.62284,NaN,0.82464,0.86408,0.7969,0.74512,0.73784,0.72318,NaN,0.44333,0.42546,0.39265,0.44602,0.37403,NaN,NaN,NaN,0.37774,0.43428,0.47349,0.47726,NaN,NaN,0.45076,0.42895,NaN,0.49955,0.36099,0.1824,0.15318,0.23596,NaN,NaN,0.27152,0.13247,0.099857,0.43896,0.48538,NaN,0.32051,0.17898,0.093822,NaN,0.19861
0.57153,0.30047,0.11071,0.38088,0.32031,0.033324,NaN,NaN,0.82763,0.92893,0.66823,0.34393,0.21103,NaN,0.44979,NaN,0.31261,0.37662,NaN,0.89405,0.99357,0.35477,0.047579,0.000922,0.21291,0.33704,0.18678,0.51081,0.68527,0.8206,0.41896,0.37486,0.55434,NaN,NaN,0.71512,0.73311,0.80742,0.76218,NaN,NaN,0.57057,0.57908,NaN,0.66719,0.52647,0.13908,0.43935,0.39223,0.56849,NaN,0.41369,NaN,0.83041,0.38322,0.62821,0.39205,0.16018,0.066115,0.2194
NaN,0.30304,0.10217,0.05088,NaN,0.18543,0.28409,NaN,0.033023,NaN,0.11187,0.10888,0.29739,0.26256,0.20744,NaN,NaN,0.058598,0.062802,0.080693,0.07968,0.29977,0.091873,0.20746,0.56516,NaN,0.70144,0.5881,0.55185,0.6053,0.78223,0.95889,0.83577,NaN,0.83431,1,1,0.7781,0.55619,0.36634,0.25767,0.27448,0.38122,NaN,0.42892,0.30074,0.23832,0.32285,0.28218,0.042424,NaN,0.22111,NaN,0.096491,0.44444,0.26667,0.096591,0.21281,0.25344,NaN
0.13274,0.088727,NaN,0.031384,0.06391,0.12604,0.26272,0.13517,NaN,NaN,0.062243,0.059057,0.40564,0.36929,NaN,0.45186,0.29282,0.39325,0.62424,NaN,0.85571,NaN,0.27477,0.58529,0.76762,0.56405,NaN,0.53551,0.46429,0.59891,0.36719,NaN,0.3585,0.53863,0.33558,NaN,0.40346,NaN,0.64347,0.58562,0.36919,0.24078,NaN,NaN,0.18695,NaN,NaN,0.18479,0.17314,NaN,0.25996,0.21255,NaN,0.76316,0.44671,0.21795,0.26136,NaN,0.055096,0.10855
NaN,0.4072,0.42904,0.32097,0.40756,NaN,0.18885,0.2968,NaN,0.4862,NaN,0.061841,0.047359,NaN,0.54048,0.53715,0.49746,0.40384,0.16095,0.38281,0.76001,0.97291,0.93536,0.54503,0.51516,0.6504,0.54964,0.52954,0.20627,0.16363,0.58082,0.66491,0.26126,0.17605,0.28086,0.5124,0.63438,0.40553,0.53848,0.65534,0.53932,0.28339,NaN,0.22533,0.18539,0.081871,0.20355,NaN,0.25593,0.19273,0.19422,0.27532,0.63117,0.3538,NaN,NaN,0.25284,0.32037,0.096419,0.22402
0.25811,0.69696,0.53252,NaN,0.26959,0.32357,NaN,NaN,0.43196,0.51795,0.39033,0.022128,NaN,0.52841,0.61922,0.72206,0.82903,NaN,0.41616,0.34942,0.53678,0.749,NaN,1,0.87316,0.6797,0.68579,0.48683,0.38535,0.4094,0.39128,0.041451,0.099338,0.020032,0.3451,0.68216,0.73529,0.3342,0.025406,0.31699,NaN,NaN,0.30777,0.26527,0.32528,NaN,0.2874,0.53669,0.5159,0.18303,0.22211,0.14551,NaN,0.57018,0.35828,0.15128,0.21307,0.20824,0.30028,0.14319
NaN,NaN,0.22799,0.011888,0.25438,0.23408,0.25108,0.2796,0.35347,0.36937,0.44279,NaN,0.50353,0.37816,0.29431,0.30633,0.25655,NaN,0.20135,0.50985,0.66294,0.62376,0.55749,0.67268,0.58852,0.82509,0.99065,0.91632,0.79758,0.64983,0.56131,NaN,0.58395,0.25045,0.012887,0.17329,0.2939,0.45513,NaN,0.45065,0.54268,0.86972,0.79697,0.72958,0.81732,0.49273,0.45744,0.68853,0.6416,NaN,0.36554,0.23966,0.077922,NaN,0.26077,0.18205,0.15057,0.04119,0.1157,0.025404
0.084071,0.057866,NaN,0.075369,0.17753,0.18409,NaN,0.23219,0.25204,0.30488,NaN,0.42468,0.43501,0.27266,0.22249,NaN,NaN,0.26639,0.46329,0.58551,0.73978,NaN,0.72788,0.86405,0.9291,0.98194,1,0.95832,0.87033,0.66571,0.48163,0.32307,0.27701,0.18622,NaN,0.023891,0.044281,0.054487,0.073266,0.13758,0.035322,0.17326,NaN,NaN,0.38513,NaN,0.32923,0.3549,NaN,NaN,0.20319,0.16548,0.22857,0.18129,0.029479,NaN,0.14489,0.032037,NaN,0.053118
0.42183,0.51607,0.41163,0.34237,0.3472,0.12335,0.21618,0.13605,0.19206,NaN,NaN,NaN,0.72218,0.4786,0.59374,NaN,0.90043,0.90764,0.86566,0.75235,0.71817,0.5115,NaN,0.30048,0.20799,0.079193,0.13289,0.15963,NaN,0.11303,NaN,0.3033,0.30684,0.44822,0.4933,0.2756,0.14542,0.23396,NaN,NaN,0.066474,0.047252,0.10087,NaN,NaN,0.075836,NaN,0.34112,0.38718,0.32121,0.21414,0.46077,0.27532,0.22807,0.34467,0.30256,NaN,0.22426,0.62534,0.27252
0.23451,NaN,0.083771,0.10057,0.15521,0.23623,0.21916,NaN,NaN,0.1154,0.16816,0.041911,0.13459,0.071878,NaN,0.15428,0.13398,0.086234,NaN,NaN,0.31334,0.60597,0.90951,NaN,0.86445,0.86474,0.84799,0.87989,1,0.81847,0.66692,NaN,0.55014,0.7045,NaN,NaN,0.2623,0.10138,0.12439,0.27549,0.18923,0.22308,NaN,0.2127,0.081746,0.09531,NaN,0.13657,0.010601,0.082424,0.035857,0.019971,0.07013,NaN,0.10884,0.15128,0.39773,0.29519,0.13774,0.080832
0.13717,0.17874,0.17707,0.17237,NaN,NaN,0.31602,0.58478,0.16748,0.023738,NaN,0.34862,0.2283,NaN,0.4516,0.54865,0.44213,0.35553,0.31096,0.215,NaN,0.092833,0.21119,NaN,0.3626,0.34817,0.51182,0.49732,NaN,0.3883,0.36916,NaN,0.43936,0.39873,0.2016,0.175,0.073474,NaN,NaN,0.38998,0.29554,0.36068,0.33144,0.24826,0.29315,NaN,NaN,0.30997,0.32357,0.18545,0.080678,0.26106,0.45974,0.4386,0.64399,0.22051,NaN,0.50572,0.52066,0.20785
NaN,NaN,0.021354,0.11793,0.20695,0.31604,0.44399,0.29063,NaN,NaN,0.42195,0.44358,0.30474,0.10106,0.20774,0.22786,0.16361,0.13486,NaN,0.026327,0.11014,0.31408,0.49857,NaN,0.78545,0.88303,0.93644,0.94782,NaN,NaN,NaN,0.86295,0.70388,0.68977,0.6366,0.68538,0.644,0.47343,0.39774,0.44913,NaN,0.52943,0.55903,NaN,0.66961,NaN,NaN,0.54088,NaN,0.30424,0.12849,0.12411,NaN,0.17251,0.07483,0.1641,0.16193,0.09611,0.002755,NaN
0.14823,0.050579,0.052234,0.022349,0.13721,0.24832,0.29924,NaN,NaN,0.10768,0.18077,0.079719,0.11703,0.066206,0.063296,0.098921,0.14413,0.22836,0.29455,NaN,NaN,NaN,NaN,NaN,0.79232,0.90142,0.87467,0.7889,NaN,0.69958,NaN,0.66367,0.57251,0.63127,0.64181,NaN,0.64531,0.49225,0.37097,0.34379,0.24887,0.17998,NaN,0.21348,0.17273,0.13412,0.081854,0.081761,NaN,0.11151,NaN,0.062767,0.11429,0.25146,0.29025,0.30256,0.125,0.034325,0.013774,0.039261
NaN,0.042006,0.10184,0.043034,NaN,0.3835,NaN,0.12194,0.18392,0.17975,NaN,0.004836,NaN,0.28596,NaN,0.79493,0.8281,0.79813,0.85441,0.86826,0.93813,0.93896,NaN,1,0.97182,0.92389,0.93182,0.72386,0.43395,0.28028,NaN,0.47259,0.3732,0.2955,0.2287,0.12782,0.23945,0.19466,0.12935,0.14902,0.056167,0.062638,0.11057,0.16259,0.16392,NaN,NaN,0.12728,0.11863,0.0072725,NaN,0.16976,NaN,0.16667,NaN,NaN,0.13068,NaN,0.19835,0.11085
0.22714,NaN,0.09297,0.1203,0.17575,0.23005,NaN,0.21235,0.14142,0.29186,0.39643,0.46732,0.40392,0.11643,NaN,0.13963,0.16081,0.2134,0.17105,0.18611,0.29089,NaN,0.82007,0.90216,0.98852,0.99031,0.94201,1,0.90787,0.7243,0.78572,0.7541,0.50688,0.20339,0.072108,0.12268,0.088344,0.087657,NaN,0.024836,0.1392,0.093773,0.14858,0.21824,0.13563,0.010971,0.14306,0.37586,NaN,0.21697,0.050797,0.075607,0.22857,0.3655,0.12925,0.15128,0.088068,0.066362,NaN,0.14088
0.37684,NaN,NaN,NaN,NaN,0.24725,0.1369,0.084675,NaN,0.21722,0.31972,0.37676,NaN,0.31845,NaN,0.21606,0.26536,0.097766,0.069114,0.29409,NaN,0.62979,0.63474,NaN,NaN,0.49587,0.67192,NaN,NaN,0.81133,0.90518,0.97776,0.654,0.62321,0.74481,0.47329,0.14378,0.35001,NaN,0.21667,0.63995,NaN,0.33325,0.67573,0.87418,0.70255,0.613,NaN,0.27562,0.32727,0.37849,NaN,0.37403,NaN,0.839,0.4359,NaN,0.22883,1,0.46651
0.15782,0.15559,0.008213,0.075369,0.098402,0.36281,0.58929,NaN,0.099955,0.21707,0.34312,0.4575,0.5624,NaN,0.5471,0.71759,0.80696,0.91532,NaN,0.93771,0.90683,NaN,0.73339,NaN,0.39611,NaN,0.68285,0.86754,0.89986,0.78843,0.42485,0.10279,NaN,0.24081,0.28853,0.225,0.10792,NaN,0.22169,0.29118,0.14476,NaN,0.04539,0.1479,0.18922,0.037849,0.13817,0.18898,NaN,0.29091,0.11454,NaN,0.044156,0.32749,0.3288,NaN,0.065341,0.059497,0.28375,0.36259
0.12094,0.055722,0.12911,0.13671,0.13416,NaN,0.55655,NaN,0.77018,0.83684,0.84574,0.62588,0.50511,0.2672,0.1609,0.02646,0.14879,0.41756,NaN,0.79634,0.84718,0.86883,0.85175,0.91814,0.86977,0.78896,0.8628,0.83646,0.57315,NaN,0.3273,0.47574,NaN,0.70896,NaN,0.51492,0.51487,NaN,0.35747,0.39444,0.25999,NaN,0.24247,NaN,0.2242,0.16607,NaN,0.25457,0.1792,0.26545,NaN,0.16405,0.14286,NaN,0.2381,NaN,0.22159,0.34783,0.43802,0.18245
0.14307,0.079297,0.13009,0.06253,0.16003,0.39694,0.38014,0.29702,NaN,0.54354,0.45583,NaN,0.5411,NaN,0.33103,NaN,0.20464,NaN,0.31096,0.40368,NaN,0.35354,0.40437,0.47382,0.61137,0.69776,0.64534,NaN,NaN,0.84841,0.95815,0.74197,NaN,0.33884,0.121,NaN,0.1183,0.14942,0.34092,0.58954,0.65177,NaN,0.71279,0.64764,1,0.80965,0.73687,0.82689,0.7996,0.61818,0.053785,0.099857,0.50909,0.27485,NaN,0.069231,NaN,0.19222,0.19008,NaN
0.067846,0.1916,0.090013,NaN,0.25564,0.24644,0.4256,0.45513,0.44217,0.40369,0.39912,NaN,0.32705,0.16644,0.11566,0.1952,NaN,NaN,0.19461,NaN,0.0067455,NaN,0.28356,0.42188,0.56291,0.76044,0.92142,0.933,0.93385,1,0.96196,0.90699,NaN,0.72369,0.74829,0.79738,0.80057,NaN,0.45962,0.51449,NaN,0.47595,0.6255,0.69299,NaN,0.3667,0.27907,NaN,0.47501,NaN,0.078686,0.22254,0.2987,0.30117,0.034013,NaN,0.19602,0.13044,0.044077,0.069284
NaN,0.10802,0.12582,0.12173,0.11717,0.26579,0.45346,0.35921,0.26507,NaN,0.41103,0.48608,NaN,0.17449,0.17544,0.26786,0.26122,0.3734,0.53703,0.67209,0.78594,0.7395,0.80958,0.92429,0.87807,0.86937,0.92657,0.99537,0.85552,0.58123,NaN,0.23141,0.12265,NaN,0.074972,0,0.038378,0.057503,NaN,0.11002,0.05941,0.1177,0.25398,0.29065,0.25789,0.27592,0.30569,0.31057,0.2529,0.16485,NaN,0.15977,0.088311,0.12573,0.12698,0.10769,0.11932,0.043478,NaN,0.057737
0.191,0.10116,0.19908,0.11935,NaN,0.23408,0.48431,NaN,0.20213,0.24239,0.29448,0.098183,0.22528,NaN,NaN,NaN,0.90281,0.92312,0.73006,0.40743,0.48387,0.68838,0.76211,0.83239,0.72162,NaN,0.55447,0.39749,0.34,0.40737,0.23793,0.18198,0.15384,0.058611,0.35819,0.58095,NaN,0.20422,0.066203,0.34063,NaN,0.35641,0.21777,0.22687,0.23927,NaN,NaN,0.38844,0.37759,0.081212,0.25398,NaN,0.26753,0.2193,0.092971,0.17949,0.28693,0.36156,0.60331,0.38568
0.057522,NaN,0.013469,0.0014265,0.048947,NaN,0.11824,0.000441,0.051829,NaN,0.084929,0.19974,0.19534,0.2573,0.21517,NaN,NaN,NaN,NaN,0.25139,0.39924,0.4565,0.41931,0.49042,0.6124,0.62231,0.64618,NaN,0.85126,1,0.86823,0.66839,0.61231,0.63582,0.6907,NaN,0.49617,0.34314,0.17626,NaN,0.2154,NaN,0.19268,0.15602,NaN,NaN,0.066099,0.045523,NaN,0.14545,0.021913,0.087018,0.15325,0.34795,0.2449,0.12821,0.24432,NaN,0.15703,0.04388
0.21386,0.15302,0.065375,0.040181,0.098656,NaN,0.24513,0.20221,NaN,0.431,0.26981,0.3495,0.32172,0.19656,0.11315,0.1094,0.055642,0.14338,0.13297,0.094606,0,0.16215,NaN,0.55916,0.64928,0.72178,0.84694,0.90583,NaN,0.88196,0.93548,0.91193,0.70639,0.63466,0.61675,NaN,0.76383,NaN,0.56441,NaN,0.60648,0.59939,0.65007,0.74362,0.83978,0.65867,NaN,0.83228,NaN,0.51394,0.26992,0.27389,0.16883,0.17544,0.18141,0.21795,0.2017,NaN,0.14876,0.034642
0.11947,0.12602,0.089685,0.079886,NaN,NaN,0.17722,0.12745,0.081297,0.0715,0.19722,0.47479,0.63006,NaN,0.62965,0.71636,NaN,0.35771,0.22617,0.28778,0.45879,0.65525,0.72332,0.91937,NaN,0.75218,0.53703,0.60601,0.86151,0.63694,0.46736,0.51438,0.29959,0.30355,0.27135,0.21633,0.048436,0.022876,NaN,0.053268,0.13549,0.11319,0.21247,0.24491,0.15738,0.26289,0.26566,0.1174,0.17971,0.32727,0.16733,0.13409,0.3039,NaN,0.15646,0.30769,0.27273,0.12357,NaN,0.030023
