0.206503615384615
45.8379465487529
0.128188008474576
28.9292761866328
0.155178
0.310737159090909
68.5178971017126
58.8518268765899
0.28075170212766
115.376062900581
0.294942951923077
0.378758770833333
0.42019284
59.3138483866555
98.9267655334668
107.682210665847
0.419356288888889
0.466991063829787
0.449210094339623
138.353126386828
97.7436478916613
94.2382122974874
0.626208488888889
123.339488906095
0.669759361702128
0.669865833333333
145.791060200275
108.009077473922
114.937986602851
0.520263461538462
99.0272863610154
0.428993306122449
0.379662159090909
101.231445924474
0.367313677419355
0.396170571428572
121.203482094626
0.359439782608696
86.0223357543278
80.5285773221787
0.296827563636364
90.1416764020801
81.4381072017473
43.8597094667498
0.281645961538462
0.213801254901961
68.9608103401617
71.8128193012841
0.220417274509804
71.8233487040928
39.9748380478172
0.1857634
0.266604875
0.23540862745098
0.192966549019608
56.8829922758185
40.4227277830582
51.6798827368616
52.2313513973329
40.5716868004801
