0.575757575757576,0.583333333333333,NaN,0.270818505338078,0.199460006749916,0.202774108322325,0.245,0.5
0.553030303030303,NaN,0.134529147982063,0.299288256227758,0.180897738778265,NaN,0.205,NaN
0.568181818181818,NaN,0.103139013452915,NaN,0.181235234559568,NaN,NaN,0.653846153846154
NaN,NaN,NaN,NaN,0.354708066149173,NaN,NaN,0.307692307692308
NaN,0.657407407407407,NaN,NaN,NaN,NaN,NaN,NaN
0.689393939393939,NaN,0.139013452914798,0.358362989323843,NaN,0.313738441215324,NaN,0.346153846153846
NaN,0.333333333333333,0.0672645739910314,NaN,NaN,0.109643328929987,0.085,0.230769230769231
0.704545454545455,NaN,NaN,0.409430604982206,0.321633479581505,0.310435931307794,NaN,NaN
NaN,NaN,0.121076233183857,NaN,NaN,0.243725231175694,0.1985,0.230769230769231
0.674242424242424,NaN,NaN,NaN,0.336145798177523,0.344121532364597,0.33,NaN
NaN,NaN,0.134529147982063,NaN,NaN,0.212021136063408,0.27,0.384615384615385
NaN,NaN,0.130044843049327,0.441103202846975,NaN,NaN,0.3175,NaN
NaN,0.666666666666667,NaN,0.356405693950178,NaN,0.293923381770145,NaN,NaN
0.712121212121212,NaN,0.112107623318386,NaN,NaN,0.266842800528402,NaN,0.384615384615385
0.666666666666667,NaN,0.116591928251121,0.277580071174377,NaN,NaN,NaN,0.269230769230769
0.666666666666667,NaN,0.125560538116592,NaN,NaN,NaN,0.3035,NaN
NaN,0.731481481481481,NaN,NaN,NaN,NaN,0.605,0.576923076923077
0.856060606060606,NaN,NaN,NaN,NaN,NaN,NaN,NaN
NaN,0.722222222222222,NaN,NaN,NaN,NaN,0.33,NaN
NaN,NaN,NaN,0.221708185053381,0.151198110023625,0.183619550858653,0.19,0.384615384615385
NaN,NaN,NaN,0.356049822064057,0.328720890988863,NaN,0.258,0.269230769230769
0.71969696969697,0.685185185185185,NaN,NaN,0.28147148160648,NaN,NaN,NaN
NaN,NaN,NaN,NaN,0.391157610529868,NaN,0.232,NaN
0.71969696969697,0.722222222222222,0.143497757847534,NaN,0.310833614579818,0.350066050198151,NaN,NaN
0.727272727272727,0.759259259259259,0.143497757847534,0.454270462633452,0.400607492406345,NaN,NaN,NaN
0.522727272727273,NaN,NaN,NaN,NaN,NaN,0.2,NaN
0.666666666666667,NaN,NaN,NaN,NaN,NaN,0.405,0.307692307692308
NaN,NaN,0.201793721973094,NaN,NaN,NaN,0.685,NaN
NaN,0.675925925925926,NaN,0.353024911032029,NaN,NaN,0.275,0.461538461538462
0.651515151515151,NaN,NaN,NaN,NaN,NaN,NaN,0.346153846153846
0.454545454545455,NaN,NaN,NaN,0.109348633142086,0.16116248348745,NaN,NaN
0.507575757575758,NaN,NaN,0.189857651245552,NaN,NaN,0.145,0.307692307692308
0.704545454545455,0.703703703703704,NaN,NaN,0.32838339520756,NaN,NaN,NaN
0.537878787878788,0.518518518518518,0.0986547085201794,NaN,0.172460344245697,0.238441215323646,NaN,NaN
NaN,NaN,0.0762331838565023,0.101601423487544,NaN,0.0871862615587847,NaN,0.230769230769231
0.848484848484849,NaN,NaN,0.68932384341637,0.511643604454944,0.54887714663144,NaN,0.269230769230769
NaN,0.666666666666667,0.0896860986547085,NaN,NaN,NaN,0.305,0.461538461538462
0.643939393939394,NaN,0.139013452914798,0.325444839857651,0.271009112386095,0.338177014531044,NaN,0.230769230769231
NaN,NaN,NaN,0.0724199288256228,NaN,NaN,NaN,0.115384615384615
NaN,NaN,NaN,0.444128113879004,NaN,0.344121532364597,0.41,NaN
0.492424242424242,NaN,0.103139013452915,0.183274021352313,NaN,NaN,NaN,0.192307692307692
NaN,NaN,NaN,0.481672597864769,NaN,NaN,0.353,NaN
NaN,NaN,NaN,0.333629893238434,0.316233547080661,NaN,NaN,0.230769230769231
0.825757575757576,NaN,0.139013452914798,0.593772241992883,NaN,0.427344782034346,0.315,0.307692307692308
0.674242424242424,0.712962962962963,NaN,NaN,NaN,NaN,NaN,NaN
0.727272727272727,0.759259259259259,NaN,NaN,0.337495781302734,0.387054161162483,0.407,NaN
NaN,0.62962962962963,0.125560538116592,NaN,0.238947013162335,0.274768824306473,NaN,0.230769230769231
NaN,NaN,0.121076233183857,0.413879003558719,0.345595680053999,NaN,NaN,NaN
0.712121212121212,0.703703703703704,NaN,NaN,NaN,0.361955085865258,NaN,0.230769230769231
0.666666666666667,0.657407407407407,0.121076233183857,0.386120996441281,NaN,NaN,NaN,0.192307692307692
0.522727272727273,0.509259259259259,0.0941704035874439,NaN,NaN,NaN,NaN,0.423076923076923
0.371212121212121,0.37962962962963,NaN,NaN,NaN,NaN,0.108,NaN
NaN,NaN,NaN,0.214590747330961,0.165035437057037,0.151254953764861,0.195,0.346153846153846
0.871212121212121,0.814814814814815,NaN,NaN,NaN,NaN,0.5915,0.423076923076923
0.53030303030303,0.509259259259259,0.121076233183857,NaN,NaN,0.196829590488771,0.21,NaN
0.825757575757576,NaN,NaN,NaN,NaN,NaN,0.465,NaN
NaN,NaN,0.143497757847534,0.374555160142349,0.282483968950388,0.264200792602378,0.315,NaN
0.560606060606061,0.546296296296296,0.130044843049327,NaN,0.208909888626392,0.188243064729194,NaN,0.384615384615385
0.560606060606061,0.5,0.112107623318386,NaN,0.126560917988525,NaN,NaN,0.423076923076923
0.454545454545455,0.490740740740741,0.0986547085201794,0.157473309608541,NaN,0.142668428005284,0.115,0.269230769230769
0.734848484848485,NaN,NaN,NaN,0.430307121160986,0.487450462351387,NaN,NaN
0.666666666666667,0.675925925925926,NaN,0.403024911032028,NaN,NaN,NaN,0.269230769230769
0.674242424242424,0.740740740740741,NaN,NaN,NaN,NaN,NaN,NaN
NaN,NaN,NaN,NaN,0.252109348633142,NaN,0.355,NaN
NaN,NaN,0.143497757847534,0.47491103202847,0.383732703341208,NaN,0.3835,0.269230769230769
0.674242424242424,0.675925925925926,0.125560538116592,0.37135231316726,0.293283833952076,NaN,NaN,0.307692307692308
0.371212121212121,NaN,0.0717488789237668,NaN,0.0857239284508944,NaN,0.095,0.153846153846154
NaN,NaN,0.103139013452915,0.25338078291815,NaN,NaN,NaN,NaN
NaN,0.537037037037037,0.103139013452915,0.243416370106762,0.205872426594668,0.169088507265522,0.218,NaN
0.666666666666667,0.638888888888889,NaN,0.309786476868327,NaN,0.261558784676354,NaN,0.269230769230769
0.825757575757576,NaN,0.15695067264574,NaN,0.47283158960513,NaN,0.425,0.269230769230769
0.606060606060606,0.546296296296296,0.15695067264574,0.494839857651246,NaN,0.44782034346103,0.384,NaN
NaN,NaN,NaN,NaN,0.370907863651704,NaN,0.34,0.307692307692308
0.174242424242424,0.166666666666667,0.0582959641255605,0.0373665480427046,NaN,NaN,0.035,NaN
NaN,0.62962962962963,NaN,0.337722419928826,0.354033074586568,0.245706737120211,0.204,0.230769230769231
NaN,0.703703703703704,0.165919282511211,0.486476868327402,0.393520080998988,NaN,NaN,NaN
0.651515151515151,NaN,0.121076233183857,NaN,NaN,NaN,0.242,NaN
0.704545454545455,0.722222222222222,NaN,0.388434163701068,0.326020924738441,0.313077939233818,NaN,NaN
0.757575757575758,0.731481481481481,0.161434977578475,NaN,NaN,0.498678996036988,NaN,NaN
NaN,NaN,0.10762331838565,NaN,NaN,0.209379128137384,0.254,NaN
NaN,0.675925925925926,0.147982062780269,NaN,0.340533243334458,NaN,0.315,NaN
0.583333333333333,NaN,0.116591928251121,0.302491103202847,0.286871414107324,NaN,0.2125,NaN
NaN,0.314814814814815,0.0582959641255605,0.0891459074733096,NaN,NaN,NaN,NaN
0.659090909090909,NaN,0.139013452914798,NaN,NaN,NaN,NaN,NaN
0.409090909090909,NaN,NaN,NaN,0.072224097198785,NaN,NaN,0.576923076923077
0.636363636363636,0.62962962962963,NaN,NaN,NaN,NaN,0.345,NaN
NaN,0.537037037037037,NaN,0.253914590747331,NaN,NaN,NaN,NaN
0.742424242424243,0.712962962962963,0.152466367713004,0.525978647686833,0.350995612554843,NaN,NaN,NaN
NaN,0.638888888888889,0.143497757847534,NaN,NaN,NaN,0.305,0.269230769230769
NaN,NaN,NaN,NaN,NaN,0.28665785997358,0.2645,NaN
0.462121212121212,NaN,NaN,0.164768683274021,NaN,0.134081902245707,0.136,NaN
NaN,NaN,NaN,0.295551601423488,0.229159635504556,NaN,0.2685,0.269230769230769
NaN,0.731481481481481,0.139013452914798,NaN,NaN,0.347424042272127,0.295,NaN
0.159090909090909,NaN,0.0448430493273543,NaN,NaN,0.0317040951122853,NaN,0.115384615384615
NaN,NaN,0.121076233183857,NaN,NaN,0.192866578599736,NaN,0.230769230769231
0.5,NaN,0.0986547085201794,0.1644128113879,NaN,0.0997357992073976,0.165,0.346153846153846
0.613636363636364,NaN,NaN,NaN,0.199797502531218,NaN,0.28,0.423076923076923
NaN,0.481481481481481,NaN,NaN,0.229834627067162,NaN,0.137,0.192307692307692
NaN,0.685185185185185,NaN,0.319217081850534,0.272021599730003,0.237120211360634,0.284,0.230769230769231
NaN,NaN,0.143497757847534,0.440747330960854,NaN,0.373844121532365,NaN,0.230769230769231
0.674242424242424,0.648148148148148,0.125560538116592,NaN,NaN,NaN,0.264,NaN
NaN,NaN,0.143497757847534,0.40373665480427,0.365170435369558,0.334214002642008,NaN,0.307692307692308
NaN,0.824074074074074,0.165919282511211,0.517081850533808,NaN,NaN,0.515,NaN
0.666666666666667,0.62962962962963,0.112107623318386,NaN,NaN,NaN,0.212,NaN
NaN,NaN,NaN,NaN,NaN,NaN,NaN,NaN
NaN,0.62037037037037,0.125560538116592,0.346975088967972,NaN,0.231175693527081,NaN,NaN
0.643939393939394,NaN,NaN,0.287722419928826,0.229497131285859,NaN,NaN,NaN
0.43939393939394,NaN,0.0941704035874439,NaN,0.12588592642592,0.132760898282695,NaN,NaN
0.659090909090909,0.648148148148148,NaN,0.386654804270463,NaN,0.267503302509908,0.325,NaN
0.613636363636364,NaN,0.130044843049327,NaN,0.335470806614917,0.363936591809775,0.255,0.269230769230769
0.310606060606061,0.342592592592593,NaN,NaN,0.0539993250084374,0.0660501981505944,NaN,0.192307692307692
NaN,0.638888888888889,NaN,NaN,0.311508606142423,NaN,NaN,NaN
NaN,NaN,NaN,0.144128113879004,0.105636179547756,NaN,NaN,NaN
0.477272727272727,0.453703703703704,NaN,0.148576512455516,NaN,0.121532364597094,0.147,0.346153846153846
NaN,NaN,0.147982062780269,0.52508896797153,0.423894701316234,NaN,0.43,NaN
0.651515151515151,0.675925925925926,NaN,0.373487544483986,0.35437057036787,0.25891677675033,NaN,NaN
NaN,0.490740740740741,NaN,NaN,NaN,0.134081902245707,0.2,0.230769230769231
NaN,NaN,0.121076233183857,0.378825622775801,0.397232534593318,0.268824306472919,NaN,0.230769230769231
0.765151515151515,0.787037037037037,0.143497757847534,0.534519572953737,0.475531555855552,NaN,0.41,NaN
0.295454545454545,0.268518518518519,NaN,0.0581850533807829,0.0431994600067499,NaN,0.055,NaN
0.537878787878788,0.527777777777778,NaN,NaN,NaN,0.157199471598415,NaN,0.346153846153846
0.727272727272727,NaN,0.15695067264574,NaN,0.337495781302734,0.398943196829591,0.445,NaN
0.590909090909091,0.574074074074074,NaN,NaN,NaN,0.16776750330251,NaN,NaN
NaN,NaN,NaN,0.356939501779359,NaN,0.293262879788639,NaN,NaN
NaN,NaN,NaN,NaN,0.421532230847114,0.420739762219287,0.43,NaN
NaN,NaN,NaN,NaN,NaN,0.527080581241744,0.395,0.307692307692308
NaN,0.740740740740741,NaN,0.365658362989324,0.319271009112386,NaN,NaN,NaN
0.651515151515151,0.694444444444444,NaN,0.37846975088968,0.275396557543031,NaN,NaN,NaN
0.643939393939394,0.666666666666667,NaN,0.364946619217082,NaN,0.215323645970938,NaN,0.230769230769231
0.295454545454545,0.287037037037037,NaN,NaN,0.0627742153223085,0.071994715984148,NaN,0.115384615384615
0.522727272727273,0.490740740740741,0.121076233183857,0.220818505338078,NaN,NaN,0.185,NaN
0.628787878787879,0.574074074074074,0.112107623318386,NaN,NaN,0.214002642007926,0.245,0.192307692307692
NaN,NaN,0.121076233183857,NaN,0.140398245021937,0.181638044914135,NaN,0.576923076923077
NaN,NaN,0.0807174887892377,0.0905693950177936,0.0715491056361795,NaN,NaN,0.230769230769231
0.477272727272727,NaN,NaN,0.163701067615658,NaN,NaN,NaN,0.269230769230769
0.606060606060606,NaN,0.103139013452915,0.301423487544484,NaN,NaN,NaN,NaN
0.681818181818182,NaN,NaN,0.309074733096085,0.254471819102261,0.247688243064729,0.265,NaN
0.674242424242424,0.666666666666667,NaN,NaN,NaN,0.264861294583884,0.285,NaN
0.590909090909091,NaN,NaN,0.286298932384342,0.307121160985488,NaN,0.213,NaN
0.537878787878788,0.546296296296296,NaN,NaN,0.216334795815052,0.200792602377807,0.1755,0.153846153846154
NaN,0.12962962962963,0.0448430493273543,NaN,NaN,NaN,NaN,NaN
0.787878787878788,0.740740740740741,NaN,0.486298932384342,0.40364495443807,0.415455746367239,0.3915,0.269230769230769
0.878787878787879,NaN,NaN,NaN,NaN,NaN,NaN,NaN
0.583333333333333,0.546296296296296,0.125560538116592,NaN,NaN,NaN,0.285,NaN
0.628787878787879,0.648148148148148,NaN,0.343060498220641,0.263584205197435,0.329590488771466,0.2605,0.230769230769231
0.75,0.731481481481481,NaN,0.477402135231317,NaN,NaN,0.425,0.307692307692308
NaN,0.546296296296296,NaN,0.250177935943061,NaN,0.256935270805812,NaN,0.192307692307692
NaN,NaN,0.174887892376682,NaN,0.744178197772528,0.682298546895641,NaN,0.307692307692308
NaN,0.648148148148148,NaN,NaN,NaN,0.292602377807133,NaN,NaN
0.416666666666667,NaN,NaN,0.13576512455516,NaN,NaN,0.0985,0.153846153846154
0.265151515151515,0.259259259259259,0.0672645739910314,NaN,NaN,0.0501981505944518,0.0555,0.269230769230769
0.704545454545455,NaN,NaN,NaN,0.250759365507931,NaN,NaN,0.461538461538462
0.613636363636364,NaN,NaN,0.288256227758007,0.15929800877489,0.262879788639366,0.28,0.269230769230769
0.856060606060606,NaN,0.179372197309417,0.786654804270463,0.600067499156261,0.531043593130779,0.615,0.384615384615385
0.560606060606061,NaN,0.134529147982063,0.302135231316726,NaN,NaN,0.2465,NaN
NaN,0.703703703703704,0.143497757847534,0.433274021352313,NaN,0.322324966974901,NaN,NaN
0.553030303030303,0.537037037037037,0.0941704035874439,0.200889679715302,NaN,NaN,NaN,NaN
NaN,NaN,NaN,NaN,0.139723253459332,0.148612945838838,0.165,0.269230769230769
0.643939393939394,0.62037037037037,0.121076233183857,0.333451957295374,0.286871414107324,NaN,NaN,0.307692307692308
NaN,0.685185185185185,NaN,0.380782918149466,NaN,NaN,NaN,0.269230769230769
NaN,0.759259259259259,0.147982062780269,0.563879003558719,0.473506581167735,NaN,0.44,0.346153846153846
0.704545454545455,0.675925925925926,0.130044843049327,NaN,0.458994262571718,NaN,0.3225,NaN
0.651515151515151,NaN,NaN,NaN,NaN,NaN,0.269,NaN
0.75,NaN,0.152466367713004,0.507473309608541,NaN,0.386393659180978,NaN,0.230769230769231
0.606060606060606,NaN,NaN,NaN,NaN,NaN,0.225,NaN
NaN,0.472222222222222,0.121076233183857,NaN,NaN,NaN,0.268,0.153846153846154
0.628787878787879,NaN,0.112107623318386,NaN,0.224097198785015,NaN,NaN,0.230769230769231
0.643939393939394,0.675925925925926,NaN,0.341103202846975,0.286196422544718,0.299867899603699,NaN,0.269230769230769
NaN,NaN,0.125560538116592,0.399288256227758,NaN,NaN,0.365,0.653846153846154
NaN,0.574074074074074,0.10762331838565,0.281850533807829,0.23084711441107,0.233157199471598,NaN,0.307692307692308
NaN,NaN,0.116591928251121,NaN,0.192710091123861,NaN,NaN,0.269230769230769
0.659090909090909,0.657407407407407,0.121076233183857,0.404092526690391,0.409382382720216,0.311756935270806,NaN,0.230769230769231
0.727272727272727,NaN,NaN,0.373131672597865,NaN,0.297225891677675,NaN,NaN
NaN,0.648148148148148,NaN,NaN,NaN,NaN,0.291,0.153846153846154
0.477272727272727,0.444444444444444,NaN,0.16779359430605,0.127573405332433,0.163804491413474,NaN,NaN
0.856060606060606,NaN,0.165919282511211,NaN,NaN,NaN,NaN,0.269230769230769
0.613636363636364,NaN,0.147982062780269,0.31085409252669,NaN,0.26552179656539,0.245,0.307692307692308
0.583333333333333,0.638888888888889,NaN,NaN,NaN,NaN,0.264,NaN
NaN,0.62962962962963,NaN,NaN,NaN,0.203434610303831,NaN,NaN
NaN,NaN,NaN,0.756405693950178,NaN,0.501981505944518,0.523,NaN
NaN,NaN,NaN,0.391637010676157,NaN,0.310435931307794,NaN,0.269230769230769
0.696969696969697,0.675925925925926,NaN,NaN,0.316908538643267,NaN,0.278,NaN
NaN,NaN,0.143497757847534,NaN,NaN,0.394980184940555,0.3265,0.230769230769231
NaN,0.648148148148148,0.139013452914798,0.380071174377224,NaN,NaN,0.32,0.423076923076923
0.5,NaN,0.103139013452915,0.181672597864769,0.163347958150523,0.134742404227213,NaN,NaN
NaN,NaN,0.0672645739910314,0.0736654804270463,0.0516368545393183,0.0660501981505944,NaN,0.115384615384615
0.742424242424243,0.75,NaN,NaN,0.450894363820452,0.50330250990753,NaN,0.423076923076923
NaN,0.777777777777778,0.15695067264574,NaN,NaN,NaN,0.45,NaN
0.765151515151515,0.777777777777778,NaN,NaN,0.36415794802565,0.35336856010568,0.471,0.307692307692308
0.712121212121212,0.694444444444444,NaN,NaN,NaN,NaN,0.47,0.307692307692308
NaN,0.675925925925926,NaN,NaN,NaN,NaN,0.485,0.423076923076923
0.75,NaN,0.183856502242152,NaN,NaN,NaN,NaN,NaN
NaN,0.351851851851852,NaN,NaN,0.0658116773540331,NaN,NaN,0.307692307692308
0.659090909090909,NaN,0.134529147982063,0.377758007117438,0.302396220047249,NaN,0.3045,0.230769230769231
0.340909090909091,0.333333333333333,NaN,0.0951957295373665,0.0749240634492069,0.0825627476882431,0.08,NaN
NaN,NaN,0.0986547085201794,NaN,0.207222409719879,0.231836195508587,NaN,NaN
NaN,NaN,NaN,0.146975088967972,NaN,0.126816380449141,NaN,NaN
NaN,NaN,0.121076233183857,0.400889679715302,0.322983462706716,0.346103038309115,NaN,0.230769230769231
NaN,NaN,0.103139013452915,NaN,NaN,0.170409511228534,0.14,0.192307692307692
NaN,0.685185185185185,0.0672645739910314,NaN,NaN,NaN,NaN,NaN
0.492424242424242,NaN,NaN,NaN,0.228147148160648,0.130118890356671,NaN,NaN
0.628787878787879,0.62962962962963,0.147982062780269,0.317615658362989,0.26662166722916,NaN,NaN,NaN
NaN,NaN,0.121076233183857,NaN,NaN,0.383091149273448,NaN,NaN
NaN,0.537037037037037,0.125560538116592,NaN,NaN,NaN,0.2,NaN
0.636363636363636,0.62962962962963,0.130044843049327,0.342348754448399,0.207222409719879,0.301188903566711,0.325,NaN
0.742424242424243,0.722222222222222,NaN,NaN,0.349308133648329,NaN,0.39,0.538461538461539
NaN,NaN,0.0941704035874439,0.208540925266904,NaN,0.150594451783355,NaN,NaN
0.742424242424243,NaN,NaN,NaN,NaN,NaN,NaN,NaN
0.681818181818182,NaN,0.134529147982063,0.394661921708185,NaN,NaN,NaN,NaN
0.545454545454546,0.444444444444444,NaN,NaN,NaN,NaN,0.268,NaN
NaN,0.731481481481481,0.134529147982063,0.373487544483986,0.305771177860277,0.281373844121532,0.31,0.346153846153846
0.598484848484849,0.657407407407407,0.147982062780269,0.425978647686833,NaN,0.266842800528402,NaN,NaN
NaN,0.481481481481481,NaN,0.213167259786477,0.226122173472832,0.200792602377807,0.141,NaN
0.696969696969697,NaN,0.116591928251121,NaN,NaN,0.369220607661823,NaN,NaN
0.522727272727273,NaN,0.103139013452915,NaN,NaN,0.207397622192867,NaN,0.192307692307692
0.590909090909091,NaN,NaN,NaN,NaN,0.211360634081902,0.202,NaN
NaN,0.722222222222222,NaN,NaN,0.386095173810327,NaN,0.245,0.192307692307692
NaN,NaN,NaN,0.047864768683274,0.0310496118798515,NaN,0.043,NaN
0.348484848484849,NaN,NaN,0.0962633451957295,NaN,NaN,NaN,0.269230769230769
NaN,0.722222222222222,NaN,0.393772241992883,0.33952075599055,NaN,0.304,NaN
NaN,NaN,0.147982062780269,NaN,NaN,0.324306472919419,NaN,0.307692307692308
0.424242424242424,0.388888888888889,NaN,0.129181494661922,NaN,0.116908850726552,0.12,NaN
0.886363636363636,NaN,NaN,NaN,NaN,NaN,0.441,0.269230769230769
NaN,NaN,NaN,NaN,0.0563617954775565,NaN,NaN,NaN
0.727272727272727,NaN,0.139013452914798,0.504982206405694,0.408032399595005,NaN,NaN,0.346153846153846
NaN,NaN,0.0852017937219731,0.131494661921708,NaN,0.0568031704095112,0.1295,0.384615384615385
0.71969696969697,NaN,0.147982062780269,NaN,NaN,0.402906208718626,0.365,0.307692307692308
0.204545454545455,0.212962962962963,0.0538116591928251,0.0443060498220641,NaN,0.0270805812417437,0.035,0.0769230769230769
0.727272727272727,NaN,NaN,NaN,0.471481606479919,0.345442536327609,0.385,NaN
0.727272727272727,0.722222222222222,NaN,0.520106761565836,NaN,0.392998678996037,NaN,NaN
NaN,NaN,NaN,NaN,0.489706378670267,0.47225891677675,0.496,0.346153846153846
0.409090909090909,0.425925925925926,NaN,0.132562277580071,NaN,0.110964332892999,NaN,0.269230769230769
NaN,0.675925925925926,0.10762331838565,NaN,NaN,NaN,0.3125,0.230769230769231
0.78030303030303,NaN,NaN,0.442348754448399,NaN,0.406869220607662,NaN,0.346153846153846
0.628787878787879,NaN,0.125560538116592,0.304804270462633,0.214647316908539,NaN,NaN,NaN
NaN,0.75,0.147982062780269,0.474377224199288,NaN,0.32892998678996,0.3875,NaN
0.742424242424243,0.731481481481481,0.152466367713004,0.515124555160142,0.395207559905501,0.511889035667107,NaN,NaN
NaN,NaN,NaN,NaN,NaN,NaN,NaN,0.307692307692308
NaN,NaN,0.134529147982063,NaN,0.467431657104286,NaN,NaN,0.269230769230769
0.681818181818182,NaN,0.139013452914798,NaN,0.388457644279447,NaN,0.312,NaN
NaN,NaN,NaN,NaN,NaN,0.410832232496697,NaN,NaN
0.75,NaN,0.134529147982063,NaN,NaN,0.324306472919419,NaN,NaN
NaN,0.898148148148148,0.170403587443946,NaN,NaN,0.55217965653897,0.625,0.346153846153846
NaN,NaN,0.165919282511211,NaN,0.386770165372933,0.407529722589168,0.366,NaN
0.628787878787879,NaN,NaN,NaN,NaN,0.269484808454425,NaN,NaN
0.553030303030303,0.583333333333333,NaN,0.283807829181495,NaN,0.26221928665786,NaN,NaN
NaN,NaN,NaN,0.377758007117438,0.332770840364495,NaN,NaN,0.269230769230769
0.825757575757576,NaN,NaN,NaN,0.734728315896051,0.548216644649934,NaN,0.346153846153846
NaN,NaN,NaN,0.0734875444839858,NaN,NaN,NaN,NaN
0.742424242424243,0.731481481481481,NaN,NaN,NaN,0.341479524438573,NaN,0.269230769230769
NaN,0.648148148148148,NaN,0.324377224199288,NaN,0.269484808454425,0.2935,NaN
NaN,NaN,0.116591928251121,0.380604982206406,0.309146135673304,0.319022457067371,NaN,0.269230769230769
0.598484848484849,0.592592592592593,0.112107623318386,0.293416370106762,NaN,NaN,NaN,NaN
NaN,NaN,0.165919282511211,0.566548042704626,0.477556530543368,NaN,0.4655,0.307692307692308
NaN,NaN,NaN,NaN,NaN,0.535006605019815,NaN,NaN
NaN,0.731481481481481,NaN,0.493594306049822,0.471481606479919,0.346763540290621,NaN,0.269230769230769
NaN,NaN,0.0762331838565023,0.123665480427046,NaN,NaN,0.105,NaN
NaN,0.62037037037037,NaN,NaN,0.255146810664867,0.32892998678996,0.28,NaN
NaN,NaN,0.143497757847534,NaN,NaN,0.285997357992074,NaN,0.230769230769231
0.393939393939394,0.37962962962963,0.0941704035874439,NaN,0.129935875801552,NaN,NaN,0.192307692307692
NaN,NaN,NaN,NaN,0.224434694566318,0.28996036988111,NaN,0.346153846153846
0.431818181818182,NaN,NaN,NaN,0.159973000337496,0.117569352708058,NaN,0.192307692307692
0.704545454545455,NaN,NaN,0.454626334519573,NaN,NaN,0.349,NaN
0.590909090909091,NaN,NaN,NaN,0.361795477556531,0.319022457067371,NaN,0.230769230769231
NaN,NaN,NaN,NaN,0.268984137698279,0.293923381770145,0.305,NaN
NaN,NaN,0.143497757847534,NaN,NaN,NaN,NaN,NaN
NaN,0.601851851851852,NaN,0.341992882562278,NaN,0.312417437252312,NaN,NaN
NaN,0.62037037037037,0.112107623318386,0.291992882562278,NaN,0.208058124174373,NaN,NaN
0.712121212121212,NaN,NaN,0.409608540925267,0.306446169422882,0.334874504623514,NaN,0.307692307692308
0.583333333333333,NaN,0.125560538116592,NaN,0.232872089098886,0.196829590488771,0.21,0.346153846153846
0.856060606060606,NaN,0.179372197309417,NaN,0.573742828214647,0.633421400264201,0.597,NaN
NaN,NaN,NaN,0.397508896797153,0.253796827539656,NaN,0.315,NaN
0.598484848484849,0.564814814814815,0.143497757847534,0.365302491103203,NaN,NaN,NaN,NaN
NaN,NaN,NaN,0.219395017793594,0.185960175497806,NaN,NaN,NaN
0.628787878787879,NaN,0.112107623318386,0.333807829181495,NaN,NaN,NaN,NaN
NaN,0.592592592592593,NaN,NaN,0.282146473169085,0.225231175693527,0.214,0.269230769230769
NaN,NaN,NaN,NaN,0.244009449881876,NaN,NaN,0.269230769230769
0.537878787878788,NaN,0.125560538116592,0.450889679715302,0.379682753965575,0.380449141347424,0.3745,NaN
0.568181818181818,NaN,NaN,0.220640569395018,0.173472831589605,NaN,0.18,0.230769230769231
0.696969696969697,NaN,NaN,NaN,0.297671279109011,NaN,0.2845,0.269230769230769
0.674242424242424,0.62962962962963,NaN,0.30373665480427,0.226797165035437,NaN,NaN,0.307692307692308
NaN,NaN,0.147982062780269,NaN,NaN,NaN,NaN,NaN
NaN,0.787037037037037,NaN,0.625444839857651,NaN,0.630118890356671,NaN,0.461538461538462
NaN,NaN,NaN,NaN,NaN,NaN,0.42,0.230769230769231
NaN,0.75,0.147982062780269,0.650889679715303,0.658116773540331,NaN,NaN,0.384615384615385
0.621212121212121,NaN,NaN,NaN,0.333783327708404,NaN,0.35,NaN
NaN,0.37037037037037,NaN,NaN,NaN,NaN,0.179,NaN
0.484848484848485,0.509259259259259,0.0941704035874439,0.194483985765125,NaN,0.11558784676354,0.148,NaN
NaN,0.666666666666667,0.134529147982063,0.395907473309609,0.296996287546406,0.285997357992074,0.335,0.269230769230769
0.598484848484849,NaN,0.130044843049327,NaN,0.309146135673304,NaN,0.265,NaN
0.348484848484849,0.361111111111111,NaN,0.0932384341637011,0.0691866351670604,0.0640686922060766,NaN,0.230769230769231
0.568181818181818,0.546296296296296,0.0986547085201794,0.226334519572954,0.178872764090449,NaN,NaN,0.153846153846154
0.727272727272727,0.712962962962963,0.143497757847534,0.434163701067616,0.34694566317921,NaN,NaN,NaN
0.666666666666667,NaN,NaN,0.359608540925267,NaN,0.143989431968296,0.3,0.346153846153846
0.462121212121212,NaN,0.0986547085201794,0.178291814946619,0.122848464394195,0.147291941875826,NaN,0.230769230769231
NaN,0.638888888888889,NaN,0.371886120996441,NaN,NaN,NaN,NaN
0.795454545454546,0.759259259259259,NaN,NaN,0.503543705703679,0.459709379128137,0.369,NaN
0.666666666666667,0.722222222222222,0.147982062780269,NaN,0.292946338170773,NaN,NaN,0.384615384615385
0.643939393939394,NaN,NaN,NaN,NaN,0.315719947159841,0.325,0.269230769230769
NaN,NaN,0.125560538116592,0.379003558718861,0.346608167397908,NaN,NaN,0.230769230769231
0.712121212121212,0.703703703703704,0.15695067264574,NaN,0.499493756328046,0.538309114927345,NaN,0.307692307692308
NaN,NaN,0.0852017937219731,0.172419928825623,0.137360782990213,NaN,0.1455,0.192307692307692
NaN,NaN,0.0852017937219731,NaN,NaN,0.142668428005284,0.1255,0.192307692307692
0.696969696969697,0.675925925925926,0.139013452914798,NaN,0.319271009112386,0.394980184940555,NaN,0.269230769230769
0.833333333333333,0.814814814814815,NaN,NaN,0.422882213972325,0.539630118890357,0.485,0.384615384615385
0.765151515151515,0.731481481481481,0.134529147982063,NaN,NaN,NaN,0.34,0.269230769230769
0.757575757575758,NaN,NaN,0.620462633451957,0.458994262571718,0.409511228533686,NaN,0.307692307692308
0.659090909090909,NaN,NaN,NaN,NaN,NaN,NaN,NaN
0.666666666666667,NaN,NaN,0.451779359430605,NaN,0.291941875825627,NaN,0.384615384615385
NaN,0.509259259259259,NaN,0.204270462633452,NaN,NaN,NaN,0.192307692307692
NaN,NaN,NaN,NaN,0.39385757678029,0.299867899603699,NaN,NaN
0.712121212121212,NaN,NaN,NaN,NaN,NaN,0.3195,0.384615384615385
0.46969696969697,NaN,NaN,NaN,NaN,0.107661822985469,NaN,NaN
NaN,0.611111111111111,0.130044843049327,NaN,NaN,NaN,NaN,NaN
NaN,0.740740740740741,NaN,NaN,0.43334458319271,0.35336856010568,NaN,0.346153846153846
NaN,0.638888888888889,0.130044843049327,NaN,0.355383057711779,0.35667107001321,NaN,NaN
0.598484848484849,NaN,0.139013452914798,NaN,NaN,NaN,NaN,0.384615384615385
0.863636363636364,NaN,0.174887892376682,0.756405693950178,NaN,NaN,NaN,0.576923076923077
0.666666666666667,0.666666666666667,0.134529147982063,0.388790035587189,NaN,NaN,0.3295,0.230769230769231
NaN,NaN,NaN,0.318327402135231,NaN,NaN,NaN,0.423076923076923
NaN,0.87962962962963,NaN,0.883807829181495,NaN,0.619550858652576,0.695,NaN
NaN,NaN,NaN,NaN,0.253459331758353,NaN,NaN,0.269230769230769
0.681818181818182,NaN,NaN,0.387188612099644,NaN,NaN,NaN,0.230769230769231
0.636363636363636,0.685185185185185,0.121076233183857,0.313701067615658,0.28147148160648,NaN,0.243,NaN
0.704545454545455,NaN,NaN,NaN,NaN,NaN,NaN,NaN
0.71969696969697,0.731481481481481,0.143497757847534,0.429003558718861,NaN,NaN,0.335,NaN
NaN,NaN,NaN,NaN,0.359433007087411,NaN,0.3065,NaN
0.742424242424243,NaN,0.15695067264574,NaN,0.430644616942288,0.387054161162483,0.42,0.346153846153846
0.787878787878788,0.814814814814815,NaN,NaN,0.374957813027337,NaN,NaN,NaN
NaN,0.75,NaN,0.453202846975089,0.400607492406345,NaN,NaN,0.230769230769231
0.856060606060606,NaN,NaN,0.606227758007117,0.566992912588593,0.533685601056803,NaN,0.307692307692308
0.583333333333333,NaN,NaN,0.285231316725979,0.194397570030375,0.198150594451783,NaN,0.269230769230769
0.174242424242424,NaN,0.0493273542600897,0.0322064056939502,0.0269996625042187,0.0198150594451783,0.031,0.153846153846154
NaN,0.268518518518519,0.062780269058296,0.0670818505338078,NaN,0.023778071334214,0.045,NaN
NaN,0.62962962962963,0.130044843049327,NaN,0.275734053324333,0.253632760898283,NaN,NaN
NaN,NaN,0.0941704035874439,NaN,0.258859264259197,NaN,NaN,NaN
0.446969696969697,NaN,NaN,NaN,0.151535605804927,0.177014531043593,NaN,NaN
0.75,0.740740740740741,0.130044843049327,NaN,0.426594667566655,0.379788639365918,NaN,NaN
0.310606060606061,0.287037037037037,0.0672645739910314,0.0679715302491103,NaN,NaN,NaN,0.192307692307692
NaN,NaN,NaN,NaN,NaN,0.103038309114927,NaN,0.346153846153846
0.522727272727273,NaN,NaN,0.246797153024911,NaN,NaN,NaN,0.307692307692308
NaN,0.805555555555556,0.130044843049327,NaN,0.399595005062437,NaN,0.49,0.461538461538462
0.712121212121212,NaN,0.139013452914798,NaN,0.382045224434695,0.392998678996037,0.356,0.230769230769231
NaN,NaN,NaN,NaN,NaN,NaN,NaN,0.269230769230769
NaN,NaN,NaN,0.329893238434164,0.231522105973675,0.284676354029062,NaN,NaN
0.462121212121212,NaN,0.0986547085201794,NaN,NaN,NaN,0.185,0.192307692307692
0.727272727272727,0.768518518518518,0.147982062780269,NaN,NaN,0.416116248348745,0.358,NaN
0.621212121212121,0.638888888888889,NaN,0.327402135231317,0.279784002699966,0.23778071334214,0.255,NaN
NaN,NaN,NaN,NaN,NaN,NaN,NaN,NaN
0.303030303030303,NaN,0.062780269058296,0.0660142348754448,NaN,NaN,NaN,NaN
0.606060606060606,0.583333333333333,NaN,0.337188612099644,NaN,NaN,0.235,NaN
NaN,NaN,NaN,0.262811387900356,NaN,0.230515191545575,0.27,NaN
0.75,0.75,0.161434977578475,NaN,NaN,0.471598414795244,0.435,NaN
NaN,NaN,0.10762331838565,0.235231316725979,NaN,0.182959048877147,NaN,0.230769230769231
NaN,0.777777777777778,NaN,NaN,0.42591967600405,NaN,0.425,NaN
0.568181818181818,NaN,0.121076233183857,0.271174377224199,0.15558555518056,0.182959048877147,NaN,0.653846153846154
0.583333333333333,0.675925925925926,0.125560538116592,0.427580071174377,0.353695578805265,0.40224570673712,0.335,0.5
0.507575757575758,NaN,NaN,NaN,NaN,NaN,0.145,NaN
0.333333333333333,NaN,NaN,NaN,NaN,NaN,NaN,0.0769230769230769
0.409090909090909,0.398148148148148,0.0762331838565023,NaN,0.0877489031387108,0.0918097754293263,0.105,0.153846153846154
NaN,NaN,NaN,NaN,NaN,NaN,0.4345,NaN
NaN,NaN,NaN,0.386476868327402,NaN,NaN,NaN,0.307692307692308
NaN,0.814814814814815,NaN,0.591992882562278,0.538980762740466,0.526420079260238,0.3915,NaN
NaN,0.62037037037037,NaN,NaN,NaN,0.282694848084544,NaN,0.192307692307692
0.477272727272727,0.462962962962963,0.0807174887892377,NaN,0.177860276746541,0.180317040951123,0.124,0.153846153846154
0.765151515151515,NaN,NaN,0.557829181494662,NaN,0.459048877146631,0.4,NaN
NaN,NaN,NaN,NaN,0.235234559568005,NaN,0.1745,0.192307692307692
NaN,0.712962962962963,NaN,0.454804270462633,0.387445156935538,NaN,0.35,NaN
0.484848484848485,0.490740740740741,NaN,NaN,0.182585217684779,0.147952443857332,0.175,0.269230769230769
NaN,NaN,0.147982062780269,NaN,0.356395545055687,NaN,NaN,0.384615384615385
NaN,0.592592592592593,0.0986547085201794,0.280071174377224,0.206884913938576,0.222589167767503,0.258,0.384615384615385
0.598484848484849,0.62962962962963,0.121076233183857,NaN,0.27033412082349,0.26221928665786,NaN,0.269230769230769
NaN,NaN,0.15695067264574,0.501423487544484,NaN,NaN,0.373,NaN
NaN,0.583333333333333,NaN,0.33220640569395,NaN,0.312417437252312,0.273,0.538461538461539
0.765151515151515,0.768518518518518,0.130044843049327,NaN,NaN,0.417437252311757,0.389,0.384615384615385
0.848484848484849,0.814814814814815,0.15695067264574,0.707829181494662,NaN,0.533685601056803,0.5025,0.346153846153846
0.712121212121212,0.703703703703704,NaN,0.395551601423488,NaN,0.308454425363276,NaN,NaN
NaN,NaN,NaN,NaN,0.411407357408032,NaN,NaN,NaN
0.515151515151515,NaN,NaN,0.219928825622776,0.200472494093824,NaN,NaN,NaN
0.598484848484849,NaN,NaN,NaN,0.226122173472832,NaN,0.21,0.230769230769231
NaN,NaN,NaN,0.506227758007117,NaN,0.489431968295905,0.3295,0.230769230769231
0.416666666666667,0.425925925925926,NaN,NaN,0.0995612554843064,NaN,NaN,0.192307692307692
0.189393939393939,NaN,NaN,0.0270462633451957,0.0178872764090449,0.0244385733157199,NaN,NaN
NaN,0.453703703703704,0.0986547085201794,NaN,NaN,NaN,0.185,NaN
NaN,0.583333333333333,NaN,NaN,0.173810327370908,NaN,0.27,NaN
NaN,NaN,0.121076233183857,NaN,NaN,NaN,NaN,0.192307692307692
NaN,NaN,NaN,0.48914590747331,0.431994600067499,NaN,0.3685,NaN
NaN,0.62962962962963,0.116591928251121,0.399110320284698,NaN,NaN,0.285,0.192307692307692
0.43939393939394,0.416666666666667,0.0852017937219731,NaN,0.132298346270672,NaN,0.1145,0.115384615384615
NaN,NaN,NaN,0.223309608540925,0.231184610192373,0.148612945838838,0.13,0.192307692307692
0.674242424242424,NaN,0.139013452914798,0.39661921708185,0.292946338170773,0.348745046235139,NaN,0.307692307692308
0.734848484848485,0.75,0.0582959641255605,NaN,NaN,NaN,NaN,NaN
0.734848484848485,NaN,0.134529147982063,NaN,NaN,0.434610303830912,NaN,0.192307692307692
0.636363636363636,NaN,NaN,0.334341637010676,0.29260884238947,0.218626155878468,NaN,NaN
NaN,NaN,NaN,0.199288256227758,0.128923388457644,0.16776750330251,0.1795,NaN
NaN,0.62962962962963,0.116591928251121,0.258185053380783,NaN,0.18560105680317,0.2615,NaN
NaN,NaN,NaN,NaN,NaN,0.322985468956407,0.344,0.269230769230769
NaN,0.583333333333333,0.116591928251121,NaN,0.135335808302396,0.247688243064729,0.235,NaN
0.651515151515151,NaN,0.147982062780269,NaN,NaN,NaN,NaN,NaN
0.507575757575758,NaN,NaN,NaN,NaN,0.159180977542933,NaN,0.230769230769231
0.757575757575758,NaN,NaN,0.480960854092527,0.389470131623355,0.460369881109643,0.391,NaN
NaN,0.472222222222222,0.0717488789237668,0.177402135231317,NaN,NaN,0.145,NaN
NaN,0.675925925925926,NaN,0.387010676156584,0.308471144110699,0.404887714663144,NaN,0.269230769230769
NaN,0.814814814814815,0.170403587443946,0.764946619217082,0.741815727303409,NaN,0.399,0.269230769230769
0.606060606060606,NaN,NaN,0.383096085409253,0.276409044886939,0.276089828269485,NaN,0.461538461538462
0.674242424242424,0.675925925925926,NaN,0.381494661921708,0.267634154573068,NaN,NaN,0.423076923076923
0.818181818181818,0.787037037037037,0.143497757847534,NaN,0.364495443806952,0.367899603698811,0.46,0.269230769230769
0.818181818181818,NaN,0.143497757847534,NaN,NaN,NaN,0.5,NaN
0.371212121212121,0.361111111111111,0.103139013452915,NaN,0.0604117448531893,0.0852047556142669,NaN,0.230769230769231
NaN,0.657407407407407,NaN,NaN,0.246034424569693,NaN,0.285,NaN
0.71969696969697,NaN,NaN,NaN,0.288221397232535,NaN,NaN,0.769230769230769
NaN,NaN,0.15695067264574,NaN,0.353695578805265,NaN,NaN,NaN
NaN,0.638888888888889,NaN,0.303024911032028,NaN,0.23447820343461,0.263,0.192307692307692
0.712121212121212,0.712962962962963,0.130044843049327,NaN,0.423219709753628,0.249669749009247,NaN,0.384615384615385
0.53030303030303,NaN,NaN,0.222953736654804,0.190685116436045,NaN,0.15,NaN
0.681818181818182,NaN,NaN,NaN,NaN,0.370541611624835,0.288,NaN
0.772727272727273,0.851851851851852,0.152466367713004,NaN,NaN,0.395640686922061,NaN,0.384615384615385
NaN,0.722222222222222,0.139013452914798,0.461921708185053,NaN,NaN,NaN,NaN
0.696969696969697,0.694444444444444,0.130044843049327,0.406405693950178,NaN,NaN,0.31,0.269230769230769
NaN,0.796296296296296,NaN,0.55373665480427,0.463719203509956,0.416116248348745,NaN,NaN
0.75,0.75,NaN,NaN,NaN,NaN,0.4,0.384615384615385
0.636363636363636,0.694444444444444,0.134529147982063,NaN,NaN,0.344782034346103,0.295,NaN
NaN,NaN,0.121076233183857,0.398220640569395,0.350995612554843,0.345442536327609,0.29,0.230769230769231
0.628787878787879,NaN,0.143497757847534,NaN,NaN,0.215984147952444,0.29,NaN
0.772727272727273,0.768518518518518,0.134529147982063,0.470640569395018,0.36787040161998,0.468295904887715,0.345,NaN
NaN,NaN,NaN,0.0693950177935943,0.0401619979750253,NaN,NaN,NaN
NaN,0.833333333333333,NaN,NaN,0.404319946000675,0.366578599735799,0.455,0.461538461538462
0.742424242424243,0.740740740740741,0.165919282511211,0.552313167259786,NaN,0.480845442536328,NaN,NaN
0.856060606060606,0.842592592592592,0.165919282511211,NaN,0.48025649679379,0.504623513870542,NaN,0.307692307692308
NaN,0.712962962962963,0.143497757847534,NaN,0.42963212959838,0.42998678996037,0.72,NaN
0.643939393939394,0.601851851851852,0.125560538116592,0.30711743772242,NaN,0.218626155878468,NaN,NaN
NaN,0.62962962962963,0.121076233183857,NaN,NaN,0.227873183619551,0.2715,NaN
NaN,NaN,NaN,0.289501779359431,NaN,0.218626155878468,0.2,0.461538461538462
NaN,0.666666666666667,NaN,NaN,0.327708403644954,NaN,0.26,NaN
0.477272727272727,NaN,NaN,NaN,NaN,0.147952443857332,0.16,NaN
NaN,NaN,NaN,NaN,NaN,0.379128137384412,0.342,NaN
NaN,0.62962962962963,NaN,NaN,NaN,0.272787318361955,NaN,NaN
0.734848484848485,0.75,0.134529147982063,NaN,0.329395882551468,NaN,NaN,NaN
0.666666666666667,NaN,NaN,NaN,NaN,0.293923381770145,NaN,NaN
NaN,NaN,0.134529147982063,NaN,0.287883901451232,0.285997357992074,0.352,0.230769230769231
0.840909090909091,NaN,NaN,NaN,NaN,0.499339498018494,0.4475,NaN
NaN,NaN,0.165919282511211,0.524377224199288,0.404994937563281,NaN,NaN,0.269230769230769
0.803030303030303,NaN,NaN,NaN,0.545393182585218,NaN,NaN,NaN
0.598484848484849,0.583333333333333,NaN,0.276690391459075,NaN,0.264861294583884,0.21,0.230769230769231
NaN,0.37037037037037,0.0762331838565023,NaN,NaN,0.116908850726552,NaN,0.153846153846154
NaN,0.657407407407407,0.139013452914798,0.347330960854093,0.256496793790078,NaN,0.26,0.346153846153846
NaN,0.25,0.062780269058296,NaN,NaN,NaN,0.05,NaN
0.643939393939394,0.638888888888889,0.103139013452915,NaN,0.272359095511306,NaN,0.22,NaN
NaN,0.611111111111111,0.10762331838565,0.338256227758007,NaN,NaN,0.2555,NaN
NaN,0.657407407407407,NaN,0.312455516014235,0.207897401282484,0.336195508586526,NaN,0.269230769230769
NaN,NaN,NaN,NaN,NaN,0.28996036988111,0.315,NaN
NaN,0.740740740740741,0.147982062780269,0.592348754448399,NaN,NaN,0.3885,0.384615384615385
0.462121212121212,NaN,0.0896860986547085,NaN,NaN,NaN,0.1115,0.115384615384615
NaN,NaN,0.161434977578475,0.622241992882562,NaN,0.473579920739762,0.465,NaN
NaN,0.444444444444444,NaN,0.143772241992883,NaN,NaN,NaN,0.153846153846154
0.757575757575758,0.805555555555556,NaN,0.571886120996441,0.438069524130948,0.391017173051519,NaN,0.346153846153846
0.674242424242424,0.555555555555555,NaN,0.32864768683274,NaN,NaN,NaN,NaN
0.787878787878788,NaN,NaN,0.444661921708185,NaN,0.391017173051519,0.32,NaN
NaN,0.611111111111111,0.125560538116592,NaN,0.206884913938576,NaN,NaN,0.5
0.681818181818182,NaN,0.134529147982063,NaN,0.290583867701654,NaN,0.325,0.423076923076923
NaN,NaN,NaN,NaN,0.29260884238947,NaN,NaN,NaN
NaN,NaN,0.125560538116592,0.470284697508897,0.410732365845427,0.418097754293263,0.33,NaN
0.674242424242424,NaN,NaN,0.406227758007117,0.347958150523119,0.291281373844122,NaN,NaN
0.53030303030303,0.518518518518518,NaN,0.198220640569395,NaN,NaN,0.141,0.192307692307692
NaN,NaN,0.15695067264574,NaN,NaN,0.564729194187583,NaN,NaN
NaN,NaN,0.165919282511211,NaN,NaN,0.433949801849406,NaN,0.346153846153846
NaN,NaN,0.0224215246636771,0.00302491103202847,NaN,0.00396301188903567,NaN,0.0384615384615385
NaN,NaN,0.103139013452915,0.240213523131673,NaN,NaN,0.17,0.269230769230769
NaN,NaN,NaN,0.438256227758007,NaN,0.382430647291942,NaN,0.269230769230769
0.431818181818182,0.435185185185185,0.0807174887892377,NaN,0.106986162672967,0.105680317040951,NaN,NaN
NaN,NaN,0.152466367713004,0.479181494661922,NaN,0.40885072655218,NaN,0.269230769230769
0.727272727272727,0.731481481481481,NaN,NaN,NaN,0.410832232496697,NaN,NaN
NaN,NaN,0.139013452914798,0.547330960854093,0.531893351333108,0.456406869220608,0.3645,NaN
NaN,NaN,0.121076233183857,0.333629893238434,0.228147148160648,0.291281373844122,0.3,NaN
NaN,NaN,0.0896860986547085,0.123131672597865,NaN,0.0878467635402906,0.112,0.192307692307692
0.878787878787879,0.888888888888889,0.179372197309417,NaN,NaN,0.528401585204756,NaN,0.307692307692308
0.628787878787879,NaN,0.130044843049327,0.340213523131673,NaN,0.332892998678996,0.255,0.346153846153846
NaN,0.462962962962963,NaN,NaN,0.11846101923726,NaN,0.145,0.269230769230769
0.651515151515151,0.648148148148148,0.121076233183857,0.351601423487545,NaN,NaN,NaN,NaN
0.833333333333333,NaN,NaN,NaN,NaN,0.481505944517834,NaN,0.384615384615385
NaN,NaN,0.112107623318386,NaN,0.351670604117449,NaN,0.345,0.307692307692308
NaN,NaN,NaN,0.448220640569395,NaN,NaN,NaN,NaN
0.462121212121212,0.472222222222222,NaN,0.154092526690391,0.106986162672967,0.105680317040951,NaN,NaN
NaN,NaN,0.112107623318386,0.217615658362989,NaN,NaN,NaN,NaN
NaN,NaN,NaN,NaN,0.309483631454607,NaN,NaN,NaN
0.378787878787879,0.398148148148148,NaN,0.120996441281139,NaN,NaN,0.112,0.230769230769231
0.704545454545455,NaN,NaN,0.380604982206406,NaN,NaN,0.345,NaN
NaN,0.611111111111111,0.143497757847534,0.270106761565836,0.197097536280796,NaN,NaN,0.307692307692308
NaN,NaN,NaN,0.841814946619217,NaN,0.657199471598415,0.619,0.269230769230769
NaN,NaN,0.15695067264574,0.411209964412811,0.2591967600405,0.307133421400264,0.395,NaN
0.363636363636364,NaN,NaN,NaN,NaN,NaN,0.1145,NaN
0.681818181818182,0.703703703703704,NaN,0.409786476868327,NaN,0.379128137384412,0.3695,NaN
0.53030303030303,0.555555555555555,0.121076233183857,0.220284697508897,0.159635504556193,NaN,0.21,NaN
0.598484848484849,NaN,0.10762331838565,0.284341637010676,0.283833952075599,NaN,NaN,NaN
0.810606060606061,0.731481481481481,NaN,NaN,0.598380020249747,NaN,NaN,0.269230769230769
0.5,NaN,NaN,NaN,NaN,0.320343461030383,0.2315,NaN
0.712121212121212,0.666666666666667,NaN,NaN,0.30003374957813,NaN,NaN,NaN
0.613636363636364,0.62962962962963,0.130044843049327,0.358718861209964,0.28518393520081,NaN,0.295,NaN
NaN,NaN,NaN,0.364590747330961,0.288558893013837,NaN,NaN,0.269230769230769
NaN,0.518518518518518,0.112107623318386,0.23576512455516,0.225784677691529,NaN,0.114,NaN
0.553030303030303,0.518518518518518,0.0941704035874439,NaN,0.190347620654742,NaN,0.156,0.153846153846154
0.772727272727273,0.731481481481481,0.134529147982063,NaN,NaN,0.415455746367239,0.355,0.230769230769231
NaN,0.740740740740741,NaN,NaN,NaN,0.334874504623514,NaN,NaN
0.636363636363636,NaN,NaN,0.3355871886121,0.297333783327708,NaN,0.27,NaN
0.643939393939394,0.62962962962963,NaN,0.325444839857651,NaN,0.321003963011889,NaN,0.230769230769231
NaN,NaN,0.0986547085201794,NaN,NaN,NaN,NaN,0.461538461538462
0.477272727272727,0.481481481481481,NaN,0.18914590747331,NaN,0.17107001321004,NaN,0.346153846153846
0.696969696969697,0.638888888888889,NaN,NaN,0.326358420519744,NaN,NaN,0.269230769230769
0.651515151515151,0.740740740740741,NaN,0.427935943060498,NaN,0.31439894319683,NaN,0.307692307692308
NaN,0.842592592592592,NaN,0.586832740213523,0.503881201484982,NaN,NaN,NaN
0.71969696969697,NaN,NaN,0.497508896797153,NaN,0.385072655217966,0.3505,0.384615384615385
NaN,NaN,0.0896860986547085,0.151067615658363,NaN,0.131439894319683,0.125,0.192307692307692
NaN,NaN,0.112107623318386,NaN,0.222409719878502,NaN,0.185,0.153846153846154
NaN,0.296296296296296,NaN,0.0638790035587189,NaN,NaN,0.054,NaN
0.681818181818182,NaN,NaN,NaN,NaN,0.268163804491413,0.31,0.269230769230769
NaN,0.203703703703704,NaN,0.054982206405694,0.04691191360108,0.0442536327608983,0.045,0.115384615384615
0.393939393939394,0.388888888888889,NaN,NaN,NaN,NaN,0.099,NaN
0.712121212121212,NaN,NaN,0.486832740213523,NaN,NaN,0.34,0.307692307692308
NaN,0.62962962962963,0.130044843049327,0.316370106761566,0.268984137698279,0.288639365918098,NaN,NaN
NaN,NaN,NaN,NaN,NaN,0.352708058124174,0.43,0.769230769230769
NaN,0.555555555555555,0.0896860986547085,NaN,0.276409044886939,NaN,NaN,NaN
0.643939393939394,0.601851851851852,NaN,NaN,NaN,0.269484808454425,0.187,0.153846153846154
0.803030303030303,0.842592592592592,0.143497757847534,NaN,NaN,0.491413474240423,NaN,0.307692307692308
0.643939393939394,0.666666666666667,0.134529147982063,0.324377224199288,NaN,NaN,0.31,NaN
NaN,NaN,0.130044843049327,0.486476868327402,NaN,NaN,NaN,NaN
0.863636363636364,0.833333333333333,0.152466367713004,NaN,0.584880188997638,0.480845442536328,0.43,0.307692307692308
0.674242424242424,0.62962962962963,NaN,NaN,0.359433007087411,0.293262879788639,0.302,NaN
NaN,NaN,NaN,NaN,0.266284171447857,NaN,0.38,NaN
0.643939393939394,0.62962962962963,NaN,NaN,0.21228484643942,NaN,NaN,0.192307692307692
0.628787878787879,0.611111111111111,NaN,0.329537366548043,0.252446844414445,0.297886393659181,NaN,0.230769230769231
0.53030303030303,NaN,0.0852017937219731,NaN,0.201484981437732,NaN,0.17,NaN
0.446969696969697,0.462962962962963,NaN,0.174733096085409,0.145460681741478,NaN,NaN,NaN
0.628787878787879,NaN,NaN,0.307651245551601,NaN,NaN,0.233,0.384615384615385
0.734848484848485,NaN,0.121076233183857,0.385231316725979,NaN,0.289299867899604,0.3125,0.269230769230769
0.43939393939394,NaN,NaN,0.177758007117438,NaN,NaN,0.154,NaN
0.636363636363636,NaN,NaN,0.358362989323843,NaN,0.28335535006605,0.223,NaN
NaN,NaN,NaN,0.0859430604982206,NaN,0.0634081902245707,0.08,NaN
0.643939393939394,NaN,NaN,0.303202846975089,0.261221734728316,NaN,NaN,0.230769230769231
NaN,NaN,0.147982062780269,NaN,0.279446506918664,0.366578599735799,0.355,0.384615384615385
0.681818181818182,NaN,0.130044843049327,0.421886120996441,0.277084036449544,0.375825627476882,0.375,0.230769230769231
0.606060606060606,0.62037037037037,NaN,0.402491103202847,NaN,0.318361955085865,NaN,0.192307692307692
NaN,0.648148148148148,0.134529147982063,NaN,NaN,0.252972258916777,0.231,NaN
NaN,NaN,0.0582959641255605,0.05,NaN,0.0416116248348745,NaN,NaN
0.621212121212121,NaN,0.125560538116592,0.37153024911032,0.315221059736753,0.313077939233818,0.26,NaN
NaN,0.787037037037037,NaN,0.566014234875445,NaN,NaN,0.475,0.423076923076923
NaN,NaN,0.103139013452915,0.2644128113879,NaN,0.256274768824306,0.2,NaN
NaN,0.638888888888889,0.116591928251121,0.329715302491103,0.285858926763415,0.236459709379128,0.272,0.307692307692308
NaN,0.592592592592593,NaN,0.293238434163701,NaN,NaN,0.2355,0.269230769230769
NaN,0.592592592592593,0.0941704035874439,0.372241992882562,NaN,0.21664464993395,NaN,NaN
NaN,0.574074074074074,0.10762331838565,0.218505338078292,0.185622679716504,0.163804491413474,NaN,NaN
0.651515151515151,0.62962962962963,NaN,0.395729537366548,NaN,NaN,NaN,0.307692307692308
NaN,NaN,NaN,0.372419928825623,0.337495781302734,0.231836195508587,NaN,0.346153846153846
0.666666666666667,0.638888888888889,0.121076233183857,NaN,NaN,NaN,0.265,0.230769230769231
NaN,0.666666666666667,0.210762331838565,0.451067615658363,NaN,0.322985468956407,NaN,NaN
NaN,NaN,0.121076233183857,0.307473309608541,NaN,0.194187582562748,0.2575,0.307692307692308
0.643939393939394,NaN,0.147982062780269,NaN,0.329395882551468,0.352708058124174,0.366,0.192307692307692
0.0303030303030303,NaN,0.0224215246636771,0.00533807829181495,NaN,0.0059445178335535,NaN,0.0769230769230769
0.681818181818182,0.731481481481481,NaN,NaN,0.487343908201148,NaN,NaN,NaN
NaN,0.462962962962963,0.0852017937219731,NaN,0.15558555518056,NaN,0.125,0.115384615384615
NaN,NaN,0.103139013452915,NaN,NaN,0.490092470277411,NaN,0.346153846153846
0.666666666666667,NaN,0.121076233183857,NaN,0.391495106311171,NaN,NaN,NaN
0.659090909090909,0.648148148148148,NaN,0.354448398576513,NaN,NaN,0.2515,0.192307692307692
0.840909090909091,0.861111111111111,NaN,NaN,NaN,NaN,NaN,0.461538461538462
NaN,NaN,0.152466367713004,NaN,NaN,0.385733157199472,NaN,0.538461538461539
0.742424242424243,NaN,NaN,NaN,NaN,NaN,NaN,NaN
NaN,NaN,NaN,0.655160142348755,0.565642929463382,NaN,NaN,NaN
0.71969696969697,NaN,NaN,NaN,0.368882888963888,0.419418758256275,0.345,NaN
0.689393939393939,NaN,NaN,NaN,NaN,0.336195508586526,NaN,0.307692307692308
NaN,NaN,0.152466367713004,NaN,NaN,0.536327608982827,0.494,NaN
0.416666666666667,NaN,NaN,0.115480427046263,0.0843739453256834,0.108322324966975,0.107,0.423076923076923
NaN,NaN,0.0986547085201794,NaN,NaN,0.120871862615588,NaN,0.269230769230769
NaN,0.768518518518518,NaN,NaN,NaN,NaN,0.402,NaN
0.507575757575758,NaN,NaN,NaN,NaN,0.235138705416116,0.205,NaN
0.598484848484849,NaN,NaN,0.280071174377224,0.160310496118799,0.212021136063408,NaN,0.269230769230769
0.643939393939394,NaN,0.143497757847534,0.409074733096085,NaN,NaN,0.3005,0.230769230769231
0.431818181818182,0.472222222222222,NaN,NaN,NaN,0.14663143989432,NaN,0.269230769230769
NaN,NaN,0.130044843049327,NaN,NaN,0.165125495376486,NaN,0.423076923076923
0.825757575757576,0.861111111111111,NaN,NaN,0.403982450219372,NaN,NaN,NaN
0.507575757575758,NaN,0.121076233183857,NaN,NaN,0.186261558784676,0.185,NaN
NaN,0.592592592592593,NaN,NaN,NaN,0.303170409511229,NaN,NaN
0.189393939393939,0.185185185185185,NaN,NaN,NaN,NaN,0.0295,NaN
0.590909090909091,NaN,0.130044843049327,NaN,NaN,NaN,NaN,NaN
NaN,NaN,NaN,0.263345195729537,0.249071886601417,NaN,0.196,NaN
NaN,NaN,NaN,NaN,0.0371245359433007,NaN,0.052,0.192307692307692
NaN,0.537037037037037,0.112107623318386,0.255160142348755,NaN,0.204095112285337,NaN,NaN
0.590909090909091,0.546296296296296,0.143497757847534,0.343238434163701,NaN,NaN,NaN,0.576923076923077
NaN,0.166666666666667,0.0582959641255605,NaN,NaN,NaN,NaN,0.0769230769230769
NaN,NaN,NaN,0.404804270462633,0.335133310833615,0.326948480845443,0.29,0.461538461538462
NaN,NaN,0.15695067264574,0.638078291814947,0.470469119136011,0.509247027741083,NaN,0.576923076923077
0.636363636363636,0.685185185185185,0.121076233183857,NaN,NaN,0.250990752972259,0.285,NaN
NaN,0.787037037037037,NaN,0.49626334519573,0.395207559905501,0.415455746367239,NaN,0.5
NaN,NaN,0.130044843049327,0.316903914590747,NaN,0.285336856010568,0.29,0.384615384615385
NaN,0.37037037037037,NaN,0.095729537366548,NaN,NaN,0.095,NaN
NaN,NaN,NaN,0.221886120996441,NaN,0.197490092470277,0.155,0.307692307692308
0.787878787878788,NaN,NaN,NaN,NaN,0.468956406869221,0.4485,0.384615384615385
0.553030303030303,NaN,NaN,0.275978647686833,NaN,NaN,0.1765,0.269230769230769
0.742424242424243,0.731481481481481,NaN,NaN,0.366857914276072,NaN,NaN,NaN
0.522727272727273,0.472222222222222,0.103139013452915,0.206049822064057,NaN,0.139365918097754,NaN,0.230769230769231
NaN,0.601851851851852,NaN,0.306761565836299,0.221397232534593,NaN,NaN,NaN
0.613636363636364,NaN,0.121076233183857,NaN,0.301383732703341,0.208718626155878,NaN,0.192307692307692
NaN,0.740740740740741,0.143497757847534,NaN,0.381370232872089,NaN,0.385,NaN
NaN,0.601851851851852,0.125560538116592,0.373487544483986,0.323658454269322,0.303830911492735,NaN,0.192307692307692
0.560606060606061,0.611111111111111,0.0986547085201794,NaN,0.211947350658117,0.206076618229855,NaN,0.153846153846154
NaN,0.703703703703704,NaN,0.388612099644128,0.298346270671617,0.282034346103038,0.3545,0.192307692307692
0.727272727272727,NaN,0.143497757847534,0.437010676156584,0.387445156935538,0.409511228533686,0.3,0.269230769230769
0.93939393939394,0.851851851851852,0.183856502242152,0.717615658362989,NaN,NaN,0.6535,0.538461538461539
NaN,0.712962962962963,0.161434977578475,0.456049822064057,0.370907863651704,0.390356671070013,0.365,NaN
0.446969696969697,NaN,0.112107623318386,NaN,NaN,NaN,NaN,0.307692307692308
NaN,NaN,NaN,0.257473309608541,NaN,NaN,NaN,0.384615384615385
0.833333333333333,0.833333333333333,0.183856502242152,NaN,NaN,0.403566710700132,NaN,0.423076923076923
0.712121212121212,NaN,NaN,0.400711743772242,0.386770165372933,NaN,NaN,0.230769230769231
0.704545454545455,0.694444444444444,0.125560538116592,0.419572953736655,NaN,NaN,0.347,0.230769230769231
NaN,NaN,0.125560538116592,NaN,0.364832939588255,0.348084544253633,NaN,NaN
0.659090909090909,NaN,NaN,NaN,NaN,NaN,0.215,0.423076923076923
NaN,0.425925925925926,NaN,0.154448398576512,0.106986162672967,NaN,0.139,NaN
0.636363636363636,0.657407407407407,NaN,NaN,0.343908201147486,NaN,NaN,0.230769230769231
NaN,0.62962962962963,0.112107623318386,NaN,NaN,0.208058124174373,0.2465,0.192307692307692
0.704545454545455,0.712962962962963,NaN,NaN,0.384745190685116,0.331571994715984,NaN,NaN
NaN,0.666666666666667,0.147982062780269,0.391459074733096,0.318933513331083,NaN,NaN,NaN
NaN,0.75,NaN,0.44626334519573,NaN,NaN,0.431,0.346153846153846
0.71969696969697,0.722222222222222,0.147982062780269,NaN,NaN,0.303170409511229,0.3945,NaN
NaN,0.768518518518518,0.161434977578475,0.475622775800712,0.299696253796828,0.319022457067371,0.525,0.384615384615385
0.409090909090909,0.398148148148148,0.0717488789237668,0.129181494661922,0.110698616267297,0.101717305151915,NaN,NaN
NaN,NaN,0.130044843049327,NaN,0.381370232872089,NaN,NaN,NaN
NaN,NaN,0.130044843049327,0.374555160142349,NaN,NaN,NaN,0.269230769230769
0.643939393939394,0.62037037037037,0.10762331838565,NaN,NaN,0.249009247027741,0.215,NaN
0.515151515151515,NaN,0.125560538116592,0.28220640569395,0.153898076274047,NaN,NaN,NaN
0.871212121212121,NaN,NaN,1,0.769490381370233,NaN,NaN,NaN
0.765151515151515,0.75,0.134529147982063,0.509252669039146,NaN,0.389696169088507,0.3705,NaN
0.689393939393939,NaN,NaN,0.437188612099644,NaN,NaN,NaN,0.346153846153846
NaN,0.851851851851852,NaN,NaN,0.497806277421532,NaN,NaN,0.307692307692308
0.840909090909091,0.777777777777778,NaN,0.661565836298932,NaN,0.533025099075297,NaN,0.346153846153846
0.628787878787879,0.638888888888889,NaN,0.357473309608541,NaN,NaN,0.285,0.230769230769231
NaN,NaN,0.147982062780269,NaN,NaN,0.298546895640687,NaN,NaN
0.681818181818182,NaN,0.112107623318386,NaN,NaN,NaN,NaN,0.230769230769231
0.204545454545455,0.185185185185185,0.0538116591928251,0.0923487544483986,0.0718866014174823,0.0852047556142669,NaN,0.115384615384615
NaN,NaN,0.161434977578475,NaN,0.514681066486669,0.498018494055482,NaN,0.307692307692308
0.742424242424243,0.703703703703704,0.179372197309417,0.494839857651246,0.283496456294296,NaN,0.505,NaN
0.696969696969697,0.675925925925926,0.139013452914798,NaN,0.315558555518056,0.378467635402906,NaN,0.307692307692308
0.583333333333333,NaN,0.143497757847534,NaN,0.212959838002025,0.225891677675033,NaN,NaN
0.151515151515152,0.157407407407407,0.0448430493273543,0.0229537366548043,NaN,0.0198150594451783,0.022,NaN
0.598484848484849,NaN,NaN,NaN,NaN,0.212021136063408,0.19,NaN
NaN,0.453703703703704,0.0896860986547085,NaN,0.127573405332433,NaN,NaN,NaN
NaN,0.685185185185185,0.143497757847534,NaN,NaN,NaN,0.51,NaN
0.643939393939394,NaN,0.121076233183857,0.391459074733096,0.371920350995613,NaN,NaN,NaN
0.643939393939394,NaN,0.0941704035874439,NaN,0.27775902801215,NaN,NaN,NaN
0.568181818181818,0.555555555555555,NaN,0.283274021352313,NaN,NaN,NaN,NaN
NaN,NaN,0.152466367713004,NaN,NaN,NaN,NaN,0.384615384615385
0.636363636363636,0.675925925925926,0.116591928251121,0.299466192170819,0.242996962537968,0.224570673712021,0.264,0.230769230769231
NaN,0.740740740740741,0.121076233183857,NaN,0.363482956463044,0.433949801849406,0.315,0.230769230769231
NaN,0.722222222222222,NaN,NaN,0.338508268646642,0.410832232496697,NaN,0.576923076923077
0.515151515151515,0.490740740740741,NaN,0.216725978647687,0.185960175497806,0.184940554821664,0.15,NaN
0.727272727272727,0.722222222222222,NaN,0.441637010676157,0.359433007087411,0.381770145310436,0.345,NaN
0.818181818181818,NaN,0.143497757847534,0.534163701067616,NaN,0.538309114927345,NaN,0.461538461538462
0.901515151515152,NaN,NaN,NaN,0.712116098548768,NaN,NaN,NaN
0.53030303030303,0.490740740740741,NaN,NaN,0.173472831589605,NaN,0.162,0.269230769230769
NaN,0.657407407407407,0.112107623318386,0.335409252669039,NaN,0.235799207397622,NaN,0.230769230769231
0.71969696969697,NaN,0.116591928251121,0.402669039145907,0.363820452244347,0.347424042272127,0.2835,NaN
0.545454545454546,NaN,NaN,0.334341637010676,0.225784677691529,NaN,NaN,0.384615384615385
0.727272727272727,NaN,0.139013452914798,0.429893238434164,0.354708066149173,0.354029062087186,0.349,NaN
0.757575757575758,NaN,NaN,0.502669039145907,NaN,0.416116248348745,NaN,NaN
0.53030303030303,NaN,NaN,0.223487544483986,0.207222409719879,0.192866578599736,0.1465,0.153846153846154
0.666666666666667,NaN,NaN,NaN,NaN,NaN,0.325,0.269230769230769
NaN,0.462962962962963,0.0582959641255605,NaN,0.124535943300709,NaN,NaN,NaN
NaN,0.509259259259259,NaN,NaN,0.137360782990213,0.132760898282695,NaN,NaN
0.522727272727273,0.537037037037037,0.0986547085201794,0.233807829181495,NaN,0.154557463672391,0.1775,0.153846153846154
NaN,0.675925925925926,NaN,0.333451957295374,0.259871751603105,NaN,0.315,NaN
NaN,NaN,NaN,0.411209964412811,0.347958150523119,0.330911492734478,NaN,0.269230769230769
0.560606060606061,0.555555555555555,0.134529147982063,NaN,NaN,NaN,NaN,0.384615384615385
0.492424242424242,NaN,NaN,NaN,NaN,0.165125495376486,NaN,0.307692307692308
NaN,0.814814814814815,NaN,0.48932384341637,0.361795477556531,NaN,NaN,NaN
NaN,0.814814814814815,0.165919282511211,0.672241992882562,NaN,0.577278731836195,NaN,NaN
0.689393939393939,0.675925925925926,NaN,NaN,NaN,NaN,0.261,0.269230769230769
0.628787878787879,NaN,NaN,NaN,NaN,0.307133421400264,NaN,0.269230769230769
NaN,0.777777777777778,NaN,NaN,0.388795140060749,0.441215323645971,NaN,0.423076923076923
0.681818181818182,NaN,0.143497757847534,NaN,0.406682416469794,NaN,NaN,NaN
0.568181818181818,NaN,NaN,NaN,0.197772527843402,NaN,0.24,NaN
NaN,0.740740740740741,NaN,NaN,0.523118461019237,0.421400264200793,NaN,0.346153846153846
NaN,NaN,0.121076233183857,NaN,NaN,NaN,NaN,0.230769230769231
0.628787878787879,0.648148148148148,NaN,NaN,0.361120485993925,NaN,NaN,NaN
NaN,0.722222222222222,NaN,NaN,0.376982787715154,NaN,NaN,0.230769230769231
NaN,NaN,0.112107623318386,NaN,NaN,NaN,NaN,0.461538461538462
0.568181818181818,0.601851851851852,NaN,NaN,0.216672291596355,NaN,NaN,0.346153846153846
NaN,NaN,0.125560538116592,NaN,0.192035099561255,NaN,0.23,0.346153846153846
NaN,NaN,NaN,NaN,0.150860614242322,0.136063408190225,NaN,NaN
NaN,0.768518518518518,0.165919282511211,0.628825622775801,0.614242321970975,0.435270805812417,NaN,NaN
0.765151515151515,0.75,NaN,NaN,0.50118123523456,NaN,NaN,NaN
NaN,NaN,0.139013452914798,0.556761565836299,0.429969625379683,NaN,NaN,0.307692307692308
NaN,0.768518518518518,NaN,0.524021352313167,NaN,NaN,NaN,NaN
NaN,NaN,NaN,NaN,NaN,0.4332892998679,0.475,0.269230769230769
0.689393939393939,0.666666666666667,NaN,NaN,NaN,0.370541611624835,0.32,NaN
0.712121212121212,NaN,NaN,0.385409252669039,0.309146135673304,NaN,0.349,NaN
0.78030303030303,NaN,0.161434977578475,0.50711743772242,NaN,NaN,NaN,0.230769230769231
0.356060606060606,0.324074074074074,NaN,NaN,NaN,0.0752972258916777,0.075,NaN
NaN,NaN,0.165919282511211,NaN,NaN,NaN,0.375,NaN
0.5,NaN,0.0941704035874439,NaN,NaN,0.169088507265522,NaN,NaN
0.643939393939394,NaN,NaN,0.430604982206406,NaN,NaN,0.3215,0.269230769230769
NaN,NaN,NaN,0.665302491103203,NaN,0.537648612945839,0.4845,NaN
0.537878787878788,NaN,0.103139013452915,0.202313167259786,NaN,NaN,NaN,0.384615384615385
0.537878787878788,0.537037037037037,NaN,0.188434163701068,NaN,NaN,NaN,NaN
0.742424242424243,0.75,NaN,NaN,NaN,0.267503302509908,NaN,0.269230769230769
NaN,0.351851851851852,0.0762331838565023,0.0914590747330961,NaN,0.071334214002642,0.075,NaN
0.560606060606061,NaN,0.10762331838565,0.294661921708185,0.287546405669929,0.233817701453104,0.1765,0.230769230769231
NaN,0.657407407407407,0.134529147982063,0.391281138790036,0.344245696928788,0.35667107001321,NaN,0.269230769230769
0.742424242424243,NaN,0.188340807174888,NaN,0.391832602092474,NaN,NaN,NaN
NaN,NaN,NaN,NaN,0.32467094161323,0.338177014531044,0.35,NaN
0.689393939393939,0.685185185185185,NaN,0.372597864768683,NaN,0.293262879788639,NaN,0.307692307692308
NaN,0.722222222222222,NaN,0.393060498220641,0.330070874114074,0.345442536327609,0.315,0.346153846153846
NaN,0.472222222222222,NaN,0.195907473309609,NaN,0.150594451783355,NaN,0.153846153846154
NaN,NaN,0.121076233183857,0.326690391459075,0.253459331758353,0.322324966974901,NaN,NaN
NaN,NaN,NaN,NaN,NaN,NaN,0.26,0.192307692307692
0.689393939393939,NaN,0.134529147982063,0.391637010676157,0.284508943638205,0.287318361955086,NaN,0.461538461538462
0.333333333333333,0.333333333333333,NaN,0.0907473309608541,0.0583867701653729,0.083223249669749,NaN,NaN
0.583333333333333,0.601851851851852,NaN,NaN,0.218359770502869,0.206737120211361,0.208,0.230769230769231
0.742424242424243,NaN,NaN,NaN,NaN,0.342140026420079,NaN,0.269230769230769
0.621212121212121,NaN,NaN,0.296797153024911,0.280121498481269,0.218626155878468,NaN,NaN
NaN,0.62962962962963,NaN,NaN,0.326358420519744,0.329590488771466,0.274,NaN
0.78030303030303,NaN,NaN,NaN,0.467769152885589,0.507265521796565,0.57,NaN
0.522727272727273,NaN,NaN,NaN,NaN,NaN,NaN,0.461538461538462
0.757575757575758,0.740740740740741,NaN,NaN,0.595342558218022,0.536988110964333,0.4145,0.307692307692308
0.598484848484849,NaN,0.103139013452915,0.304270462633452,NaN,0.275429326287979,NaN,0.230769230769231
0.575757575757576,0.537037037037037,0.121076233183857,NaN,0.412757340533243,0.359313077939234,0.2825,0.269230769230769
NaN,0.416666666666667,NaN,NaN,NaN,NaN,0.1265,NaN
0.734848484848485,0.777777777777778,NaN,0.41779359430605,0.31724603442457,0.392338177014531,0.345,0.307692307692308
0.545454545454546,0.518518518518518,NaN,0.248042704626335,0.245021937225785,NaN,NaN,NaN
0.946969696969697,NaN,0.179372197309417,0.940035587188612,NaN,0.654557463672391,0.581,0.307692307692308
0.545454545454546,0.5,0.143497757847534,NaN,NaN,0.204755614266843,0.305,0.423076923076923
NaN,NaN,NaN,0.42153024911032,NaN,0.320343461030383,NaN,0.423076923076923
NaN,0.611111111111111,NaN,NaN,0.261896726290921,0.285997357992074,NaN,NaN
NaN,NaN,NaN,0.429537366548043,NaN,NaN,NaN,0.384615384615385
0.863636363636364,NaN,NaN,0.61067615658363,0.555855551805602,0.521796565389696,0.4,0.307692307692308
NaN,NaN,0.112107623318386,NaN,0.158960512993588,NaN,0.174,0.461538461538462
NaN,0.509259259259259,0.10762331838565,NaN,0.130610867364158,NaN,NaN,NaN
NaN,0.583333333333333,NaN,0.278113879003559,0.196085048936888,NaN,0.26,NaN
0.643939393939394,NaN,NaN,NaN,NaN,0.235138705416116,0.285,0.384615384615385
NaN,0.657407407407407,0.10762331838565,NaN,NaN,NaN,NaN,NaN
0.71969696969697,NaN,NaN,NaN,0.365507931150861,0.324306472919419,0.335,NaN
NaN,NaN,0.10762331838565,0.238434163701068,NaN,0.202774108322325,0.156,0.230769230769231
NaN,0.666666666666667,NaN,0.341103202846975,0.260884238947013,NaN,NaN,0.230769230769231
NaN,0.537037037037037,NaN,NaN,NaN,0.206076618229855,NaN,0.384615384615385
0.727272727272727,0.712962962962963,NaN,0.411565836298932,NaN,NaN,NaN,NaN
0.371212121212121,0.37037037037037,NaN,0.106227758007117,0.088761390482619,0.071334214002642,0.095,NaN
NaN,NaN,NaN,NaN,NaN,0.431968295904888,NaN,0.269230769230769
NaN,0.574074074074074,NaN,0.281138790035587,NaN,NaN,NaN,NaN
0.598484848484849,NaN,0.125560538116592,NaN,NaN,0.206076618229855,NaN,0.346153846153846
NaN,NaN,0.143497757847534,NaN,NaN,NaN,0.28,NaN
NaN,0.87962962962963,0.15695067264574,0.694128113879004,NaN,0.57331571994716,0.5805,0.576923076923077
0.742424242424243,NaN,0.130044843049327,0.438078291814947,NaN,NaN,NaN,0.269230769230769
NaN,0.842592592592592,NaN,NaN,0.678704016199798,NaN,0.5425,0.307692307692308
0.689393939393939,NaN,0.130044843049327,NaN,NaN,NaN,NaN,NaN
NaN,NaN,0.161434977578475,0.477935943060498,0.396220047249409,NaN,NaN,NaN
NaN,0.546296296296296,0.147982062780269,NaN,NaN,0.159180977542933,NaN,0.307692307692308
NaN,NaN,0.130044843049327,NaN,0.26290921363483,0.369220607661823,NaN,NaN
NaN,NaN,0.0896860986547085,0.235943060498221,NaN,NaN,NaN,0.346153846153846
0.462121212121212,NaN,0.0852017937219731,NaN,NaN,0.112945838837517,NaN,NaN
0.590909090909091,0.611111111111111,NaN,0.299288256227758,NaN,NaN,NaN,0.346153846153846
0.696969696969697,NaN,0.134529147982063,0.409786476868327,0.326020924738441,NaN,NaN,NaN
NaN,0.231481481481481,0.0762331838565023,NaN,NaN,NaN,NaN,NaN
0.446969696969697,NaN,0.0896860986547085,0.203914590747331,0.210259871751603,0.155878467635403,NaN,NaN
NaN,0.685185185185185,NaN,NaN,NaN,NaN,0.32,0.269230769230769
0.356060606060606,NaN,NaN,0.195195729537367,NaN,NaN,NaN,NaN
NaN,0.5,0.0941704035874439,NaN,0.178197772527843,NaN,NaN,0.192307692307692
0.659090909090909,0.638888888888889,0.125560538116592,NaN,NaN,NaN,NaN,NaN
NaN,0.555555555555555,NaN,NaN,NaN,NaN,0.209,NaN
0.689393939393939,NaN,0.139013452914798,NaN,NaN,NaN,0.2985,0.269230769230769
0.666666666666667,NaN,0.116591928251121,0.388434163701068,NaN,0.315059445178336,0.305,0.346153846153846
NaN,NaN,NaN,0.461921708185053,NaN,0.391677675033025,NaN,NaN
0.628787878787879,0.666666666666667,NaN,0.416548042704626,NaN,NaN,0.272,0.269230769230769
NaN,0.842592592592592,0.161434977578475,0.641103202846975,0.525480931488357,NaN,NaN,NaN
0.696969696969697,NaN,NaN,0.47135231316726,0.35437057036787,0.367899603698811,0.405,NaN
0.818181818181818,0.787037037037037,0.165919282511211,0.558718861209964,NaN,0.437252311756935,NaN,0.307692307692308
NaN,NaN,NaN,NaN,NaN,NaN,NaN,NaN
0.696969696969697,0.675925925925926,0.125560538116592,0.359964412811388,NaN,0.326287978863937,0.28,NaN
0.75,0.694444444444444,NaN,NaN,NaN,0.317701453104359,NaN,0.192307692307692
NaN,0.648148148148148,0.125560538116592,0.340925266903915,0.283833952075599,0.266182298546896,NaN,0.192307692307692
0.583333333333333,NaN,NaN,0.330960854092527,0.243671954100574,0.260898282694848,0.29,0.230769230769231
0.704545454545455,NaN,NaN,0.407473309608541,0.400944988187648,0.285997357992074,NaN,0.230769230769231
0.727272727272727,NaN,0.139013452914798,0.481850533807829,0.439082011474857,0.399603698811096,0.36,0.269230769230769
NaN,NaN,NaN,0.752491103202847,NaN,NaN,NaN,NaN
NaN,NaN,0.0941704035874439,NaN,NaN,0.3110964332893,NaN,NaN
NaN,NaN,NaN,NaN,0.243671954100574,NaN,0.265,0.346153846153846
0.560606060606061,0.527777777777778,0.103139013452915,0.266192170818505,0.22342220722241,0.184280052840158,NaN,NaN
0.590909090909091,NaN,NaN,0.279893238434164,NaN,0.23778071334214,0.275,NaN
0.553030303030303,NaN,NaN,0.269750889679715,0.196085048936888,NaN,NaN,NaN
NaN,NaN,0.161434977578475,0.401423487544484,0.327370907863652,0.305812417437252,0.348,NaN
0.712121212121212,0.675925925925926,0.130044843049327,NaN,0.403982450219372,0.375825627476882,NaN,NaN
0.674242424242424,NaN,0.143497757847534,NaN,NaN,0.375825627476882,NaN,NaN
NaN,NaN,NaN,0.59626334519573,NaN,NaN,NaN,0.307692307692308
NaN,0.638888888888889,NaN,0.373843416370107,0.253459331758353,NaN,0.41,NaN
0.878787878787879,NaN,NaN,0.790035587188612,NaN,NaN,NaN,NaN
NaN,0.296296296296296,0.0762331838565023,NaN,NaN,0.0614266842800528,NaN,NaN
0.727272727272727,NaN,0.152466367713004,NaN,NaN,NaN,0.4055,NaN
0.575757575757576,NaN,0.116591928251121,NaN,0.179547755653054,0.221928665785997,0.2,0.269230769230769
NaN,NaN,0.179372197309417,NaN,0.637867026662167,NaN,0.5315,NaN
0.75,NaN,NaN,NaN,NaN,0.50330250990753,NaN,0.269230769230769
0.446969696969697,0.462962962962963,NaN,NaN,0.132635842051974,NaN,NaN,0.346153846153846
NaN,0.731481481481481,0.116591928251121,NaN,0.336483293958826,0.346763540290621,NaN,NaN
0.825757575757576,NaN,0.170403587443946,NaN,0.488018899763753,NaN,NaN,0.384615384615385
NaN,0.638888888888889,NaN,NaN,0.368545393182585,NaN,NaN,0.384615384615385
0.575757575757576,0.537037037037037,0.10762331838565,0.286832740213523,NaN,NaN,0.2,0.192307692307692
NaN,0.611111111111111,NaN,0.279893238434164,0.23827202159973,NaN,NaN,NaN
0.689393939393939,NaN,0.130044843049327,NaN,0.328045899426257,0.30779392338177,NaN,NaN
NaN,NaN,NaN,NaN,NaN,NaN,0.315,0.192307692307692
0.659090909090909,NaN,0.112107623318386,NaN,0.330408369895376,NaN,0.255,0.230769230769231
NaN,0.759259259259259,0.143497757847534,0.469395017793594,0.445831927100911,NaN,NaN,0.269230769230769
NaN,0.305555555555556,NaN,0.0752669039145908,NaN,NaN,0.065,NaN
0.651515151515151,NaN,NaN,NaN,NaN,0.212021136063408,0.265,0.730769230769231
NaN,NaN,NaN,0.463345195729537,NaN,0.305151915455746,NaN,0.692307692307692
NaN,NaN,0.170403587443946,0.613701067615658,NaN,NaN,0.4815,NaN
0.742424242424243,NaN,0.15695067264574,0.459430604982206,0.318933513331083,NaN,NaN,NaN
0.727272727272727,NaN,NaN,0.484163701067616,NaN,NaN,NaN,0.269230769230769
0.590909090909091,NaN,NaN,NaN,NaN,NaN,0.198,NaN
NaN,NaN,NaN,0.214056939501779,NaN,NaN,NaN,0.192307692307692
0.590909090909091,0.537037037037037,NaN,NaN,NaN,NaN,NaN,0.230769230769231
0.371212121212121,0.37037037037037,0.0896860986547085,NaN,NaN,0.0878467635402906,NaN,0.269230769230769
0.886363636363636,0.916666666666667,NaN,NaN,0.768815389807627,NaN,NaN,NaN
NaN,0.611111111111111,NaN,0.294661921708185,NaN,0.259577278731836,0.18,0.192307692307692
NaN,0.722222222222222,0.143497757847534,NaN,0.33209584880189,0.394319682959049,NaN,0.346153846153846
NaN,0.62962962962963,NaN,0.272241992882562,0.251771852851839,NaN,0.211,NaN
NaN,NaN,0.121076233183857,NaN,0.257171785352683,NaN,NaN,0.269230769230769
0.757575757575758,NaN,0.147982062780269,0.447864768683274,NaN,0.367239101717305,NaN,NaN
0.310606060606061,NaN,0.0672645739910314,NaN,NaN,0.0449141347424042,0.0685,NaN
0.340909090909091,0.398148148148148,NaN,NaN,0.0766115423557205,NaN,0.1,NaN
NaN,NaN,NaN,0.247864768683274,NaN,0.198150594451783,0.22,0.269230769230769
NaN,NaN,NaN,NaN,NaN,NaN,NaN,NaN
0.53030303030303,NaN,NaN,NaN,0.178535268309146,0.187582562747688,NaN,NaN
0.696969696969697,NaN,NaN,NaN,NaN,0.398943196829591,0.3235,NaN
0.257575757575758,NaN,NaN,NaN,NaN,0.0409511228533686,0.04,0.0384615384615385
0.742424242424243,0.694444444444444,NaN,NaN,0.380020249746878,NaN,0.325,NaN
NaN,0.638888888888889,NaN,0.251601423487545,0.194735065811677,0.210700132100396,0.23,NaN
NaN,0.537037037037037,NaN,NaN,NaN,0.227873183619551,NaN,0.192307692307692
NaN,NaN,NaN,0.372241992882562,NaN,0.290620871862616,0.291,NaN
NaN,NaN,NaN,NaN,0.0610867364157948,0.0528401585204756,NaN,NaN
NaN,0.574074074074074,NaN,0.30729537366548,0.248059399257509,0.21994715984148,NaN,0.384615384615385
NaN,0.787037037037037,0.152466367713004,NaN,0.484643941950726,0.420739762219287,0.493,NaN
0.674242424242424,0.675925925925926,NaN,0.412989323843416,0.350320620992238,NaN,0.303,NaN
0.310606060606061,NaN,0.0672645739910314,0.0615658362989324,NaN,0.0468956406869221,0.05,NaN
0.598484848484849,0.62962962962963,NaN,0.385409252669039,0.249746878164023,0.28005284015852,NaN,0.423076923076923
0.409090909090909,0.407407407407407,0.0896860986547085,NaN,0.105973675329058,0.103038309114927,0.1305,0.192307692307692
0.71969696969697,NaN,NaN,0.386120996441281,0.346608167397908,0.339498018494055,NaN,0.230769230769231
0.734848484848485,0.768518518518518,NaN,0.601957295373665,0.510631117111036,0.551519154557464,0.4385,NaN
NaN,NaN,NaN,NaN,NaN,NaN,NaN,0.653846153846154
NaN,0.787037037037037,NaN,NaN,0.622679716503544,NaN,NaN,0.269230769230769
NaN,NaN,0.170403587443946,NaN,0.546068174147823,0.616248348745046,0.483,NaN
NaN,NaN,NaN,0.137010676156584,0.0921363482956463,0.145310435931308,0.115,NaN
NaN,0.444444444444444,NaN,NaN,0.144785690178873,NaN,0.13,NaN
0.606060606060606,NaN,NaN,NaN,0.216672291596355,NaN,0.3,0.269230769230769
NaN,0.722222222222222,0.147982062780269,NaN,0.430982112723591,0.396301188903567,NaN,0.346153846153846
NaN,NaN,0.161434977578475,0.620996441281139,NaN,NaN,0.495,NaN
0.53030303030303,0.546296296296296,NaN,0.305871886120996,NaN,0.225891677675033,0.28,0.346153846153846
NaN,0.592592592592593,NaN,NaN,NaN,0.424042272126816,0.4105,0.269230769230769
NaN,0.675925925925926,NaN,0.376512455516014,0.290921363482956,0.337516512549538,NaN,0.307692307692308
0.681818181818182,NaN,0.147982062780269,NaN,NaN,0.285336856010568,0.29,NaN
0.643939393939394,0.648148148148148,0.152466367713004,0.356405693950178,0.232872089098886,0.260237780713342,0.315,0.269230769230769
0.689393939393939,0.685185185185185,NaN,0.459430604982206,NaN,NaN,0.285,NaN
0.696969696969697,0.777777777777778,NaN,0.393060498220641,0.385420182247722,0.272787318361955,NaN,0.230769230769231
NaN,0.768518518518518,NaN,0.520640569395018,0.419507256159298,0.445838837516513,NaN,0.230769230769231
0.674242424242424,NaN,NaN,NaN,NaN,NaN,0.3055,NaN
NaN,NaN,0.112107623318386,0.284341637010676,NaN,0.255614266842801,0.19,NaN
NaN,0.611111111111111,NaN,NaN,0.226122173472832,NaN,NaN,0.192307692307692
NaN,NaN,0.15695067264574,0.248576512455516,0.186635167060412,0.166446499339498,0.27,NaN
0.492424242424242,0.481481481481481,NaN,NaN,0.159635504556193,NaN,NaN,NaN
0.734848484848485,0.722222222222222,NaN,0.408540925266904,NaN,NaN,0.315,NaN
NaN,0.398148148148148,NaN,NaN,0.115761052986838,0.126155878467635,0.15,0.153846153846154
NaN,0.87037037037037,0.15695067264574,NaN,0.667566655416807,NaN,0.5255,NaN
NaN,NaN,0.0762331838565023,0.0927046263345196,NaN,NaN,0.08,0.230769230769231
NaN,0.685185185185185,0.134529147982063,NaN,0.355045561930476,0.572655217965654,0.319,0.269230769230769
0.234848484848485,0.212962962962963,0.0538116591928251,NaN,0.0263246709416132,0.0402906208718626,0.039,NaN
NaN,0.712962962962963,NaN,0.562455516014235,0.412082348970638,NaN,0.365,NaN
NaN,NaN,NaN,0.511743772241993,0.395207559905501,0.512549537648613,NaN,0.269230769230769
0.545454545454546,0.527777777777778,NaN,NaN,NaN,NaN,NaN,0.230769230769231
NaN,NaN,NaN,NaN,0.420182247721904,NaN,0.34,NaN
0.371212121212121,NaN,0.130044843049327,0.125444839857651,0.11238609517381,NaN,0.1,0.153846153846154
NaN,NaN,0.170403587443946,0.502491103202847,0.461356733040837,NaN,0.4305,0.384615384615385
NaN,NaN,0.112107623318386,NaN,0.209247384407695,0.169749009247028,NaN,NaN
0.712121212121212,NaN,NaN,NaN,NaN,NaN,0.327,0.230769230769231
NaN,0.518518518518518,NaN,NaN,0.201147485656429,0.201453104359313,NaN,NaN
NaN,0.787037037037037,0.170403587443946,0.579715302491103,NaN,0.470937912813738,0.455,NaN
NaN,NaN,NaN,NaN,NaN,0.142668428005284,0.13,0.192307692307692
0.575757575757576,NaN,NaN,0.243238434163701,0.206547418157273,0.202774108322325,0.1985,NaN
0.234848484848485,NaN,NaN,NaN,NaN,NaN,NaN,0.115384615384615
NaN,NaN,NaN,NaN,NaN,NaN,NaN,0.153846153846154
NaN,NaN,NaN,NaN,0.479244009449882,NaN,NaN,0.346153846153846
NaN,0.768518518518518,NaN,NaN,0.366857914276072,0.407529722589168,NaN,0.653846153846154
NaN,0.851851851851852,0.161434977578475,0.474199288256228,NaN,NaN,NaN,0.307692307692308
0.363636363636364,0.342592592592593,NaN,NaN,NaN,0.0746367239101717,NaN,0.346153846153846
NaN,0.555555555555555,NaN,NaN,NaN,NaN,0.19,0.461538461538462
0.666666666666667,NaN,NaN,NaN,0.237934525818427,0.274108322324967,0.24,0.346153846153846
NaN,0.0277777777777778,NaN,0.00320284697508897,NaN,NaN,NaN,NaN
0.666666666666667,0.675925925925926,NaN,0.330427046263345,NaN,0.245706737120211,0.31,0.230769230769231
0.583333333333333,0.574074074074074,0.112107623318386,NaN,NaN,0.223910171730515,NaN,0.307692307692308
0.628787878787879,NaN,0.125560538116592,NaN,NaN,NaN,0.26,NaN
0.666666666666667,0.657407407407407,NaN,0.278825622775801,NaN,NaN,NaN,NaN
0.598484848484849,NaN,0.130044843049327,0.347153024911032,0.230509618629767,NaN,NaN,0.653846153846154
0.53030303030303,NaN,0.0807174887892377,NaN,0.156935538305771,0.160501981505945,NaN,NaN
NaN,NaN,0.130044843049327,0.310320284697509,0.286871414107324,NaN,NaN,NaN
NaN,0.777777777777778,NaN,NaN,0.378332770840364,0.357331571994716,NaN,NaN
NaN,NaN,0.134529147982063,0.398932384341637,NaN,0.392998678996037,NaN,NaN
NaN,0.611111111111111,NaN,0.289679715302491,0.222747215659804,0.260898282694848,0.2435,NaN
0.598484848484849,NaN,0.121076233183857,NaN,0.273034087073912,NaN,NaN,NaN
0.553030303030303,NaN,NaN,0.312989323843416,NaN,0.241743725231176,NaN,NaN
NaN,0.694444444444444,NaN,NaN,NaN,0.301849405548217,NaN,0.269230769230769
0.590909090909091,NaN,0.0941704035874439,NaN,NaN,NaN,NaN,0.153846153846154
NaN,0.574074074074074,NaN,NaN,0.250084373945326,NaN,0.335,NaN
NaN,NaN,0.103139013452915,NaN,0.179210259871752,0.294583883751651,NaN,NaN
NaN,0.675925925925926,0.121076233183857,NaN,0.255484306446169,0.282034346103038,NaN,0.307692307692308
0.522727272727273,NaN,NaN,NaN,NaN,NaN,0.1485,NaN
NaN,NaN,0.0762331838565023,0.113879003558719,NaN,0.0865257595772787,NaN,0.153846153846154
0.568181818181818,0.611111111111111,NaN,0.291637010676157,0.211609854876814,NaN,NaN,0.423076923076923
0.689393939393939,NaN,NaN,NaN,NaN,0.256274768824306,NaN,NaN
0.462121212121212,NaN,NaN,NaN,0.14073574080324,NaN,NaN,0.346153846153846
NaN,0.685185185185185,NaN,NaN,0.237259534255822,0.264861294583884,0.335,NaN
0.742424242424243,0.703703703703704,0.143497757847534,NaN,NaN,NaN,NaN,NaN
NaN,NaN,0.112107623318386,0.214946619217082,NaN,0.186922060766182,0.172,0.423076923076923
0.628787878787879,0.62962962962963,0.130044843049327,0.301067615658363,0.247046911913601,0.28335535006605,0.25,0.346153846153846
0.53030303030303,0.518518518518518,0.0807174887892377,0.227758007117438,NaN,0.233817701453104,NaN,NaN
NaN,NaN,NaN,NaN,0.179547755653054,0.124174372523118,0.1345,NaN
NaN,0.703703703703704,0.143497757847534,0.477935943060498,NaN,0.38441215323646,0.36,NaN
0.651515151515151,NaN,NaN,NaN,NaN,0.282694848084544,0.295,0.307692307692308
NaN,NaN,0.134529147982063,0.394483985765125,NaN,0.231836195508587,NaN,0.384615384615385
0.71969696969697,NaN,0.121076233183857,0.446797153024911,NaN,0.316380449141347,0.305,NaN
NaN,0.398148148148148,NaN,NaN,0.146473169085386,0.0997357992073976,NaN,0.192307692307692
0.757575757575758,NaN,0.139013452914798,NaN,NaN,0.290620871862616,0.343,0.230769230769231
0.765151515151515,NaN,NaN,NaN,0.388120148498144,0.499339498018494,0.367,0.269230769230769
0.477272727272727,0.490740740740741,NaN,NaN,NaN,0.0957727873183619,NaN,0.192307692307692
0.613636363636364,0.62037037037037,0.147982062780269,0.315836298932384,NaN,NaN,NaN,0.230769230769231
0.681818181818182,NaN,0.143497757847534,0.440213523131673,NaN,0.399603698811096,0.338,NaN
0.659090909090909,0.722222222222222,NaN,NaN,NaN,NaN,NaN,NaN
NaN,NaN,0.116591928251121,NaN,NaN,NaN,0.18,0.192307692307692
0.727272727272727,NaN,0.125560538116592,0.405871886120996,NaN,0.3778071334214,NaN,NaN
NaN,NaN,0.112107623318386,NaN,NaN,NaN,NaN,NaN
0.810606060606061,0.833333333333333,0.179372197309417,0.606227758007117,NaN,NaN,0.465,0.538461538461539
NaN,0.638888888888889,NaN,NaN,NaN,0.269484808454425,NaN,0.230769230769231
0.303030303030303,0.287037037037037,NaN,NaN,NaN,NaN,NaN,0.192307692307692
NaN,0.62962962962963,0.116591928251121,0.332562277580071,NaN,NaN,NaN,0.269230769230769
0.696969696969697,0.666666666666667,0.130044843049327,NaN,0.314883563955451,NaN,NaN,NaN
NaN,0.62962962962963,0.0762331838565023,0.325978647686833,0.286533918326021,0.289299867899604,NaN,0.346153846153846
0.446969696969697,NaN,NaN,0.152313167259786,NaN,0.114927344782034,0.14,0.307692307692308
NaN,0.0648148148148148,0.031390134529148,NaN,NaN,0.00660501981505945,0.007,NaN
NaN,0.814814814814815,0.143497757847534,NaN,0.464056699291259,NaN,0.469,0.384615384615385
0.659090909090909,0.62962962962963,0.152466367713004,0.451067615658363,0.314883563955451,0.360634081902246,NaN,0.5
NaN,0.777777777777778,0.161434977578475,0.546263345195729,NaN,0.431307793923382,NaN,0.269230769230769
NaN,NaN,0.170403587443946,0.640925266903915,NaN,0.57661822985469,NaN,NaN
NaN,NaN,NaN,0.478291814946619,NaN,0.420739762219287,0.3935,NaN
0.659090909090909,0.657407407407407,0.125560538116592,NaN,NaN,NaN,0.27,NaN
0.704545454545455,NaN,0.139013452914798,NaN,0.246709416132298,NaN,0.335,0.307692307692308
0.78030303030303,NaN,NaN,NaN,NaN,0.321664464993395,0.411,NaN
NaN,0.814814814814815,NaN,NaN,0.550793115086061,NaN,0.51,NaN
NaN,0.787037037037037,0.15695067264574,NaN,NaN,0.3110964332893,0.419,NaN
NaN,0.666666666666667,NaN,0.413523131672598,NaN,NaN,0.287,NaN
0.606060606060606,NaN,0.112107623318386,0.262989323843416,0.233547080661492,NaN,0.1965,0.230769230769231
NaN,NaN,0.112107623318386,NaN,0.158285521430982,NaN,0.2,0.230769230769231
0.757575757575758,NaN,NaN,0.526156583629893,NaN,NaN,NaN,0.230769230769231
NaN,0.518518518518518,NaN,NaN,NaN,0.204095112285337,0.2335,NaN
NaN,NaN,NaN,0.36085409252669,0.308471144110699,NaN,0.3,NaN
NaN,0.805555555555556,NaN,0.568683274021352,0.501856226797165,NaN,NaN,NaN
0.446969696969697,0.453703703703704,0.0807174887892377,0.180427046263345,0.15558555518056,0.149933949801849,NaN,0.192307692307692
NaN,NaN,NaN,NaN,NaN,NaN,NaN,NaN
0.848484848484849,NaN,0.201793721973094,NaN,NaN,0.610303830911493,0.88,NaN
0.795454545454546,0.805555555555556,NaN,NaN,NaN,NaN,NaN,0.307692307692308
0.765151515151515,0.787037037037037,NaN,0.631850533807829,NaN,NaN,0.535,NaN
0.477272727272727,NaN,NaN,NaN,0.19136010799865,0.117569352708058,0.141,0.192307692307692
0.628787878787879,0.601851851851852,NaN,NaN,0.231184610192373,NaN,NaN,0.269230769230769
NaN,0.759259259259259,NaN,0.476334519572954,NaN,0.459709379128137,NaN,NaN
NaN,NaN,NaN,0.212277580071174,NaN,0.194187582562748,NaN,0.384615384615385
NaN,NaN,NaN,NaN,NaN,NaN,0.13,0.192307692307692
NaN,NaN,NaN,NaN,NaN,NaN,NaN,0.192307692307692
NaN,0.796296296296296,0.174887892376682,NaN,NaN,0.535006605019815,0.432,0.384615384615385
NaN,0.0925925925925926,0.0403587443946188,0.0138790035587189,0.0134998312521093,0.00858652575957728,0.01,0.0384615384615385
0.636363636363636,NaN,NaN,0.390925266903915,0.330070874114074,NaN,NaN,NaN
0.689393939393939,0.666666666666667,0.116591928251121,NaN,0.267634154573068,0.387054161162483,0.315,NaN
0.712121212121212,0.675925925925926,0.143497757847534,NaN,0.438407019912251,NaN,NaN,NaN
0.772727272727273,NaN,NaN,0.488790035587189,NaN,NaN,NaN,NaN
NaN,0.648148148148148,0.143497757847534,0.30373665480427,NaN,0.237120211360634,0.315,NaN
NaN,0.814814814814815,0.165919282511211,0.625266903914591,NaN,0.507265521796565,0.485,0.307692307692308
NaN,0.638888888888889,NaN,0.354626334519573,NaN,0.275429326287979,0.2785,NaN
0.636363636363636,0.583333333333333,0.121076233183857,0.306405693950178,0.302733715828552,0.233817701453104,NaN,NaN
0.643939393939394,0.638888888888889,0.10762331838565,NaN,0.268984137698279,0.21664464993395,0.199,NaN
NaN,NaN,0.0896860986547085,NaN,NaN,NaN,NaN,NaN
0.734848484848485,NaN,NaN,0.405338078291815,0.323995950050624,NaN,NaN,0.230769230769231
NaN,NaN,NaN,0.495195729537367,0.377657779277759,0.397622192866579,NaN,NaN
0.71969696969697,NaN,NaN,NaN,0.287883901451232,NaN,NaN,NaN
0.5,0.453703703703704,0.0941704035874439,NaN,0.14073574080324,NaN,NaN,NaN
NaN,NaN,NaN,NaN,0.760377995275059,0.612285336856011,NaN,0.269230769230769
0.424242424242424,NaN,0.0896860986547085,0.133807829181495,0.0995612554843064,0.120211360634082,0.115,0.153846153846154
0.75,0.768518518518518,NaN,0.500711743772242,NaN,NaN,0.44,NaN
0.295454545454545,0.305555555555556,NaN,0.0674377224199288,0.0458994262571718,0.0574636723910172,0.065,NaN
NaN,0.462962962962963,0.0762331838565023,0.161921708185053,0.105973675329058,0.113606340819022,0.1335,NaN
NaN,NaN,NaN,NaN,NaN,0.176354029062087,0.15,0.346153846153846
NaN,0.555555555555555,NaN,0.242170818505338,0.157948025649679,0.210700132100396,NaN,0.384615384615385
NaN,0.62962962962963,0.139013452914798,NaN,0.250421869726628,NaN,NaN,0.576923076923077
NaN,0.768518518518518,NaN,0.58576512455516,NaN,NaN,0.425,0.269230769230769
0.734848484848485,0.722222222222222,NaN,NaN,NaN,NaN,0.395,NaN
NaN,NaN,NaN,NaN,NaN,NaN,0.169,NaN
0.613636363636364,NaN,0.125560538116592,NaN,0.265609179885251,0.223249669749009,0.224,NaN
0.53030303030303,NaN,NaN,NaN,NaN,NaN,0.195,0.461538461538462
NaN,NaN,0.134529147982063,NaN,NaN,0.452443857331572,0.41,NaN
0.666666666666667,NaN,NaN,0.364590747330961,NaN,NaN,0.283,0.230769230769231
0.651515151515151,NaN,0.0986547085201794,NaN,NaN,0.276089828269485,0.245,NaN
0.727272727272727,0.675925925925926,0.139013452914798,0.419217081850534,NaN,0.352047556142668,NaN,0.269230769230769
NaN,NaN,NaN,0.346975088967972,0.301383732703341,0.287318361955086,NaN,0.192307692307692
NaN,0.722222222222222,NaN,NaN,0.322983462706716,0.284015852047556,NaN,NaN
0.704545454545455,0.703703703703704,0.15695067264574,NaN,NaN,0.387714663143989,NaN,NaN
0.454545454545455,NaN,0.10762331838565,NaN,0.10867364157948,NaN,NaN,0.230769230769231
0.909090909090909,NaN,NaN,0.885943060498221,NaN,0.673712021136063,0.6735,0.307692307692308
0.674242424242424,NaN,0.121076233183857,0.438256227758007,0.355720553493081,0.357331571994716,NaN,NaN
0.613636363636364,NaN,NaN,NaN,NaN,0.255614266842801,NaN,0.192307692307692
0.901515151515152,NaN,NaN,0.668149466192171,NaN,0.520475561426684,0.44,0.307692307692308
NaN,NaN,0.152466367713004,NaN,NaN,0.400924702774108,0.315,0.346153846153846
0.659090909090909,0.666666666666667,0.139013452914798,0.314768683274021,0.235234559568005,0.247688243064729,NaN,0.307692307692308
NaN,NaN,0.130044843049327,NaN,NaN,NaN,NaN,0.192307692307692
NaN,0.592592592592593,0.121076233183857,0.227580071174377,NaN,NaN,NaN,0.192307692307692
0.484848484848485,NaN,NaN,0.200177935943061,0.186297671279109,0.154557463672391,0.165,NaN
0.393939393939394,NaN,0.0672645739910314,NaN,0.083698953763078,0.0931307793923382,NaN,0.192307692307692
0.856060606060606,NaN,0.165919282511211,0.704982206405694,0.605467431657104,0.61558784676354,NaN,0.269230769230769
0.462121212121212,0.462962962962963,NaN,NaN,NaN,0.137384412153236,NaN,NaN
NaN,NaN,NaN,0.200711743772242,NaN,NaN,0.135,0.230769230769231
NaN,0.694444444444444,NaN,0.4855871886121,NaN,0.394980184940555,0.396,NaN
NaN,0.712962962962963,0.165919282511211,NaN,NaN,0.295904887714663,NaN,NaN
NaN,0.731481481481481,0.15695067264574,NaN,NaN,NaN,NaN,0.346153846153846
0.856060606060606,NaN,0.165919282511211,0.743772241992883,0.682078974012825,0.47556142668428,NaN,NaN
0.878787878787879,0.888888888888889,0.170403587443946,NaN,NaN,NaN,0.62,NaN
NaN,0.694444444444444,0.15695067264574,NaN,0.308471144110699,NaN,0.385,NaN
NaN,NaN,0.143497757847534,0.444839857651246,0.410732365845427,NaN,0.331,NaN
0.643939393939394,NaN,NaN,0.362277580071174,0.312183597705029,NaN,0.29,0.269230769230769
NaN,NaN,0.15695067264574,0.528113879003559,NaN,NaN,0.39,NaN
NaN,0.731481481481481,NaN,NaN,NaN,NaN,NaN,NaN
0.727272727272727,NaN,0.134529147982063,NaN,0.336820789740128,NaN,NaN,0.269230769230769
NaN,0.638888888888889,NaN,NaN,0.305771177860277,0.42338177014531,0.34,NaN
NaN,NaN,0.0986547085201794,NaN,0.163347958150523,0.150594451783355,NaN,NaN
0.598484848484849,0.62962962962963,0.103139013452915,0.321886120996441,NaN,NaN,0.285,NaN
0.348484848484849,0.361111111111111,NaN,NaN,NaN,0.0693527080581242,0.075,0.269230769230769
0.734848484848485,NaN,0.116591928251121,0.391103202846975,NaN,0.313077939233818,NaN,0.269230769230769
NaN,0.759259259259259,NaN,0.49644128113879,NaN,NaN,NaN,NaN
0.689393939393939,0.694444444444444,0.116591928251121,0.46797153024911,NaN,NaN,NaN,NaN
NaN,NaN,NaN,NaN,NaN,0.160501981505945,NaN,0.346153846153846
0.181818181818182,0.175925925925926,NaN,0.0279359430604982,0.0182247721903476,NaN,0.0275,0.0769230769230769
NaN,NaN,0.112107623318386,0.216903914590747,NaN,NaN,NaN,NaN
NaN,NaN,NaN,0.273843416370107,0.190685116436045,0.295904887714663,0.228,NaN
NaN,0.694444444444444,NaN,0.36085409252669,NaN,NaN,NaN,0.346153846153846
0.810606060606061,0.796296296296296,NaN,NaN,NaN,0.505284015852048,0.4275,0.192307692307692
NaN,0.814814814814815,0.161434977578475,0.646619217081851,0.555855551805602,NaN,0.435,0.307692307692308
0.689393939393939,NaN,0.139013452914798,0.386120996441281,NaN,NaN,NaN,0.307692307692308
0.484848484848485,NaN,NaN,0.165480427046263,0.124198447519406,0.14663143989432,0.1425,NaN
0.606060606060606,NaN,0.121076233183857,NaN,0.307796152548093,0.239762219286658,NaN,NaN
NaN,NaN,NaN,NaN,NaN,0.315059445178336,NaN,NaN
0.818181818181818,0.87037037037037,0.165919282511211,NaN,0.451231859601755,NaN,NaN,0.384615384615385
0.840909090909091,0.833333333333333,NaN,0.608007117437722,NaN,0.600396301188904,0.4575,NaN
0.742424242424243,0.740740740740741,0.134529147982063,NaN,0.384070199122511,0.328269484808454,0.4495,0.307692307692308
0.606060606060606,0.601851851851852,NaN,0.339679715302491,0.222409719878502,NaN,NaN,NaN
NaN,NaN,NaN,0.31797153024911,0.291258859264259,0.260237780713342,0.215,NaN
NaN,NaN,0.134529147982063,NaN,0.18393520080999,NaN,0.295,NaN
NaN,0.583333333333333,NaN,0.297508896797153,NaN,0.254953764861295,NaN,0.423076923076923
0.378787878787879,0.361111111111111,NaN,NaN,0.0728990887613905,0.0746367239101717,0.08,NaN
0.484848484848485,NaN,NaN,0.177224199288256,NaN,0.134081902245707,NaN,0.192307692307692
0.636363636363636,NaN,0.112107623318386,0.295373665480427,NaN,NaN,NaN,0.230769230769231
NaN,NaN,0.116591928251121,NaN,NaN,NaN,NaN,NaN
0.75,0.75,NaN,NaN,0.35302058724266,NaN,0.52,0.653846153846154
NaN,NaN,0.10762331838565,0.187188612099644,0.142423219709754,NaN,0.185,NaN
0.25,0.25,0.0538116591928251,NaN,NaN,NaN,0.044,0.307692307692308
NaN,0.675925925925926,0.125560538116592,NaN,NaN,NaN,0.305,0.230769230769231
0.643939393939394,0.592592592592593,0.0986547085201794,0.318861209964413,0.296658791765103,0.270145310435931,0.116,NaN
0.643939393939394,0.611111111111111,0.143497757847534,0.376334519572954,NaN,0.305812417437252,0.33,0.615384615384615
NaN,0.685185185185185,NaN,NaN,NaN,0.418097754293263,NaN,0.230769230769231
NaN,NaN,0.161434977578475,0.627046263345196,0.576780290246372,NaN,NaN,0.307692307692308
NaN,NaN,0.152466367713004,NaN,0.461356733040837,NaN,0.345,0.384615384615385
0.840909090909091,NaN,NaN,NaN,NaN,0.498018494055482,NaN,NaN
NaN,0.546296296296296,NaN,0.241814946619217,NaN,0.212021136063408,NaN,NaN
NaN,NaN,0.112107623318386,0.198220640569395,0.13331083361458,0.182959048877147,NaN,0.269230769230769
0.43939393939394,0.416666666666667,NaN,NaN,0.11609854876814,0.14663143989432,NaN,0.307692307692308
0.727272727272727,0.712962962962963,0.121076233183857,NaN,NaN,0.315719947159841,0.305,0.307692307692308
0.431818181818182,0.425925925925926,0.0762331838565023,NaN,0.122510968612892,NaN,NaN,0.269230769230769
0.287878787878788,0.268518518518519,NaN,0.0645907473309609,0.0435369557880526,0.0634081902245707,NaN,NaN
0.628787878787879,0.601851851851852,0.0986547085201794,NaN,NaN,0.238441215323646,NaN,NaN
0.772727272727273,0.787037037037037,0.15695067264574,NaN,0.385420182247722,NaN,NaN,NaN
NaN,NaN,NaN,0.335053380782918,0.257846776915289,0.28005284015852,NaN,0.576923076923077
NaN,0.564814814814815,NaN,NaN,0.199460006749916,0.232496697490092,NaN,NaN
NaN,0.416666666666667,NaN,NaN,NaN,NaN,0.11,NaN
0.492424242424242,0.490740740740741,NaN,NaN,0.211947350658117,NaN,NaN,0.115384615384615
0.742424242424243,0.712962962962963,0.15695067264574,0.542170818505338,NaN,0.535006605019815,0.44,NaN
0.78030303030303,0.796296296296296,NaN,0.521886120996441,NaN,0.382430647291942,0.36,NaN
NaN,NaN,NaN,NaN,NaN,0.0819022457067371,NaN,0.230769230769231
NaN,0.861111111111111,NaN,0.645373665480427,NaN,NaN,0.555,0.423076923076923
NaN,0.638888888888889,0.121076233183857,0.341814946619217,NaN,0.267503302509908,NaN,0.269230769230769
NaN,0.685185185185185,NaN,0.429715302491103,0.376982787715154,NaN,NaN,0.269230769230769
NaN,0.87962962962963,NaN,NaN,NaN,NaN,NaN,NaN
0.553030303030303,0.574074074074074,0.130044843049327,0.259608540925267,NaN,NaN,NaN,NaN
NaN,0.537037037037037,0.0941704035874439,0.243772241992883,0.229834627067162,0.142007926023778,NaN,NaN
NaN,NaN,0.0807174887892377,0.181850533807829,NaN,0.128797886393659,0.143,NaN
NaN,0.694444444444444,NaN,NaN,NaN,NaN,NaN,0.230769230769231
0.78030303030303,NaN,NaN,NaN,0.384070199122511,NaN,NaN,NaN
NaN,0.564814814814815,0.125560538116592,0.243060498220641,NaN,0.1889035667107,0.19,NaN
0.378787878787879,NaN,NaN,NaN,NaN,NaN,0.095,0.230769230769231
0.643939393939394,NaN,0.116591928251121,NaN,NaN,NaN,NaN,0.307692307692308
0.393939393939394,0.398148148148148,0.0807174887892377,NaN,0.103273709078637,0.0997357992073976,NaN,0.346153846153846
0.71969696969697,NaN,0.125560538116592,0.442526690391459,NaN,0.256274768824306,NaN,NaN
NaN,0.842592592592592,0.170403587443946,NaN,NaN,0.680977542932629,0.477,NaN
0.712121212121212,NaN,NaN,NaN,NaN,NaN,NaN,0.230769230769231
0.734848484848485,NaN,NaN,0.459608540925267,NaN,NaN,NaN,NaN
0.696969696969697,0.638888888888889,0.116591928251121,NaN,0.336145798177523,NaN,NaN,NaN
NaN,0.722222222222222,0.147982062780269,NaN,0.292946338170773,0.301849405548217,0.382,0.230769230769231
0.522727272727273,0.611111111111111,0.125560538116592,NaN,0.132298346270672,NaN,0.2065,0.423076923076923
0.492424242424242,0.490740740740741,NaN,0.181316725978648,NaN,NaN,NaN,0.346153846153846
0.583333333333333,0.555555555555555,NaN,NaN,0.155923050961863,0.136723910171731,0.17,NaN
NaN,NaN,0.15695067264574,NaN,NaN,NaN,0.4,0.307692307692308
NaN,0.564814814814815,0.139013452914798,NaN,NaN,0.218626155878468,0.305,0.384615384615385
NaN,NaN,NaN,NaN,NaN,NaN,0.31,0.230769230769231
0.75,0.75,NaN,NaN,0.452581842726966,0.398282694848085,NaN,0.269230769230769
0.856060606060606,0.861111111111111,NaN,0.682562277580071,0.611879851501856,0.509907529722589,0.505,0.384615384615385
NaN,0.351851851851852,0.0896860986547085,NaN,NaN,NaN,NaN,NaN
NaN,NaN,NaN,0.622241992882562,0.612554843064462,0.494055482166447,0.4045,NaN
NaN,0.490740740740741,NaN,0.251067615658363,0.201822477219035,0.223910171730515,NaN,0.423076923076923
0.416666666666667,NaN,NaN,NaN,NaN,0.103038309114927,0.13,0.269230769230769
NaN,NaN,0.152466367713004,NaN,NaN,0.410171730515192,NaN,NaN
NaN,0.675925925925926,0.116591928251121,0.369217081850534,0.293621329733378,NaN,0.32,NaN
0.522727272727273,NaN,0.112107623318386,0.234163701067616,NaN,0.159841479524439,NaN,NaN
0.590909090909091,0.574074074074074,NaN,NaN,0.233884576442794,0.225891677675033,0.3,NaN
0.765151515151515,NaN,NaN,NaN,NaN,0.389696169088507,NaN,0.346153846153846
0.515151515151515,NaN,NaN,NaN,0.131623354708066,NaN,0.245,0.461538461538462
0.833333333333333,NaN,NaN,NaN,NaN,NaN,NaN,0.269230769230769
NaN,NaN,NaN,NaN,0.410394870064124,0.396961690885073,0.385,NaN
NaN,0.861111111111111,NaN,NaN,0.33952075599055,NaN,NaN,0.423076923076923
NaN,0.740740740740741,NaN,0.577224199288256,0.514343570705366,NaN,0.3875,NaN
NaN,NaN,0.15695067264574,NaN,NaN,NaN,0.366,NaN
0.93939393939394,0.962962962962963,NaN,0.983629893238434,NaN,1,0.573,0.346153846153846
0.325757575757576,NaN,NaN,NaN,NaN,NaN,0.065,NaN
NaN,NaN,NaN,0.150711743772242,0.126560917988525,NaN,NaN,NaN
0.46969696969697,0.462962962962963,0.0986547085201794,0.14982206405694,NaN,NaN,0.14,NaN
NaN,NaN,0.134529147982063,NaN,NaN,0.268824306472919,0.3065,NaN
0.71969696969697,0.685185185185185,0.134529147982063,NaN,NaN,0.361955085865258,NaN,0.269230769230769
NaN,0.583333333333333,NaN,NaN,NaN,0.295904887714663,NaN,NaN
NaN,0.537037037037037,NaN,0.230604982206406,0.137360782990213,NaN,NaN,0.384615384615385
0.613636363636364,0.62962962962963,NaN,0.354270462633452,NaN,NaN,NaN,0.461538461538462
NaN,NaN,0.130044843049327,NaN,0.343908201147486,NaN,0.295,NaN
