0.0757832183056239,0.00770241908061436,0.0325079459042487,-0.0191944814403668,0.0229222114973591,-0.0389707388163342,0.0248286168018528,-0.0303076116823642,0.0322416842020773,-0.0145396008814305,-0.00228783841284771,-0.034419145342201,0.0244588640852869,-0.0127474219586473,-0.0159253925926382,0.00739817413378401,0.00171260765306846
0.00770241908061436,0.112928457306484,0.0347696844456704,0.0511831480445743,0.0452222707828104,0.0413771675290672,0.0421344497569159,0.0410123754878,0.0086318356968373,0.0422417889564587,0.0446428286664203,0.0331493574259668,0.0371207694269597,0.0575243205174657,0.024589347036513,0.0583049579105033,0.000919122708896809
0.0325079459042487,0.0347696844456704,0.0528999654831779,-0.010246792964242,0.0482679626225606,-0.00946330153597423,0.0168726872674296,-0.00600187037376161,0.0251406457998536,0.00351390089525398,0.0111904578563325,-0.00587555265190462,0.027132822065179,-0.00955823257346002,-0.0018676844872544,-0.000107996044164839,0.0103113700439004
-0.0191944814403668,0.0511831480445743,-0.010246792964242,0.0907558114022694,-0.0151131620252437,0.0600752099560394,0.00401985375557705,0.0506150720769869,0.0155791681007428,0.0299765117863012,0.0113767155353154,0.0510205174271491,-0.00507101276438888,0.0623840433390235,0.0255689050038433,0.0514861372680852,0.0222415447014892
0.0229222114973591,0.0452222707828105,0.0482679626225606,-0.0151131620252437,0.088335961649919,-0.0365286219716004,0.0348352799673716,-0.0162958936248092,0.0225338740271798,0.0154622283787022,0.0345940341555261,-0.0130740678451505,0.0389414280170384,-0.00542418910434175,0.0237826598373878,-0.0024862769606331,0.0206687825583769
-0.0389707388163342,0.0413771675290672,-0.00946330153597423,0.0600752099560394,-0.0365286219716004,0.0976096423501777,0.00287567820572757,0.0634017695094618,0.00078742250618002,0.0251408109536951,0.0190679041286529,0.0606361046401789,0.00790872702817533,0.0392059857958974,0.0215238735210769,0.0291061240427366,0.0133664949648851
0.0248286168018528,0.0421344497569159,0.0168726872674296,0.00401985375557705,0.0348352799673716,0.00287567820572757,0.0909642877985635,0.0293558627564832,0.00351822237685331,0.0171253450659706,0.027612034703772,0.0145160072437826,0.0378161880012298,-0.010380747586285,0.0112955032131186,0.0146491715906572,0.00542352608869142
-0.0303076116823642,0.0410123754878,-0.00600187037376161,0.0506150720769869,-0.0162958936248092,0.0634017695094618,0.0293558627564832,0.0960996643731716,-0.0144142790818415,0.0558190769525602,-0.0097430190647559,0.0652356385919444,-0.00224087531139472,0.0475001122688799,-0.00694510205330645,0.0523738608125918,-0.000638666017784237
0.0322416842020773,0.0086318356968373,0.0251406457998536,0.0155791681007428,0.0225338740271798,0.00078742250618002,0.00351822237685331,-0.0144142790818415,0.0603284096589594,-0.003838195965345,0.0185430993735898,-0.0175091486632216,0.00927314638335739,0.00139078239197759,0.0104376688118876,-0.00936851177607432,0.0238744597518709
-0.0145396008814305,0.0422417889564587,0.00351390089525398,0.0299765117863012,0.0154622283787022,0.0251408109536951,0.0171253450659706,0.0558190769525602,-0.003838195965345,0.0619907443506549,0.00329012672060299,0.0223773759010521,0.0119747366965746,0.0318576744664349,-0.00152506538767211,0.0339860854417694,-0.000741021408817918
-0.00228783841284771,0.0446428286664203,0.0111904578563325,0.0113767155353154,0.0345940341555261,0.0190679041286529,0.027612034703772,-0.0097430190647559,0.0185430993735898,0.00329012672060299,0.0644502610835863,-0.00294370453179435,0.0392672987535793,0.00849084159640211,0.0563567529437,-0.00777406842511572,0.0199361713302133
-0.034419145342201,0.0331493574259668,-0.00587555265190462,0.0510205174271491,-0.0130740678451505,0.0606361046401789,0.0145160072437826,0.0652356385919444,-0.0175091486632216,0.0223773759010521,-0.00294370453179435,0.0757593444572716,0.00165149337253952,0.0442647871152891,0.0150965632719042,0.0467717743270228,0.019198772438776
0.0244588640852869,0.0371207694269597,0.027132822065179,-0.00507101276438888,0.0389414280170384,0.00790872702817533,0.0378161880012298,-0.00224087531139472,0.00927314638335739,0.0119747366965746,0.0392672987535793,0.00165149337253952,0.068462007189191,-0.0113357397193697,0.0362151739351967,0.00230450180308758,0.0358750173883926
-0.0127474219586473,0.0575243205174657,-0.00955823257346003,0.0623840433390235,-0.00542418910434175,0.0392059857958974,-0.010380747586285,0.0475001122688799,0.00139078239197759,0.0318576744664349,0.00849084159640211,0.0442647871152891,-0.0113357397193697,0.0930469103925616,0.0161841242954714,0.0724014334315601,-0.00144150416422215
-0.0159253925926382,0.024589347036513,-0.0018676844872544,0.0255689050038433,0.0237826598373878,0.021523873521077,0.0112955032131186,-0.00694510205330645,0.0104376688118876,-0.00152506538767211,0.0563567529437,0.0150965632719042,0.0362151739351967,0.0161841242954714,0.075546157806459,-0.00412444906417493,0.0426227202105276
0.00739817413378401,0.0583049579105033,-0.000107996044164839,0.0514861372680852,-0.0024862769606331,0.0291061240427366,0.0146491715906572,0.0523738608125918,-0.00936851177607432,0.0339860854417694,-0.00777406842511572,0.0467717743270227,0.00230450180308758,0.0724014334315601,-0.00412444906417493,0.0786989139460168,-0.00343515825601198
0.00171260765306846,0.000919122708896809,0.0103113700439004,0.0222415447014892,0.0206687825583769,0.0133664949648851,0.00542352608869142,-0.000638666017784237,0.0238744597518709,-0.000741021408817918,0.0199361713302133,0.019198772438776,0.0358750173883926,-0.00144150416422215,0.0426227202105276,-0.00343515825601198,0.0596778206556472
