5802.77502774219,-197.497796290772,2.7477336777939,283.648734802821,0,0,1170.14821718298,0,0,0,0,0,0,0,0,0,0,775.520092022175,576.760413006585,0,193.598197517884,0,0,0,0,980.71999155907,0,0,0,0,0,0,-991.04629243658,0,0,0,0,0,196.827273219379,0,0,34.2384866937539,185.725680479722,0,-513.720480719667,-817.169223790217,0,0,850.912592973809,0,0,0,1203.14728136027,0,0,0,-482.189650749968,0,0,0
-197.497796290772,4753.06356748949,-503.483743751584,-17.7035905015506,0,0,-16.750841339882,0,0,0,0,0,0,0,0,0,0,-52.4844325625327,173.283156189615,0,-386.269127876413,0,0,0,0,-60.0580791705897,0,0,0,0,0,0,-429.997229887153,0,0,0,0,0,-42.4909348062175,0,0,1010.78768903973,-40.6300126198812,0,324.349349230081,1257.02452575626,0,0,-898.977950050074,0,0,0,388.536272498819,0,0,0,-108.08658199342,0,0,0
2.7477336777939,-503.483743751584,3026.12688892162,22.8984165982713,0,0,-16.2420763913452,0,0,0,0,0,0,0,0,0,0,2283.43329118591,-156.888016475555,0,605.520786864032,0,0,0,0,494.244798413969,0,0,0,0,0,0,138.433135544973,0,0,0,0,0,55.6057138593227,0,0,391.556002963632,52.9440892025767,0,-222.146614819435,-712.058552698453,0,0,795.966619176223,0,0,0,357.791460048695,0,0,0,-226.354033451319,0,0,0
283.648734802821,-17.7035905015506,22.8984165982713,1714.14323717624,0,0,-220.331089062095,0,0,0,0,0,0,0,0,0,0,-30.6202997377454,104.176120247043,0,117.106887928969,0,0,0,0,-334.775382537981,0,0,0,0,0,0,31.7254853799834,0,0,0,0,0,-25.7725825619664,0,0,-450.057627275042,271.19025069822,0,-230.011684611716,478.324259002479,0,0,666.977150679813,0,0,0,-187.902681569759,0,0,0,-64.9874147243982,0,0,0
0,0,0,0,0.0218335411818056,0,0,0,0,0,0,0,0,0,0,0,0,0,0,0,0,0,0,0,0,0,0,0,0,0,0,0,0,0,0,0,0,0,0,0,0,0,0,0,0,0,0,0,0,0,0,0,0,0,0,0,0,0,0,0
0,0,0,0,0,0.0472646556485969,0,0,0,0,0,0,0,0,0,0,0,0,0,0,0,0,0,0,0,0,0,0,0,0,0,0,0,0,0,0,0,0,0,0,0,0,0,0,0,0,0,0,0,0,0,0,0,0,0,0,0,0,0,0
1170.14821718298,-16.750841339882,-16.2420763913452,-220.331089062095,0,0,5198.05408557697,0,0,0,0,0,0,0,0,0,0,-1169.1208789061,-294.174257479318,0,657.269993141722,0,0,0,0,103.235873777477,0,0,0,0,0,0,94.5453373895572,0,0,0,0,0,965.956342606121,0,0,392.325042468841,-20.2431753392313,0,656.420678411654,-131.17894263121,0,0,547.678027238166,0,0,0,1066.8883763641,0,0,0,-339.923596410943,0,0,0
0,0,0,0,0,0,0,0.0245884472384097,0,0,0,0,0,0,0,0,0,0,0,0,0,0,0,0,0,0,0,0,0,0,0,0,0,0,0,0,0,0,0,0,0,0,0,0,0,0,0,0,0,0,0,0,0,0,0,0,0,0,0,0
0,0,0,0,0,0,0,0,0.0727038040684098,0,0,0,0,0,0,0,0,0,0,0,0,0,0,0,0,0,0,0,0,0,0,0,0,0,0,0,0,0,0,0,0,0,0,0,0,0,0,0,0,0,0,0,0,0,0,0,0,0,0,0
0,0,0,0,0,0,0,0,0,0.0193434715829784,0,0,0,0,0,0,0,0,0,0,0,0,0,0,0,0,0,0,0,0,0,0,0,0,0,0,0,0,0,0,0,0,0,0,0,0,0,0,0,0,0,0,0,0,0,0,0,0,0,0
0,0,0,0,0,0,0,0,0,0,0.0518651119767552,0,0,0,0,0,0,0,0,0,0,0,0,0,0,0,0,0,0,0,0,0,0,0,0,0,0,0,0,0,0,0,0,0,0,0,0,0,0,0,0,0,0,0,0,0,0,0,0,0
0,0,0,0,0,0,0,0,0,0,0,0.0324590329096275,0,0,0,0,0,0,0,0,0,0,0,0,0,0,0,0,0,0,0,0,0,0,0,0,0,0,0,0,0,0,0,0,0,0,0,0,0,0,0,0,0,0,0,0,0,0,0,0
0,0,0,0,0,0,0,0,0,0,0,0,0.0439363599104723,0,0,0,0,0,0,0,0,0,0,0,0,0,0,0,0,0,0,0,0,0,0,0,0,0,0,0,0,0,0,0,0,0,0,0,0,0,0,0,0,0,0,0,0,0,0,0
0,0,0,0,0,0,0,0,0,0,0,0,0,0.00789186024208286,0,0,0,0,0,0,0,0,0,0,0,0,0,0,0,0,0,0,0,0,0,0,0,0,0,0,0,0,0,0,0,0,0,0,0,0,0,0,0,0,0,0,0,0,0,0
0,0,0,0,0,0,0,0,0,0,0,0,0,0,0.0384983752224852,0,0,0,0,0,0,0,0,0,0,0,0,0,0,0,0,0,0,0,0,0,0,0,0,0,0,0,0,0,0,0,0,0,0,0,0,0,0,0,0,0,0,0,0,0
0,0,0,0,0,0,0,0,0,0,0,0,0,0,0,0.103257341907692,0,0,0,0,0,0,0,0,0,0,0,0,0,0,0,0,0,0,0,0,0,0,0,0,0,0,0,0,0,0,0,0,0,0,0,0,0,0,0,0,0,0,0,0
0,0,0,0,0,0,0,0,0,0,0,0,0,0,0,0,0.0659326563154948,0,0,0,0,0,0,0,0,0,0,0,0,0,0,0,0,0,0,0,0,0,0,0,0,0,0,0,0,0,0,0,0,0,0,0,0,0,0,0,0,0,0,0
775.520092022175,-52.4844325625327,2283.43329118591,-30.6202997377454,0,0,-1169.1208789061,0,0,0,0,0,0,0,0,0,0,12740.4481369007,1219.7163108543,0,317.808953914456,0,0,0,0,716.490215510544,0,0,0,0,0,0,880.22773606552,0,0,0,0,0,-1776.90632610785,0,0,696.724090866047,-66.534273951561,0,-47.3450332345718,-209.676433327879,0,0,2471.37078815164,0,0,0,635.051713805576,0,0,0,-554.644238966677,0,0,0
576.760413006585,173.283156189615,-156.888016475555,104.176120247043,0,0,-294.174257479318,0,0,0,0,0,0,0,0,0,0,1219.7163108543,10354.1592485819,0,712.224047487585,0,0,0,0,881.754224126212,0,0,0,0,0,0,-400.031550099026,0,0,0,0,0,244.518931114144,0,0,1035.63171949811,233.398082969736,0,167.819944282694,814.937603501563,0,0,181.514022145222,0,0,0,1890.11264771219,0,0,0,345.435606837751,0,0,0
0,0,0,0,0,0,0,0,0,0,0,0,0,0,0,0,0,0,0,0.0765715475102717,0,0,0,0,0,0,0,0,0,0,0,0,0,0,0,0,0,0,0,0,0,0,0,0,0,0,0,0,0,0,0,0,0,0,0,0,0,0,0,0
193.598197517884,-386.269127876413,605.520786864032,117.106887928969,0,0,657.269993141722,0,0,0,0,0,0,0,0,0,0,317.808953914456,712.224047487585,0,13426.9079162468,0,0,0,0,1160.81766919067,0,0,0,0,0,0,1196.80061574311,0,0,0,0,0,2745.26708031181,0,0,1953.41516251954,1815.21725624804,0,-928.757179790374,-1378.18320094749,0,0,-22.9034344730589,0,0,0,-238.942467072172,0,0,0,319.899982434359,0,0,0
0,0,0,0,0,0,0,0,0,0,0,0,0,0,0,0,0,0,0,0,0,0.072576227200692,0,0,0,0,0,0,0,0,0,0,0,0,0,0,0,0,0,0,0,0,0,0,0,0,0,0,0,0,0,0,0,0,0,0,0,0,0,0
0,0,0,0,0,0,0,0,0,0,0,0,0,0,0,0,0,0,0,0,0,0,0.0269212346344671,0,0,0,0,0,0,0,0,0,0,0,0,0,0,0,0,0,0,0,0,0,0,0,0,0,0,0,0,0,0,0,0,0,0,0,0,0
0,0,0,0,0,0,0,0,0,0,0,0,0,0,0,0,0,0,0,0,0,0,0,0.0347775260088643,0,0,0,0,0,0,0,0,0,0,0,0,0,0,0,0,0,0,0,0,0,0,0,0,0,0,0,0,0,0,0,0,0,0,0,0
0,0,0,0,0,0,0,0,0,0,0,0,0,0,0,0,0,0,0,0,0,0,0,0,0.0613484491705217,0,0,0,0,0,0,0,0,0,0,0,0,0,0,0,0,0,0,0,0,0,0,0,0,0,0,0,0,0,0,0,0,0,0,0
980.71999155907,-60.0580791705897,494.244798413969,-334.775382537981,0,0,103.235873777477,0,0,0,0,0,0,0,0,0,0,716.490215510544,881.754224126212,0,1160.81766919067,0,0,0,0,6418.18438032966,0,0,0,0,0,0,662.303195665564,0,0,0,0,0,2025.55570849984,0,0,1388.76701816299,587.420697005419,0,-57.5307261982051,1090.01538445024,0,0,586.907040809693,0,0,0,1427.02139666818,0,0,0,190.44945796982,0,0,0
0,0,0,0,0,0,0,0,0,0,0,0,0,0,0,0,0,0,0,0,0,0,0,0,0,0,0.0734509431584774,0,0,0,0,0,0,0,0,0,0,0,0,0,0,0,0,0,0,0,0,0,0,0,0,0,0,0,0,0,0,0,0,0
0,0,0,0,0,0,0,0,0,0,0,0,0,0,0,0,0,0,0,0,0,0,0,0,0,0,0,0.0667215658951823,0,0,0,0,0,0,0,0,0,0,0,0,0,0,0,0,0,0,0,0,0,0,0,0,0,0,0,0,0,0,0,0
0,0,0,0,0,0,0,0,0,0,0,0,0,0,0,0,0,0,0,0,0,0,0,0,0,0,0,0,0.0739905913408162,0,0,0,0,0,0,0,0,0,0,0,0,0,0,0,0,0,0,0,0,0,0,0,0,0,0,0,0,0,0,0
0,0,0,0,0,0,0,0,0,0,0,0,0,0,0,0,0,0,0,0,0,0,0,0,0,0,0,0,0,0.0637394479534626,0,0,0,0,0,0,0,0,0,0,0,0,0,0,0,0,0,0,0,0,0,0,0,0,0,0,0,0,0,0
0,0,0,0,0,0,0,0,0,0,0,0,0,0,0,0,0,0,0,0,0,0,0,0,0,0,0,0,0,0,0.0546351796216066,0,0,0,0,0,0,0,0,0,0,0,0,0,0,0,0,0,0,0,0,0,0,0,0,0,0,0,0,0
0,0,0,0,0,0,0,0,0,0,0,0,0,0,0,0,0,0,0,0,0,0,0,0,0,0,0,0,0,0,0,0.0459143980997734,0,0,0,0,0,0,0,0,0,0,0,0,0,0,0,0,0,0,0,0,0,0,0,0,0,0,0,0
-991.04629243658,-429.997229887153,138.433135544973,31.7254853799834,0,0,94.5453373895572,0,0,0,0,0,0,0,0,0,0,880.22773606552,-400.031550099026,0,1196.80061574311,0,0,0,0,662.303195665564,0,0,0,0,0,0,7821.93239711865,0,0,0,0,0,1444.41641913279,0,0,-829.058193305,70.4314138909928,0,51.1492122173326,-650.118419622446,0,0,-515.768133321059,0,0,0,-788.673707237019,0,0,0,530.030202665175,0,0,0
0,0,0,0,0,0,0,0,0,0,0,0,0,0,0,0,0,0,0,0,0,0,0,0,0,0,0,0,0,0,0,0,0,0.0764512060014933,0,0,0,0,0,0,0,0,0,0,0,0,0,0,0,0,0,0,0,0,0,0,0,0,0,0
0,0,0,0,0,0,0,0,0,0,0,0,0,0,0,0,0,0,0,0,0,0,0,0,0,0,0,0,0,0,0,0,0,0,0.0762132830096543,0,0,0,0,0,0,0,0,0,0,0,0,0,0,0,0,0,0,0,0,0,0,0,0,0
0,0,0,0,0,0,0,0,0,0,0,0,0,0,0,0,0,0,0,0,0,0,0,0,0,0,0,0,0,0,0,0,0,0,0,0.0505109694595555,0,0,0,0,0,0,0,0,0,0,0,0,0,0,0,0,0,0,0,0,0,0,0,0
0,0,0,0,0,0,0,0,0,0,0,0,0,0,0,0,0,0,0,0,0,0,0,0,0,0,0,0,0,0,0,0,0,0,0,0,0.0736696580461542,0,0,0,0,0,0,0,0,0,0,0,0,0,0,0,0,0,0,0,0,0,0,0
0,0,0,0,0,0,0,0,0,0,0,0,0,0,0,0,0,0,0,0,0,0,0,0,0,0,0,0,0,0,0,0,0,0,0,0,0,0.0335516730500613,0,0,0,0,0,0,0,0,0,0,0,0,0,0,0,0,0,0,0,0,0,0
196.827273219379,-42.4909348062175,55.6057138593227,-25.7725825619664,0,0,965.956342606121,0,0,0,0,0,0,0,0,0,0,-1776.90632610785,244.518931114144,0,2745.26708031181,0,0,0,0,2025.55570849984,0,0,0,0,0,0,1444.41641913279,0,0,0,0,0,9528.32269679714,0,0,597.803897312232,-61.1806954326279,0,-545.156931174633,470.641208177265,0,0,1002.16664697768,0,0,0,53.4143092672636,0,0,0,-152.716175111305,0,0,0
0,0,0,0,0,0,0,0,0,0,0,0,0,0,0,0,0,0,0,0,0,0,0,0,0,0,0,0,0,0,0,0,0,0,0,0,0,0,0,0.0482560271384567,0,0,0,0,0,0,0,0,0,0,0,0,0,0,0,0,0,0,0,0
0,0,0,0,0,0,0,0,0,0,0,0,0,0,0,0,0,0,0,0,0,0,0,0,0,0,0,0,0,0,0,0,0,0,0,0,0,0,0,0,0.0583263196213878,0,0,0,0,0,0,0,0,0,0,0,0,0,0,0,0,0,0,0
34.2384866937539,1010.78768903973,391.556002963632,-450.057627275041,0,0,392.325042468841,0,0,0,0,0,0,0,0,0,0,696.724090866047,1035.63171949811,0,1953.41516251954,0,0,0,0,1388.76701816299,0,0,0,0,0,0,-829.058193305,0,0,0,0,0,597.803897312232,0,0,12664.6826324174,2141.33080483987,0,-157.79361507943,1113.2720098909,0,0,-324.029910978473,0,0,0,521.118527134592,0,0,0,484.297199634334,0,0,0
185.725680479722,-40.6300126198812,52.9440892025767,271.19025069822,0,0,-20.2431753392313,0,0,0,0,0,0,0,0,0,0,-66.534273951561,233.398082969736,0,1815.21725624804,0,0,0,0,587.420697005419,0,0,0,0,0,0,70.4314138909928,0,0,0,0,0,-61.1806954326279,0,0,2141.33080483987,8529.96850814544,0,907.58617172835,446.597309596103,0,0,-127.402801380093,0,0,0,992.224577694922,0,0,0,-453.638807313964,0,0,0
0,0,0,0,0,0,0,0,0,0,0,0,0,0,0,0,0,0,0,0,0,0,0,0,0,0,0,0,0,0,0,0,0,0,0,0,0,0,0,0,0,0,0,0.0546894242695899,0,0,0,0,0,0,0,0,0,0,0,0,0,0,0,0
-513.720480719667,324.349349230081,-222.146614819435,-230.011684611716,0,0,656.420678411654,0,0,0,0,0,0,0,0,0,0,-47.3450332345718,167.819944282694,0,-928.757179790374,0,0,0,0,-57.5307261982051,0,0,0,0,0,0,51.1492122173326,0,0,0,0,0,-545.156931174633,0,0,-157.79361507943,907.58617172835,0,4395.62983178612,1208.85823290704,0,0,-480.32056519504,0,0,0,374.845973085631,0,0,0,339.363749979735,0,0,0
-817.169223790217,1257.02452575626,-712.058552698453,478.324259002479,0,0,-131.17894263121,0,0,0,0,0,0,0,0,0,0,-209.676433327879,814.937603501562,0,-1378.18320094749,0,0,0,0,1090.01538445024,0,0,0,0,0,0,-650.118419622446,0,0,0,0,0,470.641208177265,0,0,1113.2720098909,446.597309596103,0,1208.85823290704,7830.85349175723,0,0,754.1659046724,0,0,0,407.903856675146,0,0,0,958.96088476802,0,0,0
0,0,0,0,0,0,0,0,0,0,0,0,0,0,0,0,0,0,0,0,0,0,0,0,0,0,0,0,0,0,0,0,0,0,0,0,0,0,0,0,0,0,0,0,0,0,0.0376646665856122,0,0,0,0,0,0,0,0,0,0,0,0,0
0,0,0,0,0,0,0,0,0,0,0,0,0,0,0,0,0,0,0,0,0,0,0,0,0,0,0,0,0,0,0,0,0,0,0,0,0,0,0,0,0,0,0,0,0,0,0,0.0407993685502485,0,0,0,0,0,0,0,0,0,0,0,0
850.912592973809,-898.977950050074,795.966619176223,666.977150679813,0,0,547.678027238166,0,0,0,0,0,0,0,0,0,0,2471.37078815164,181.514022145222,0,-22.9034344730589,0,0,0,0,586.907040809693,0,0,0,0,0,0,-515.768133321059,0,0,0,0,0,1002.16664697768,0,0,-324.029910978473,-127.402801380093,0,-480.32056519504,754.1659046724,0,0,7082.37929404682,0,0,0,-372.888460614186,0,0,0,57.5071791684764,0,0,0
0,0,0,0,0,0,0,0,0,0,0,0,0,0,0,0,0,0,0,0,0,0,0,0,0,0,0,0,0,0,0,0,0,0,0,0,0,0,0,0,0,0,0,0,0,0,0,0,0,0.0238190057423819,0,0,0,0,0,0,0,0,0,0
0,0,0,0,0,0,0,0,0,0,0,0,0,0,0,0,0,0,0,0,0,0,0,0,0,0,0,0,0,0,0,0,0,0,0,0,0,0,0,0,0,0,0,0,0,0,0,0,0,0,0.0141854360656622,0,0,0,0,0,0,0,0,0
0,0,0,0,0,0,0,0,0,0,0,0,0,0,0,0,0,0,0,0,0,0,0,0,0,0,0,0,0,0,0,0,0,0,0,0,0,0,0,0,0,0,0,0,0,0,0,0,0,0,0,0.0100646596996074,0,0,0,0,0,0,0,0
1203.14728136027,388.536272498819,357.791460048695,-187.902681569759,0,0,1066.8883763641,0,0,0,0,0,0,0,0,0,0,635.051713805576,1890.11264771219,0,-238.942467072172,0,0,0,0,1427.02139666818,0,0,0,0,0,0,-788.673707237019,0,0,0,0,0,53.4143092672636,0,0,521.118527134592,992.224577694922,0,374.845973085631,407.903856675146,0,0,-372.888460614186,0,0,0,4105.24213806435,0,0,0,-56.1771255441876,0,0,0
0,0,0,0,0,0,0,0,0,0,0,0,0,0,0,0,0,0,0,0,0,0,0,0,0,0,0,0,0,0,0,0,0,0,0,0,0,0,0,0,0,0,0,0,0,0,0,0,0,0,0,0,0,0.0163211050959184,0,0,0,0,0,0
0,0,0,0,0,0,0,0,0,0,0,0,0,0,0,0,0,0,0,0,0,0,0,0,0,0,0,0,0,0,0,0,0,0,0,0,0,0,0,0,0,0,0,0,0,0,0,0,0,0,0,0,0,0,0.00808215743575,0,0,0,0,0
0,0,0,0,0,0,0,0,0,0,0,0,0,0,0,0,0,0,0,0,0,0,0,0,0,0,0,0,0,0,0,0,0,0,0,0,0,0,0,0,0,0,0,0,0,0,0,0,0,0,0,0,0,0,0,0.0283081668185813,0,0,0,0
-482.189650749968,-108.08658199342,-226.354033451319,-64.9874147243982,0,0,-339.923596410943,0,0,0,0,0,0,0,0,0,0,-554.644238966677,345.435606837751,0,319.899982434359,0,0,0,0,190.44945796982,0,0,0,0,0,0,530.030202665175,0,0,0,0,0,-152.716175111305,0,0,484.297199634334,-453.638807313964,0,339.363749979735,958.96088476802,0,0,57.5071791684764,0,0,0,-56.1771255441876,0,0,0,2034.83159859042,0,0,0
0,0,0,0,0,0,0,0,0,0,0,0,0,0,0,0,0,0,0,0,0,0,0,0,0,0,0,0,0,0,0,0,0,0,0,0,0,0,0,0,0,0,0,0,0,0,0,0,0,0,0,0,0,0,0,0,0,0.0166754734238547,0,0
0,0,0,0,0,0,0,0,0,0,0,0,0,0,0,0,0,0,0,0,0,0,0,0,0,0,0,0,0,0,0,0,0,0,0,0,0,0,0,0,0,0,0,0,0,0,0,0,0,0,0,0,0,0,0,0,0,0,0.0115499202453488,0
0,0,0,0,0,0,0,0,0,0,0,0,0,0,0,0,0,0,0,0,0,0,0,0,0,0,0,0,0,0,0,0,0,0,0,0,0,0,0,0,0,0,0,0,0,0,0,0,0,0,0,0,0,0,0,0,0,0,0,0.00947754890863776
