NaN,0.239127550343448,0.479089663431091,NaN,NaN,NaN,NaN,NaN,0.234891363885339,NaN,NaN,NaN,NaN,NaN,NaN,NaN,NaN,NaN,NaN,NaN,NaN,NaN
NaN,0.0470886024271002,NaN,NaN,NaN,NaN,NaN,0.0488039813774282,NaN,0.0172555464256368,0.0342835130970724,NaN,0.0150088061873038,NaN,NaN,NaN,0.500260160856408,NaN,NaN,NaN,NaN,NaN
0,NaN,NaN,NaN,0.209486166007905,NaN,NaN,NaN,NaN,NaN,NaN,NaN,NaN,NaN,NaN,NaN,NaN,NaN,0.490912506398084,0.866077317719413,NaN,NaN
NaN,NaN,NaN,NaN,NaN,NaN,NaN,NaN,NaN,NaN,NaN,0.192944369063772,NaN,NaN,NaN,NaN,NaN,NaN,NaN,0.485015273997735,NaN,NaN
NaN,NaN,0.198320034082927,NaN,NaN,NaN,0.067524115755627,NaN,NaN,NaN,NaN,NaN,NaN,NaN,NaN,0.691050963179712,NaN,NaN,NaN,NaN,NaN,NaN
NaN,NaN,NaN,NaN,NaN,NaN,NaN,NaN,NaN,NaN,NaN,NaN,0.286775403935983,NaN,NaN,NaN,NaN,NaN,NaN,NaN,NaN,0.387682570190627
NaN,NaN,NaN,NaN,NaN,NaN,NaN,NaN,NaN,NaN,0.140793528505393,NaN,0.0496209510682288,NaN,NaN,NaN,NaN,NaN,NaN,NaN,NaN,0.0643044728143355
NaN,0.21200281698766,NaN,NaN,NaN,NaN,NaN,0.119441322844758,0.256801168522914,NaN,NaN,NaN,NaN,0.246052124791373,0.0898239806474202,NaN,0.621063462915995,0.652040190274336,NaN,NaN,NaN,NaN
NaN,NaN,NaN,0.085133418043202,0.0909090909090909,NaN,0.0396570203644159,NaN,NaN,NaN,NaN,NaN,NaN,0.167223006804468,NaN,NaN,NaN,0.764611204513039,NaN,NaN,NaN,NaN
0.733274340404722,NaN,0.0719483689707186,NaN,NaN,NaN,NaN,NaN,0.0849004929706043,NaN,NaN,NaN,NaN,NaN,NaN,NaN,NaN,NaN,NaN,NaN,NaN,NaN
NaN,NaN,NaN,0.0412960609911055,NaN,NaN,NaN,NaN,NaN,0.0410846343467543,0.0614406779661017,NaN,NaN,0.0614327898318141,NaN,0.747012923677152,NaN,0.762296518808316,NaN,NaN,NaN,NaN
NaN,NaN,NaN,0.121664548919949,NaN,NaN,NaN,NaN,NaN,NaN,0.119029275808937,NaN,NaN,NaN,NaN,0.543404047793221,NaN,NaN,NaN,NaN,NaN,NaN
NaN,NaN,NaN,NaN,NaN,NaN,NaN,NaN,NaN,0.1405094494659,0.156587057010786,0.1078697421981,0.0725936135998162,NaN,NaN,NaN,NaN,NaN,0.212944676984238,NaN,0.558967430471896,NaN
NaN,NaN,NaN,NaN,NaN,NaN,NaN,NaN,NaN,NaN,NaN,NaN,NaN,NaN,NaN,NaN,0.562283442336455,NaN,NaN,NaN,NaN,NaN
NaN,NaN,NaN,NaN,NaN,NaN,NaN,NaN,NaN,0.52341824157765,NaN,NaN,NaN,NaN,NaN,0.156750386084695,NaN,NaN,NaN,NaN,NaN,NaN
NaN,NaN,NaN,NaN,NaN,0.173410404624277,NaN,0.173222026007385,0.201022457549754,0.173377156943303,NaN,NaN,NaN,NaN,NaN,NaN,NaN,NaN,0.512199615509298,NaN,NaN,NaN
0.51135807931444,NaN,NaN,NaN,0.0513833992094862,0.0659922928709056,NaN,NaN,NaN,0.0682004930156122,NaN,NaN,NaN,0.0930799845936577,NaN,NaN,NaN,NaN,NaN,NaN,NaN,0.266511055696853
NaN,NaN,NaN,0.12579415501906,0.0909090909090909,NaN,NaN,NaN,NaN,NaN,NaN,NaN,NaN,NaN,NaN,NaN,NaN,NaN,NaN,0.276955735796983,NaN,NaN
NaN,NaN,NaN,NaN,NaN,NaN,NaN,0.128270990528175,NaN,NaN,NaN,NaN,NaN,NaN,NaN,NaN,NaN,NaN,NaN,0.577100484220621,0.179603517644275,NaN
NaN,NaN,0.0640206339885086,NaN,NaN,NaN,0.0718113612004287,NaN,0.453806828555779,0.453574363188168,NaN,NaN,NaN,NaN,0.036477066556323,0.509144111192392,NaN,NaN,0.327689098063209,NaN,NaN,NaN
0.152650024451016,NaN,NaN,NaN,NaN,NaN,NaN,0.143361695296195,NaN,NaN,NaN,NaN,NaN,NaN,NaN,0.427253515402747,NaN,0.578846720795519,NaN,0.532341029987461,NaN,NaN
NaN,NaN,NaN,0.0139771283354511,NaN,NaN,NaN,0.0216728206774763,NaN,NaN,NaN,0.0345997286295794,NaN,NaN,NaN,NaN,0.48853308942767,0.655048086499924,NaN,NaN,NaN,NaN
NaN,NaN,NaN,0.0638500635324015,NaN,NaN,NaN,NaN,NaN,NaN,NaN,0.0431478968792402,NaN,NaN,NaN,NaN,NaN,NaN,NaN,NaN,0.348000416394557,NaN
NaN,NaN,NaN,NaN,0.0118577075098814,NaN,NaN,NaN,NaN,0.00986031224322103,NaN,NaN,NaN,0.0130311978431121,NaN,NaN,NaN,NaN,NaN,NaN,0.314358761279577,NaN
NaN,NaN,NaN,0.218551461245235,NaN,NaN,NaN,NaN,NaN,NaN,NaN,0.0355495251017639,NaN,NaN,NaN,0.619848817361619,NaN,NaN,NaN,NaN,0.569013838890896,NaN
NaN,NaN,NaN,NaN,NaN,0.0221579961464354,NaN,NaN,0.0459192988862516,NaN,NaN,NaN,NaN,NaN,NaN,0.730472242542469,NaN,NaN,0.0847448893527029,0.113840245464512,NaN,NaN
0.163326968306825,NaN,0.250405886213686,NaN,NaN,NaN,NaN,NaN,NaN,NaN,NaN,0.0611940298507463,NaN,NaN,NaN,NaN,0.244205879402027,NaN,NaN,0.23182709429358,NaN,0.26901919524137
NaN,NaN,NaN,NaN,NaN,NaN,0.162915326902465,NaN,NaN,0.139687756778965,NaN,NaN,NaN,NaN,NaN,NaN,NaN,NaN,0.186316896925358,NaN,NaN,NaN
NaN,NaN,NaN,NaN,NaN,NaN,0.10075026795284,NaN,0.113657111557422,NaN,NaN,NaN,0.0702197718048855,NaN,NaN,NaN,NaN,NaN,0.465372784762409,NaN,NaN,NaN
NaN,NaN,NaN,NaN,NaN,NaN,NaN,0.0486434419650024,NaN,NaN,NaN,NaN,NaN,NaN,NaN,NaN,0.753712833746713,NaN,NaN,NaN,NaN,NaN
NaN,NaN,NaN,NaN,0.130434782608696,NaN,0.119506966773848,NaN,NaN,NaN,0.341679506933744,NaN,NaN,NaN,NaN,NaN,NaN,NaN,0.475752551142633,NaN,NaN,0.380632440537831
NaN,NaN,NaN,NaN,NaN,0.0284200385356455,NaN,NaN,NaN,NaN,NaN,NaN,NaN,NaN,0.0130820893147022,NaN,NaN,NaN,0.146251107178094,NaN,NaN,NaN
NaN,0.0440470722720639,NaN,NaN,NaN,NaN,NaN,NaN,0.00812488588643418,NaN,NaN,NaN,NaN,NaN,NaN,NaN,NaN,NaN,NaN,NaN,NaN,NaN
NaN,NaN,NaN,0.0676620076238882,0.0909090909090909,NaN,NaN,NaN,0.1891546467044,0.149548069022186,NaN,NaN,NaN,NaN,NaN,NaN,NaN,NaN,0.379433164592069,NaN,NaN,0.290882053236349
NaN,NaN,NaN,NaN,0.0513833992094862,NaN,NaN,NaN,0.0952163593207961,NaN,NaN,0.0823609226594301,NaN,0.1274874823469,NaN,NaN,0.652226766935538,NaN,NaN,NaN,0.465978874204357,NaN
0.390197471066297,NaN,NaN,NaN,NaN,NaN,NaN,NaN,NaN,NaN,NaN,NaN,NaN,NaN,NaN,NaN,NaN,NaN,0.152606431477541,NaN,NaN,NaN
0.512004284749552,NaN,NaN,NaN,0.0909090909090909,NaN,NaN,NaN,0.507303268212525,0.406737880032868,NaN,NaN,NaN,0.619334959558352,NaN,NaN,NaN,NaN,NaN,NaN,NaN,NaN
NaN,NaN,NaN,NaN,NaN,NaN,NaN,NaN,NaN,NaN,0.0687596302003082,NaN,NaN,NaN,NaN,NaN,NaN,NaN,NaN,NaN,0.245374728409319,0.288980755051488
0.233553780592879,NaN,NaN,NaN,NaN,0.403179190751445,0.437834941050375,NaN,0.476173087456637,0.410024650780608,NaN,NaN,NaN,NaN,NaN,0.268999431033081,0.894202029488008,NaN,NaN,NaN,NaN,NaN
NaN,NaN,NaN,NaN,NaN,NaN,NaN,NaN,0.312214716085448,NaN,NaN,0.347354138398915,NaN,NaN,0.0683069675653309,0.51174510282045,0.369155422195571,NaN,0.569875209570575,NaN,0.390661284381467,NaN
0.34788556924295,NaN,NaN,0.18869123252859,0.1699604743083,NaN,NaN,NaN,NaN,NaN,NaN,NaN,NaN,NaN,NaN,0.539583841339511,NaN,NaN,0.308055953467694,NaN,NaN,0.201767503127408
NaN,NaN,0.21106658836805,NaN,NaN,NaN,NaN,NaN,NaN,0.108463434675431,0.183936825885978,NaN,NaN,NaN,NaN,NaN,NaN,0.214935101152961,NaN,NaN,NaN,NaN
NaN,NaN,NaN,NaN,0.209486166007905,0.102601156069364,0.130760986066452,0.10274522395248,NaN,NaN,NaN,NaN,NaN,NaN,NaN,NaN,NaN,NaN,0.543260808761167,NaN,NaN,NaN
NaN,0.71057901344193,0.0780452980528976,NaN,NaN,NaN,0.0905680600214362,0.0846042703483705,NaN,NaN,NaN,0.0544097693351425,NaN,NaN,0.0552885380526467,NaN,NaN,NaN,NaN,0.823557749668519,NaN,0.4934283015898
NaN,NaN,NaN,NaN,NaN,NaN,NaN,NaN,NaN,NaN,NaN,NaN,NaN,NaN,NaN,NaN,NaN,NaN,0.336268632186894,NaN,0.312443168371096,NaN
NaN,0.992830970533901,NaN,NaN,0.1699604743083,NaN,NaN,NaN,NaN,0.115858668857847,NaN,NaN,NaN,NaN,NaN,NaN,NaN,0.85754922193095,NaN,NaN,NaN,NaN
NaN,NaN,NaN,0.0889453621346887,NaN,NaN,NaN,0.0303419489484669,NaN,NaN,NaN,NaN,NaN,0.132558736679933,NaN,NaN,NaN,NaN,NaN,NaN,NaN,NaN
0.677240761008779,NaN,NaN,NaN,NaN,0.209055876685935,NaN,NaN,NaN,NaN,0.158320493066256,NaN,NaN,NaN,NaN,0.522799317239698,0.565370373394994,0.588842497788897,NaN,NaN,NaN,NaN
NaN,NaN,NaN,0.0790978398983481,NaN,NaN,NaN,NaN,0.0871827642870184,NaN,NaN,NaN,NaN,NaN,NaN,NaN,NaN,NaN,NaN,NaN,NaN,NaN
NaN,NaN,NaN,NaN,0.0909090909090909,NaN,NaN,NaN,NaN,0.0566967953985209,NaN,NaN,0.0521479439467034,0.0914751572730775,NaN,0.671787368934406,0.658260632179215,NaN,NaN,NaN,NaN,NaN
NaN,0.0160731600273534,NaN,NaN,NaN,NaN,NaN,NaN,NaN,NaN,NaN,NaN,NaN,NaN,NaN,NaN,NaN,0.851031449447424,NaN,NaN,NaN,NaN
NaN,NaN,NaN,NaN,0.407114624505929,NaN,NaN,NaN,NaN,NaN,NaN,NaN,0.244199402710774,NaN,NaN,NaN,NaN,NaN,NaN,NaN,NaN,NaN
NaN,NaN,NaN,NaN,NaN,0.505298651252408,0.335476956055734,NaN,NaN,0.290057518488085,0.415061633281972,NaN,NaN,0.41507253819489,NaN,NaN,NaN,NaN,NaN,NaN,NaN,NaN
NaN,NaN,NaN,NaN,0.0118577075098814,NaN,NaN,NaN,0.00693810480189885,NaN,NaN,NaN,NaN,NaN,0.0056657223796034,NaN,NaN,0.466925093424061,NaN,NaN,NaN,0.100768803797626
NaN,NaN,NaN,0.116264294790343,0.0909090909090909,NaN,NaN,NaN,NaN,NaN,0.0781972265023112,NaN,NaN,NaN,NaN,NaN,NaN,NaN,NaN,NaN,0.474184427199462,0.276015475490237
NaN,NaN,NaN,NaN,NaN,NaN,NaN,NaN,NaN,0.0829909613804437,NaN,NaN,NaN,NaN,NaN,NaN,NaN,NaN,NaN,NaN,NaN,NaN
NaN,0.0217030527572798,NaN,NaN,NaN,NaN,NaN,NaN,NaN,NaN,NaN,NaN,NaN,0.429195018615997,NaN,NaN,NaN,NaN,0.481592051134768,NaN,NaN,NaN
NaN,NaN,NaN,NaN,NaN,NaN,NaN,0.146411944132284,NaN,NaN,NaN,NaN,NaN,NaN,0.105038673329726,NaN,NaN,NaN,0.61662393442866,NaN,NaN,NaN
NaN,0.189762903538586,0.0825820120441696,NaN,NaN,NaN,NaN,0.161342109487879,NaN,NaN,NaN,NaN,NaN,NaN,NaN,NaN,NaN,NaN,NaN,NaN,NaN,NaN
NaN,NaN,NaN,NaN,0.0118577075098814,NaN,NaN,NaN,NaN,NaN,0.025231124807396,0.0257801899592944,0.018224978941726,NaN,NaN,NaN,NaN,NaN,NaN,NaN,NaN,NaN
NaN,NaN,NaN,NaN,NaN,0.0616570327552986,0.0557341907824223,NaN,NaN,NaN,NaN,NaN,NaN,0.309474900500706,NaN,0.559944728927904,NaN,NaN,NaN,0.409217075361477,0.32055440977851,NaN
NaN,NaN,NaN,NaN,NaN,NaN,NaN,NaN,NaN,NaN,0.181240369799692,NaN,NaN,NaN,NaN,NaN,NaN,0.842338430157048,NaN,NaN,NaN,NaN
NaN,NaN,0.3706691077412,NaN,0.0513833992094862,NaN,NaN,NaN,NaN,NaN,NaN,NaN,0.0391301018454706,0.052638336115034,NaN,NaN,NaN,NaN,NaN,0.431420087839557,NaN,0.182599186459774
NaN,NaN,NaN,0.0978398983481576,NaN,0.0703275529865125,NaN,NaN,0.0460105897389082,NaN,NaN,NaN,NaN,NaN,NaN,NaN,0.453188545455818,NaN,0.346007460197185,0.601068391941812,NaN,NaN
NaN,NaN,NaN,NaN,NaN,0.0876685934489403,0.0980707395498392,NaN,NaN,0.0928512736236647,NaN,NaN,NaN,NaN,0.0402011649743769,NaN,NaN,NaN,NaN,NaN,NaN,0.245346168822024
0.139172857043057,NaN,0.222339286331134,NaN,NaN,NaN,NaN,NaN,0.428062808106628,NaN,NaN,NaN,NaN,NaN,NaN,NaN,NaN,NaN,0.421339324344286,NaN,NaN,NaN
NaN,0.267315798605795,NaN,NaN,0.525691699604743,NaN,NaN,0.722587895328303,NaN,NaN,NaN,NaN,NaN,NaN,0.515644396345927,NaN,NaN,NaN,NaN,0.787787105009016,NaN,0.849540623161871
NaN,NaN,NaN,NaN,NaN,0.154142581888247,NaN,0.15411783592872,NaN,NaN,0.170454545454545,NaN,NaN,NaN,NaN,0.531537023490206,NaN,0.383229882951005,NaN,NaN,NaN,NaN
NaN,NaN,NaN,NaN,0.0513833992094862,NaN,NaN,NaN,NaN,NaN,NaN,NaN,NaN,NaN,NaN,0.728602779809803,0.547796099220451,NaN,NaN,NaN,NaN,NaN
NaN,NaN,NaN,NaN,NaN,NaN,NaN,0.860330711189597,NaN,0.694330320460148,NaN,NaN,NaN,0.981512389266915,0.823280389597988,NaN,NaN,NaN,NaN,NaN,NaN,NaN
NaN,NaN,NaN,0.179479034307497,NaN,NaN,NaN,0.166639910097929,0.128537520540442,0.121610517666393,NaN,NaN,NaN,0.150340223391963,0.0575802909252952,NaN,NaN,NaN,NaN,NaN,NaN,NaN
0.477580746571036,0.340183920716086,0.0809872534457149,0.128017789072427,0.0909090909090909,NaN,NaN,0.0789853909134693,NaN,0.161051766639277,0.242295839753467,NaN,NaN,NaN,NaN,0.410428350808746,NaN,0.441324111774221,0.572801649191378,NaN,NaN,NaN
NaN,NaN,NaN,0.131194409148666,NaN,NaN,0.118971061093248,NaN,NaN,NaN,NaN,NaN,NaN,0.0760046219026833,0.072731323805583,NaN,0.539421952909718,NaN,NaN,NaN,NaN,NaN
0.283142770649465,0.131585984465742,NaN,NaN,0.24901185770751,NaN,NaN,NaN,NaN,NaN,NaN,NaN,NaN,NaN,0.0825667632173664,0.468910021945867,0.563634412164795,NaN,0.477387893189474,NaN,NaN,NaN
NaN,NaN,0.910555344456343,0.0406607369758577,NaN,NaN,NaN,NaN,0.062990688333029,NaN,NaN,NaN,NaN,NaN,NaN,NaN,NaN,NaN,NaN,0.0279479265857606,NaN,NaN
NaN,NaN,NaN,NaN,NaN,NaN,NaN,NaN,NaN,NaN,NaN,NaN,NaN,NaN,NaN,0.568560513695847,0.867350629169282,0.309725663928352,NaN,NaN,NaN,NaN
0.557261951889714,0.192681955969258,0.584366759934137,0.0285895806861499,NaN,NaN,NaN,0.0319473430727244,NaN,NaN,0.0552773497688752,NaN,NaN,NaN,NaN,0.732016581321629,NaN,NaN,NaN,NaN,NaN,NaN
NaN,NaN,NaN,NaN,NaN,NaN,NaN,NaN,0.0767756070841702,NaN,NaN,0.0778833107191316,NaN,0.068365643856721,0.0354585097240348,0.554498902706657,NaN,0.327617666509964,NaN,NaN,0.310127196080909,NaN
