0.867370700696272,0.288973942864142,NaN,0.0428843710292249,NaN,0.0505780346820809,0.0359056806002144,NaN,NaN,0.0254724732949877,NaN,NaN,0.0124818133088292,NaN,0.0148963936722157,NaN,NaN,0.208871501079656,0.171205034647736,0.382788669552631,0.190898664868222,NaN
0.699683301120089,0.241219878134664,0.76884636199293,NaN,NaN,0.144508670520231,NaN,0.144646010595601,0.073671718093847,0.057518488085456,0.0957241910631741,0.0662143826322931,0.0450264185619113,0.0957119013994094,NaN,0.567585141835325,NaN,0.55052070468435,0.270036104085498,NaN,0.480032190502289,0.190235446163023
0.641111473348392,0.239127550343448,0.479089663431091,0.0660736975857687,0.0513833992094862,0.0549132947976879,NaN,0.0549044790496067,0.234891363885339,0.174198849630238,0.308166409861325,0.204341926729986,NaN,0.308191038644242,0.0529331253779801,0.417012110867268,NaN,0.348409998167374,0.430255870914108,NaN,NaN,0.342407648272263
0.404536245721072,0.144584953611562,NaN,0.0603557814485387,0.0513833992094862,0.0616570327552986,0.0557341907824223,0.0614865949590625,NaN,0.182415776499589,0.309514637904468,0.237584803256445,0.156596982923654,0.309474900500706,0.0249864722920712,0.559944728927904,NaN,0.549341450005179,0.309812612763117,0.409217075361477,NaN,0.240816605499267
0.515363388678015,0.21110056441818,0.0568125554135433,0.183926302414231,0.130434782608696,0.16859344894027,0.17577706323687,0.168566383047038,NaN,NaN,0.428351309707242,0.33270013568521,0.213722337085535,NaN,0.172040614953687,NaN,0.699807037642826,0.618726245587755,0.483835606630539,0.758182337990946,0.745601610058954,0.409214047238354
0.152650024451016,0.0502832297375915,0.147644708510369,0.153430749682338,0.209486166007905,0.14354527938343,NaN,0.143361695296195,0.246850465583349,0.233360723089564,0.271379044684129,0.185888738127544,0.181637185083084,NaN,0.0840945984657988,0.427253515402747,1,0.578846720795519,0.440276928767972,0.532341029987461,0.438371826103668,0.364479690490195
NaN,NaN,0.689615070180893,0.116264294790343,0.0909090909090909,0.121868978805395,0.10075026795284,NaN,NaN,NaN,NaN,0.060651289009498,0.0445669653112796,0.0782513801514957,NaN,0.618954726489474,NaN,NaN,0.361952813556723,0.549298881857822,0.474184427199462,0.276015475490237
0.147765642828866,0.0291864417159129,0.18099070779647,0.0574968233799238,NaN,0.0496146435452794,0.0594855305466238,0.0497672178519827,NaN,0.0394412489728841,0.0564329738058552,0.0454545454545455,0.03285090742017,0.05655411477725,0.0131457491167202,0.73583678777534,NaN,0.766587252894353,0.365485477819103,0.418433250266197,0.190960946105376,0.27988849031125
NaN,0.797630056033559,NaN,0.218551461245235,0.209486166007905,0.161849710982659,NaN,NaN,0.0811575680116852,NaN,0.0656779661016949,NaN,0.0422696990581208,0.0657979201437926,0.190533787439921,NaN,0.352631124571551,0.35212704078787,NaN,0.574660246409991,0.569013838890896,0.476086722393896
0.184820576112521,0.07668126192882,0.263290614528999,0.0752858958068615,0.0909090909090909,0.0539499036608863,NaN,0.0539412425750522,0.068650721197736,0.0550534100246508,0.0999614791987673,0.048168249660787,NaN,0.0999486455257415,0.011999872680396,0.70312118995367,0.558550192379037,NaN,0.392909504022182,0.72665059351356,0.347768196353167,0.297499316526796
0.438505693593834,0.201467691396961,0.0650742109687151,0.182337992376112,0.1699604743083,0.15028901734104,NaN,NaN,0.0643600511228775,0.0649137222678718,NaN,0.0512890094979647,NaN,0.0545641288997304,NaN,0.62545720555962,0.32984896670641,NaN,NaN,0.483131068234362,0.564485548083784,0.355037404624421
0.162733157906993,0.153395184584137,0.181393715384527,0.0463786531130877,0.0909090909090909,NaN,0.0535905680600214,0.0319473430727244,0.0556874201205039,NaN,0.0408320493066256,0.0569877883310719,NaN,0.0408910001283862,NaN,NaN,0.79785384793073,NaN,0.428931506017137,0.2873425044854,0.282654942372061,NaN
0.154355773932888,0.345323902548557,NaN,0.222045743329098,NaN,NaN,0.229367631296892,0.147054101781987,0.207321526383056,0.217748562037798,0.260015408320493,0.190502035278155,0.137835975189524,0.25998202593401,0.0343126332877105,0.537226692676583,0.679929814900801,0.968558520513454,0.606735041863491,0.484979255727468,0.181685045563174,0.563049367476617
0.321356216379852,NaN,0.00191716466890047,0.296378653113088,0.288537549407115,0.278901734104046,0.20096463022508,NaN,0.404418477268578,0.322925225965489,0.519453004622496,0.251289009497965,0.204686423156444,0.51938631403261,0.153324633160391,0.483499959359506,NaN,NaN,0.378819707923752,0.327631190921595,0.309274832863851,0.292114376133944
0.0430628973290176,0.0610816824356737,0.151289048556657,0.121664548919949,0.209486166007905,0.108381502890173,NaN,0.108524642799807,0.103980281175826,0.0870994248151191,0.119029275808937,NaN,0.0764223906884141,0.119013994094235,0.0319890505140529,0.543404047793221,NaN,0.794024844027633,0.445909773595979,NaN,0.400034165707239,0.387367758290737
0.290251030435694,0.20694040438062,0.102847536472187,0.170266836086404,NaN,0.162813102119461,0.163987138263666,0.162786964199711,0.321800255614388,0.292522596548891,NaN,0.270963364993216,NaN,0.410643214790089,0.060572301620142,0.40087783467447,0.656692667197099,0.666111567054174,0.460354119805393,0.346660093332343,0.296792783206131,0.383890329475507
0.192184989404559,0.0765465364320198,0.188688152728361,NaN,NaN,0.154142581888247,0.128617363344051,0.15411783592872,0.144239547197371,0.128184059161873,0.170454545454545,0.112483039348711,0.102381499349108,0.170432661445628,0.130948212751058,0.531537023490206,0.724010163773009,0.383229882951005,0.56044410429812,NaN,NaN,0.256907221619293
0.222265561325478,0.0808577523296284,0.19743917464046,NaN,0.565217391304348,NaN,0.481243301178993,NaN,0.527661128354939,0.47165160230074,0.607858243451464,0.460379918588874,0.387778543533195,0.607844395942997,0.530890918929242,0.162318133788507,0.891255095302872,0.401070093941978,0.760200999719217,NaN,NaN,0.691641744057925
0.233553780592879,0.0986027332945488,0.0584706437758357,0.439326556543837,0.446640316205534,0.403179190751445,0.437834941050375,0.403275004013485,0.476173087456637,0.410024650780608,0.533127889060093,0.42089552238806,0.341144038594073,0.533123635896778,0.374892574084095,0.268999431033081,0.894202029488008,0.275073105822172,NaN,0.68409725833429,0.540508606377243,0.646901173917006
0.128775353375405,0.0519836288108434,0.230739115916497,0.103557814485388,0.130434782608696,0.0847784200385356,0.119506966773848,0.0846042703483705,NaN,0.241577649958915,NaN,0.274355495251018,0.198866681981775,0.341764026190782,0.0784288760861954,0.376574819149801,0.925978986469302,0.52749735066094,0.475752551142633,0.71084307514987,NaN,0.380632440537831
0.139172857043057,0.0499382508139665,NaN,0.096569250317662,NaN,0.081888246628131,NaN,0.0820356397495585,0.428062808106628,NaN,0.503659476117103,0.401628222523745,0.285779921892947,0.503723199383746,0.0816118661870961,0.362716410631553,0.896854970238998,NaN,0.421339324344286,0.674757270625525,0.443071390312954,NaN
0.296270637822229,0.988848403196669,0.00392068810667034,0.903113087674714,0.841897233201581,0.860308285163777,NaN,0.860330711189597,0.772777067737813,NaN,0.981510015408321,0.601763907734057,0.406156673558465,NaN,0.823280389597988,0.0832317320978623,NaN,0.267467709935221,NaN,NaN,0.563925461815373,0.828939083897371
0.396292760170458,NaN,0.445300355798128,0.190597204574333,0.1699604743083,0.146435452793834,0.164523043944266,0.146411944132284,0.277615482928611,NaN,0.243836671802773,0.244776119402985,0.274982770503101,0.243933752728206,0.105038673329726,NaN,0.916942188291128,0.44539971156068,0.61662393442866,0.75166077993062,0.637666001740316,0.57488795181721
0.457321332929697,0.197640262510589,0.0808087786567181,0.149301143583227,NaN,0.144508670520231,0.138799571275456,0.144485471183175,0.173726492605441,0.141331142152835,0.210323574730354,0.174898236092266,0.121142507083238,0.210360765181666,0.0550975586465926,0.40189384702918,0.76671387672342,0.648119965259794,NaN,0.246326699218178,0.25484548025062,0.314803615366134
0.140965931583727,0.0637476142359942,NaN,0.0594027954256671,0.0909090909090909,NaN,0.052518756698821,0.0473591266655964,0.0368815044732518,0.0361544782251438,0.0402542372881356,0.0293080054274084,0.0322383030859943,0.0403132622929773,0.0117770633733329,NaN,0.365683499735173,NaN,0.296775799758197,0.478617528741454,NaN,0.239913592418004
NaN,0.0160731600273534,0.173592639929992,0.139135959339263,0.209486166007905,0.136319845857418,0.137191854233655,0.136297961149462,0.134471425963119,0.107641741988496,0.176425269645609,0.115468113975577,NaN,0.176531005263834,0.0373046439825572,0.491546777208811,0.695411135817967,0.851031449447424,0.532041404076296,0.316677134476463,NaN,NaN
0.642892904547889,0.601806546434367,0.0542793648600412,NaN,0.130434782608696,0.145472061657033,0.159699892818864,0.145288168245304,0.122512324265109,0.128184059161873,0.156009244992296,0.101899592944369,0.0665441457998315,NaN,0.227838431422478,NaN,0.45417552341331,NaN,0.220650401476925,0.45288472577715,0.318221977447074,0.163136769201455
0.166004936776657,NaN,0.195901988554585,0.115311308767471,0.1699604743083,0.092485549132948,0.136120042872454,0.0924707015572323,0.0767756070841702,0.0640920295809367,NaN,NaN,0.0794088368175205,NaN,0.0354585097240348,0.554498902706657,0.950280110410868,NaN,0.500116345230198,NaN,0.310127196080909,NaN
0.658611415131686,0.221317247925534,0.749778345826569,0.00952986022871664,0.0118577075098814,0.0178227360308285,NaN,0.0176593353668326,NaN,0.0180772391125719,0.025231124807396,0.0257801899592944,0.018224978941726,0.0252920785723456,0.00222809307063055,0.946557750142242,0.204586764228932,0.67111941547214,0.0338637844147293,NaN,0.455443558073695,NaN
0.376737768670097,NaN,NaN,0.182337992376112,0.1699604743083,NaN,0.182207931404073,0.142558998234066,NaN,0.375513557929334,0.38828967642527,0.407327001356852,NaN,0.388304018487611,0.0985135436228793,0.35922132813135,0.953724033496585,NaN,0.726078308747154,0.791492484562795,0.749920813855618,0.6894587720679
0.163326968306825,0.0548965573552977,0.250405886213686,NaN,0.0909090909090909,NaN,0.0648445873526259,0.0486434419650024,0.0703852473982107,NaN,0.0807010785824345,0.0611940298507463,NaN,0.0808191038644242,0.0111404653531528,0.719418028123222,NaN,NaN,0.352216516755792,0.23182709429358,0.258659316294373,0.26901919524137
0.166185408564842,0.0607326209212366,NaN,0.196950444726811,0.24901185770751,0.128131021194605,0.214898177920686,0.128270990528175,NaN,NaN,0.180855161787365,0.14314789687924,0.108584118232636,0.180960328668635,0.0229493586274947,0.575550678696253,0.661436227924243,0.952766069336988,0.630674135180682,0.577100484220621,0.179603517644275,0.583350592757669
0.370386326060126,0.124906865897098,0.470655290338181,0.0797331639135959,NaN,0.0751445086705202,0.0723472668810289,0.0751324450152513,0.63949242285923,0.564502875924404,0.76386748844376,NaN,0.380657018148403,0.763769418410579,NaN,0.456108266276518,0.570410260837508,0.55806634104364,NaN,0.452213885493417,0.40998359334267,0.185533978973879
0.523304147358126,0.204752135705319,0.43508123481525,NaN,0.0513833992094862,0.0457610789980732,0.0546623794212219,0.0455931931289131,0.256070841701662,0.198849630238291,0.311633281972265,0.25033921302578,0.158128493759093,0.311657465656695,0.0982270745137983,0.304112818011867,0.798318170894183,0.54945698509199,0.288931762754086,0.741703979343522,0.547622903124205,0.207268426851798
0.578674056307198,0.204494932484154,0.619129043029696,0.0470139771283354,0.0513833992094862,0.0481695568400771,0.0482315112540193,0.0481618237277252,0.0647252145335037,0.0542317173377157,0.0720338983050847,0.0587516960651289,0.0495443755264568,NaN,0.00636598020180157,0.726204990652687,NaN,0.733217532648622,0.354068638804199,0.586688097537476,0.426740805065066,0.240565998657907
0.210232168222993,0.0672076099492738,NaN,0.0835451080050826,NaN,NaN,NaN,0.0349975919088136,0.112287748767573,0.0920295809367297,NaN,0.0616010854816825,0.0739719733517115,0.151495699062781,0.0131775790177293,NaN,0.691967212732249,0.803371234153765,0.237664829189473,0.558787444931442,0.185469520452269,0.122242289179584
0.0609587127121999,NaN,0.128547906087717,0.0838627700127065,0.130434782608696,NaN,0.0889603429796356,0.0863702038850538,0.115848092021179,NaN,0.158320493066256,NaN,0.063787426296041,NaN,0.0260050291243594,0.560960741282614,NaN,0.789359616901588,NaN,NaN,0.280405255112845,0.274913633840622
0.0935367813147661,0.21200281698766,0.0719195827144288,0.147712833545108,0.209486166007905,0.119460500963391,0.151661307609861,0.119441322844758,0.256801168522914,0.243221035332786,0.24595531587057,0.227272727272727,0.234397733363964,0.246052124791373,0.0898239806474202,0.553726733317077,NaN,0.652040190274336,NaN,0.519066046251961,0.633080768087806,0.362396132784346
0.166913117388166,0.0863896628800637,0.198320034082927,0.0587674714104193,0.0909090909090909,0.0520231213872832,0.067524115755627,0.0520147696259432,0.0641774694175644,NaN,0.0820493066255778,NaN,0.0458687495214029,NaN,0.0167106980297291,0.691050963179712,NaN,0.725879062651889,NaN,NaN,0.200037991554664,0.245592633401543
0.330909577812449,0.195890872347592,0.0872856863219225,0.179479034307497,0.1699604743083,0.166666666666667,NaN,0.166639910097929,0.128537520540442,NaN,0.150231124807396,0.12550881953867,0.0938050386706486,0.150340223391963,NaN,0.423311387466472,NaN,0.642470697911604,0.428625772086655,NaN,0.15244222525522,NaN
0.645594159700068,0.219167763862947,0.728954368026529,0.0231893265565438,0.0118577075098814,0.0317919075144509,0.0246516613076099,0.0317868036602986,0.00556874201205039,0.00328677074774034,0.00943759630200308,0.00963364993215739,0.00329274829619419,0.00956477083065862,0.0032466499029188,0.914370478745022,0.410351835475674,0.668402348947834,0.0510575663904576,0.376041997303132,0.302428345436654,0.0496284391128932
0.163059171459842,0.978074446043459,0.165636118691492,0.0314485387547649,0.0513833992094862,0.0226396917148362,0.030010718113612,0.0226360571520308,NaN,0.0262941659819228,0.0338983050847457,0.0297150610583446,0.0325446052530822,0.0338939530106561,0.0195753891205398,NaN,0.634454163857007,NaN,NaN,0.248440521454508,0.324216546523194,0.195367708583595
0.817938895745523,0.270418567623014,NaN,0.0406607369758577,NaN,0.0515414258188825,0.0337620578778135,NaN,0.062990688333029,0.0493015612161052,0.0822419106317411,0.0685210312075984,0.0352247492151007,0.0823597380921813,0.00910335168857625,0.712143379663497,0,0.434308343226855,0.130061492115373,0.0279479265857606,0.478202901593866,0.101475059441457
0.512004284749552,0.255643671473917,0.346206547146131,0.111817026683609,NaN,0.105491329479769,NaN,NaN,0.507303268212525,0.406737880032868,0.619414483821264,0.486974219810041,NaN,0.619334959558352,NaN,0.222750548646672,NaN,0.663549875301785,0.44294590823679,0.660203638295525,0.762172422935866,NaN
0.289989055259297,0.194112904048909,0.0900318951719691,NaN,0.130434782608696,0.108863198458574,NaN,0.109006261037085,0.167701296330108,NaN,NaN,0.167571234735414,0.117926334328815,0.198164077545256,0.0550338988445746,NaN,0.855471894461024,0.653223428922018,0.438375267336388,0.182097118763493,NaN,0.351131251708683
0.502730363505111,0.281412984680078,0.0507271408338803,0.378653113087675,0.288537549407115,0.267822736030829,0.252947481243301,0.267940279338578,0.123607814496987,0.1405094494659,0.156587057010786,0.1078697421981,0.0725936135998162,0.156631146488638,0.338988445745934,0.383727546126961,0.352318464887618,0.32429902074054,0.212944676984238,0.342576521940754,0.558967430471896,NaN
NaN,0.189762903538586,0.0825820120441696,0.167090216010165,NaN,0.161368015414258,0.162379421221865,NaN,0.126802994339967,0.114215283483977,0.160631741140216,NaN,0.07665211731373,0.1606753113365,0.0622274564726104,0.437088514996342,0.844864798019511,0.614084922272774,0.365360725357818,0.308597786227064,0.225292588354832,0.284674873868127
0.186037305265119,0.0530695979668698,0.199966607942704,0.10292249047014,0.130434782608696,0.0968208092485549,0.0782422293676313,0.0969658051051533,0.0418112105167062,0.0328677074774034,0.0477657935285054,NaN,0.0363733823416801,NaN,0.0491771970589171,0.630252783873852,0.49136569283286,0.596651076069895,NaN,0.444276359183196,0.496664839750377,0.259686679314373
0.818736464615886,0.280465823611664,0.274764816286112,0.0222363405336722,0.0118577075098814,0.0327552986512524,0.0257234726688103,0.0327500401348531,0.072211064451342,NaN,0.0937981510015408,NaN,0.0394364040125584,0.0939144948003595,0.0112996148581978,0.654555799398521,0.114001787293417,0.428392149988446,0.11765549264295,0,0.309319319461819,NaN
0.313403814358568,0.235381773273319,0.101805473994496,0.0638500635324015,0.0909090909090909,0.0428709055876686,NaN,0.0428640231176754,NaN,NaN,0.061055469953775,0.0431478968792402,0.0490083467340531,0.0611118243676981,NaN,0.680078029748842,0.721809879579356,NaN,0.474578069999872,0.45903259428345,0.348000416394557,0.393618431408286
0.531972614861561,NaN,0.457137264384492,0.171855146124523,0.130434782608696,0.155587668593449,0.17524115755627,0.155402151228127,0.306645974073398,NaN,0.354776579352851,0.298236092265943,0.209510682288077,0.354859417126717,0.227838431422478,NaN,0.780204908757038,0.682230703648518,0.648273995457926,0.831249901512542,1,0.595547482747479
0.165003609435764,0.0729273196770671,0.264200260227757,0.263341804320203,0.328063241106719,NaN,0.32475884244373,0.208861775565901,0.414277889355487,0.354971240755957,0.475539291217257,0.466078697421981,0.233785129029788,0.475478238541533,0.0409969124996021,0.495935950581159,NaN,NaN,0.695627498552239,0.738088645465412,0.436977171257387,0.671949431267449
NaN,0.0276636353429887,0.115542275495987,0.276365946632783,0.367588932806324,0.266859344894027,0.259378349410504,0.266655964039172,NaN,NaN,0.253852080123267,NaN,0.10873726931618,NaN,0.0685934366744119,NaN,0.788222063040592,0.859879843509717,0.551640738946796,0.584002485260648,0.433804387090345,0.483420596982776
0.201610274084251,0.0569603070108291,0.283256761891602,NaN,NaN,NaN,NaN,0.0271311606999518,0.0663684498813219,NaN,0.0914869029275809,0.0314789687924016,NaN,0.0914751572730775,0.0126364707005761,0.671787368934406,NaN,0.716281682509581,0.268107141752967,0.582354649395906,0.280769155484219,0.174664683903999
0.179115338937661,0.0536799452932831,0.134472117632158,NaN,0.209486166007905,0.15655105973025,0.111468381564845,0.156525927115107,0.157750593390542,0.124075595727198,0.198189522342065,0.113297150610583,0.0994716287617735,0.198164077545256,0.14469872998695,0.543891733723482,NaN,0.338840505804642,0.673655335707969,0.381381705870303,NaN,0.420265601829223
0.295973732622313,0.157167498494545,NaN,0.0705209656925032,0.0909090909090909,0.0467244701348748,0.0621650589496249,NaN,0.0628081066277159,0.0566967953985209,0.0525808936825886,0.0491180461329715,0.0825484340301708,0.052638336115034,0.0310659833847917,0.668454848410957,0.405048287254918,NaN,0.416703414402545,NaN,0.487633170631016,0.321750188472914
0.0410544209766435,NaN,NaN,0.139771283354511,0.209486166007905,0.126685934489403,0.128617363344051,0.126826135816343,0.205221836771955,0.146261298274445,0.259630200308166,0.178561736770692,0.132935140516119,0.25959686737707,0.0317344113059808,NaN,0.906209094663553,0.818028254304678,NaN,0.547522730905252,0.264457699473457,NaN
0.185909228512214,NaN,0.284085806072749,0.0524142312579415,0.0909090909090909,0.041907514450867,0.0589496248660236,NaN,0.0597042176373927,0.0451930977814297,0.0624036979969183,0.0497964721845319,0.0483957423998775,0.0624598793169855,0.0172518063468823,NaN,0.792078976902849,0.756276742388628,NaN,0.565955080714693,0.191958780497787,0.346328299104443
0.130254057704399,NaN,0.227589899478393,0.110546378653113,0.1699604743083,0.100674373795761,0.105573419078242,0.100658211590946,NaN,0.0994248151191454,0.159668721109399,NaN,0.0762692396048702,0.159648221851329,0.0129547697106662,0.680972120620987,0.482858549492395,NaN,0.449722136492572,0.695152616164549,0.195209416211272,0.381264135468531
0.168484968446545,0.0566888147218225,0.258650270015084,0.185514612452351,0.209486166007905,0.111271676300578,0.202036441586281,0.111414352223471,0.122238451707139,0.111750205423172,0.141371340523883,0.120624151967436,NaN,0.14148157658236,NaN,0.584247744452573,0.639223390677608,NaN,0.606897943265835,0.638761511776849,0.266165095103449,0.559050013669464
0.125323102717556,0.0494258856670443,0.224308266261356,NaN,0.288537549407115,0.158959537572254,0.239549839228296,0.158773478889067,0.205860872740551,NaN,NaN,0.192944369063772,0.132858564974347,0.257029143664142,0.0354903396250438,0.500934731366333,0.70468826196215,NaN,0.656566960521993,0.485015273997735,0.26305770623542,0.621950259719817
0.37058426286007,0.112667258642334,0.387929347012562,0.00190597204574333,NaN,0.00337186897880539,0.00214362272240086,0.00337132766094076,0.00639035968595948,0.00657354149548068,NaN,0.000814111261872458,0.0209816984455165,0,0.00550657287455836,NaN,0.12786147776033,0.405504250894401,0.221631425904361,0.347603321784975,0.388628691720332,0.146203202796855
0.583837878117505,NaN,0.578638294932467,0.492693773824651,0.328063241106719,0.447013487475915,NaN,0.446781184780864,NaN,0.52341824157765,NaN,0.544097693351425,0.467493682517804,0.581461034792656,0.254766527676099,NaN,0.691351226489275,0.755973960781814,0.829451814181028,NaN,0.823704060914609,NaN
0.498131243741704,NaN,0.0529724688244845,0.0889453621346887,NaN,0.0814065510597303,NaN,0.0812329426874298,0.527022092386343,0.464256368118324,0.641949152542373,0.499864314789688,0.312657937054905,0.641866735139299,NaN,0.255953832398602,0.799851136657948,0.675900177684995,NaN,NaN,0.704582742403024,0.309660997290961
NaN,0.330132582136624,NaN,0.0584498094027954,NaN,0.0486512524084778,0.0514469453376206,0.0484829025525767,0.144422128902684,0.115036976170912,NaN,0.123202170963365,0.0911248947086301,0.178007446398768,0.0454530986408632,0.484637893196781,0.723968164710988,0,0.453479355185264,0.76305606018653,NaN,0.39003951717796
0.660416133013529,0.327754472988559,0.0734164680414982,0.167090216010165,0.0909090909090909,0.165703275529865,0.162915326902465,NaN,0.147891181303633,0.139687756778965,0.192411402157165,0.137313432835821,0.0795619879010644,0.192515085376813,0.139287646815418,0.444078679996749,0.587774539701947,0.436160888584336,NaN,0.345811412839163,0.397291566942543,0.141456170727464
NaN,0.25564775406473,NaN,0.0451080050825921,0.0513833992094862,NaN,0.045016077170418,0.0436667201798041,0.0697462114296148,0.0624486442070665,0.060477657935285,0.0599728629579376,0.0721341603491845,NaN,NaN,0.712387222628627,0.499107519932055,0.406269172848458,0.152606431477541,0.615721074515048,0.364102785394872,0.132500600627967
NaN,0.0654520959000582,0.203121581632066,NaN,0.565217391304348,NaN,0.335476956055734,0.505217530903837,0.36132919481468,NaN,0.415061633281972,0.215875169606513,0.168236465272992,0.41507253819489,0.340038832479231,NaN,0.87259351207823,NaN,0.81731050688733,0.668454073328696,0.685663482019407,NaN
0.523670912605081,0.695426477642712,0.0954955266157726,NaN,0.0909090909090909,0.0428709055876686,0.0546623794212219,0.0430245625301011,0.0296695271133832,0.0361544782251438,0.0312018489984592,0.0236092265943012,0.0330806340454859,0.0312620362049044,NaN,0.673778753149639,0.498976856183545,0.322530138721784,0.551775977846856,0.870701163165016,0.619918073481183,0.429620900196343
0.697145052744335,NaN,0.151565396617039,0.18710292249047,0.130434782608696,0.173410404624277,0.180064308681672,NaN,0.52683951068103,0.399342645850452,0.685862865947612,0.465807327001357,0.286775403935983,0.685774810630376,NaN,0.292896041615866,0.816121106628619,0.365182505597476,0.461882066255128,0.63626949770271,0.552455037395434,NaN
0.34894511328971,0.128283168498729,NaN,0.0924396442185515,0.0909090909090909,0.0876685934489403,0.0878885316184352,0.0876545191844598,0.295417199196641,0.244864420706656,NaN,0.26472184531886,NaN,0.371421235075106,0.0588534869656555,0.420182069413964,0.461695688796284,0.638319402723441,0.363938366498504,0.183616639540407,0.409743365713645,0.293997034140522
0.178859185431851,0.0470886024271002,0.122738839568436,0.0565438373570521,0.0909090909090909,0.0486512524084778,0.0418006430868167,NaN,NaN,0.0172555464256368,0.0342835130970724,0.0177747625508819,0.0150088061873038,0.0342791115675953,0.0266734570455486,0.607494107128343,0.500260160856408,0.585746954256073,NaN,NaN,0.486253196362064,NaN
NaN,0.109897220776305,NaN,0.0711562897077509,0.0909090909090909,0.0655105973025048,0.0744908896034298,0.0655000802697062,0.0452802629176557,0.037797863599014,0.0520030816640986,0.0415196743554953,0.0416570947239452,0.0520605982796251,NaN,0.619442412419735,0.331160270753953,0.812996502075647,NaN,NaN,NaN,0.306922962214287
0.569534033486249,NaN,0.645433924027312,0.0412960609911055,NaN,0.0467244701348748,NaN,0.0468775084283192,0.049388351287201,0.0410846343467543,NaN,0.0503392130257802,0.0393598284707864,0.0614327898318141,0.00528376356749531,0.747012923677152,0.163119690326916,NaN,0.238223864856563,0.438569714487674,0.422972345351239,0.17814832611199
0.35719442051091,0.118850342427304,0.39225304270729,0.028271918678526,0.0513833992094862,0.023121387283237,NaN,NaN,0.035786014241373,NaN,0.0394838212634823,0.0336499321573948,0.0260356842024657,0.0394787520862755,0.016328739217621,0.771356579696009,0.254136324288757,0.580432340262783,0.174939291655525,NaN,0.254062960992371,0.141539015964277
0.178713643667187,0.0518244077691703,NaN,0.0864040660736976,0.130434782608696,0.0703275529865125,NaN,NaN,0.00721197735986855,0.0106820049301561,0.0159861325115562,0,0.00704494984302013,0.0160482732058031,0.052805805773944,0.74782573356092,NaN,0.500007967937022,NaN,0.330168227833569,NaN,0.14149345108403
0.152702419486296,NaN,0.121886766382258,0.0505082592121982,0.0909090909090909,NaN,0.0493033226152197,0.0377267619200514,0.0210881869636662,0.0172555464256368,0.0196456086286595,NaN,0.0287924037062562,0.0197714725895494,0.020307476843747,0.663821832073478,0.697028099705773,0.338039728133989,0.226862350846228,0.322858770111139,0.218297070824443,0.159970010024274
0.545403208904827,0.193980219847515,0.0789376719978813,0.214104193138501,0.1699604743083,0.210982658959538,NaN,0.21078824851501,0.141409530765017,0.119967132292523,0.176617873651772,0.137042062415197,0.0928095566276131,0.176595198356657,0.0556386669637457,0.420344631390718,0.777883293939769,NaN,0.45558947978766,0.306587516517754,0.334102803189511,0.354202738863529
