45.5106129237515
54.9770616356765
37.7784749999757
55.9608193194256
0.191430137931034
37.3049780482838
0.315722869565217
0.268831018518519
0.250179490740741
57.6952729942167
46.3502130195046
54.425012960194
46.5520245176998
35.9761475025262
75.0581775048642
0.38285813559322
58.8048023255831
72.7034992447312
91.9048567577678
96.1193051082421
62.2260289953453
73.8299170345664
98.9779466438224
90.0515240264269
0.680497654545454
79.9369581210577
0.681300714285714
71.4503730747985
78.3590411108929
60.0166365358458
0.4830822
60.3453883593686
59.6995713762904
52.163432517835
82.1741352754216
71.9507391150225
70.8504196002308
41.6940812257078
59.8400306674981
0.317855133928571
47.1586247388873
69.4304950823327
0.325885385964912
44.2771646038632
53.7442441327733
0.222327298245614
36.0705146337449
41.7803774230452
47.9952191837961
55.2389146165336
0.177388918032787
0.220335236363636
65.7083892385329
71.2398716327879
44.8210115289251
0.206072622807018
38.3802556621696
45.4939254320227
0.236630017241379
34.4691489103197
