0.502730363505111,0.281412984680078,0.0507271408338803,0.378653113087675,0.288537549407115,0.267822736030829,0.252947481243301,0.267940279338578,0.123607814496987,NaN,NaN,0.1078697421981,0.0725936135998162,0.156631146488638,0.338988445745934,NaN,NaN,0.32429902074054,0.212944676984238,0.342576521940754,NaN,0.180579833812455
0.321356216379852,0.122620615042306,0.00191716466890047,0.296378653113088,0.288537549407115,NaN,0.20096463022508,NaN,0.404418477268578,NaN,NaN,NaN,0.204686423156444,0.51938631403261,0.153324633160391,0.483499959359506,0.598876291762817,0.626128459080659,0.378819707923752,0.327631190921595,0.309274832863851,0.292114376133944
NaN,0.601806546434367,0.0542793648600412,0.181702668360864,0.130434782608696,0.145472061657033,0.159699892818864,0.145288168245304,NaN,0.128184059161873,0.156009244992296,NaN,0.0665441457998315,0.155989215560406,0.227838431422478,0.429935788019182,NaN,0.27757902201541,NaN,0.45288472577715,0.318221977447074,NaN
NaN,NaN,0.0734164680414982,0.167090216010165,NaN,NaN,0.162915326902465,NaN,0.147891181303633,0.139687756778965,0.192411402157165,0.137313432835821,0.0795619879010644,0.192515085376813,NaN,0.444078679996749,0.587774539701947,NaN,0.186316896925358,0.345811412839163,0.397291566942543,0.141456170727464
0.330909577812449,0.195890872347592,0.0872856863219225,0.179479034307497,0.1699604743083,0.166666666666667,0.176848874598071,0.166639910097929,0.128537520540442,0.121610517666393,0.150231124807396,0.12550881953867,0.0938050386706486,0.150340223391963,0.0575802909252952,0.423311387466472,NaN,0.642470697911604,0.428625772086655,0.27390994081748,0.15244222525522,0.369027893991235
0.499819528211816,0.262986211049532,0.165722477460361,0.0924396442185515,0.0909090909090909,0.0939306358381503,0.0894962486602358,0.0940760956814898,0.286014241373014,0.262941659819228,0.36228813559322,0.261601085481682,0.155142047629987,0.36230581589421,0.0859089028233122,0.450134113630822,0.447684335049851,0.33312749496028,0.25789371198779,0.260407591750916,0.549048698589063,NaN
NaN,0.0499382508139665,0.222339286331134,0.096569250317662,NaN,NaN,0.106109324758842,0.0820356397495585,0.428062808106628,0.354971240755957,0.503659476117103,0.401628222523745,0.285779921892947,0.503723199383746,0.0816118661870961,0.362716410631553,0.896854970238998,NaN,NaN,0.674757270625525,NaN,NaN
0.818736464615886,NaN,0.274764816286112,0.0222363405336722,0.0118577075098814,0.0327552986512524,0.0257234726688103,NaN,NaN,0.0566967953985209,0.0937981510015408,0.0800542740841248,0.0394364040125584,NaN,0.0112996148581978,0.654555799398521,0.114001787293417,NaN,0.11765549264295,0,0.309319319461819,0.0973576511718459
NaN,0.194112904048909,NaN,0.119440914866582,NaN,0.108863198458574,0.12593783494105,0.109006261037085,0.167701296330108,0.132292522596549,0.198189522342065,0.167571234735414,0.117926334328815,NaN,0.0550338988445746,NaN,NaN,NaN,0.438375267336388,NaN,0.177061108570432,0.351131251708683
0.457321332929697,NaN,0.0808087786567181,0.149301143583227,0.130434782608696,NaN,0.138799571275456,0.144485471183175,0.173726492605441,0.141331142152835,0.210323574730354,0.174898236092266,0.121142507083238,0.210360765181666,0.0550975586465926,NaN,0.76671387672342,0.648119965259794,NaN,NaN,0.25484548025062,NaN
0.236400577509722,0.770695163150535,0.131121397400025,0.131194409148666,0.1699604743083,NaN,0.118971061093248,0.0833199550489645,0.0962205587000183,0.111750205423172,0.0758859784283513,NaN,0.0777241748985374,0.0760046219026833,0.072731323805583,0.662521336259449,0.539421952909718,NaN,0.321618354016026,0.616045238947456,0.561844823628434,0.223452243863239
0.699683301120089,0.241219878134664,0.76884636199293,NaN,0.0909090909090909,NaN,0.132368703108253,0.144646010595601,0.073671718093847,0.057518488085456,0.0957241910631741,0.0662143826322931,0.0450264185619113,NaN,0.024349874271891,0.567585141835325,0.190225418298991,0.55052070468435,0.270036104085498,0.400937375483714,0.480032190502289,0.190235446163023
0.512004284749552,NaN,0.346206547146131,NaN,0.0909090909090909,0.105491329479769,0.117899249732047,0.105634933376144,0.507303268212525,0.406737880032868,0.619414483821264,0.486974219810041,NaN,0.619334959558352,0.151478498901868,NaN,0.808024620783469,0.663549875301785,0.44294590823679,0.660203638295525,0.762172422935866,0.365407557142502
0.479839554758633,0.71057901344193,0.0780452980528976,0.122935196950445,0.0909090909090909,NaN,0.0905680600214362,0.0846042703483705,0.0703852473982107,0.0739523418241577,NaN,0.0544097693351425,0.0714449804732368,0.0581589420978303,0.0552885380526467,0.701007884255873,0.537046672624311,0.40533294024844,0.608782971035914,0.823557749668519,NaN,NaN
0.0735102344968912,0.0160731600273534,0.173592639929992,NaN,0.209486166007905,0.136319845857418,0.137191854233655,0.136297961149462,0.134471425963119,0.107641741988496,0.176425269645609,NaN,0.0790259591086607,0.176531005263834,0.0373046439825572,0.491546777208811,0.695411135817967,0.851031449447424,0.532041404076296,0.316677134476463,0.447098762026952,0.455911836098983
0.302773443867452,0.117637812956102,0.00889495319354728,0.206162642947903,0.209486166007905,0.174373795761079,0.186495176848875,0.174185262481939,0.204856673361329,0.1873459326212,0.264830508474576,NaN,0.130867600888276,NaN,0.0674157303370786,0.451881654880923,0.474983725363467,NaN,0.462047137265495,0.49654787390904,0.416699735037822,0.376152584357162
0.477580746571036,NaN,0.0809872534457149,0.128017789072427,0.0909090909090909,0.0789980732177264,NaN,0.0789853909134693,NaN,0.161051766639277,NaN,0.189145183175034,0.161191515429972,0.242328925407626,0.077028360441799,0.410428350808746,0.981287084588444,NaN,0.572801649191378,NaN,0.685321380081037,0.48192731158922
NaN,NaN,NaN,0.522554002541296,0.565217391304348,0.505298651252408,0.335476956055734,NaN,NaN,0.290057518488085,0.415061633281972,0.215875169606513,0.168236465272992,0.41507253819489,NaN,NaN,0.87259351207823,0.288853652900727,0.81731050688733,0.668454073328696,0.685663482019407,0.448950765075762
0.186037305265119,0.0530695979668698,0.199966607942704,0.10292249047014,NaN,0.0968208092485549,0.0782422293676313,0.0969658051051533,0.0418112105167062,0.0328677074774034,0.0477657935285054,NaN,0.0363733823416801,NaN,NaN,0.630252783873852,0.49136569283286,0.596651076069895,NaN,NaN,0.496664839750377,NaN
0.154355773932888,NaN,0.22570727831704,0.222045743329098,0.288537549407115,NaN,0.229367631296892,NaN,0.207321526383056,0.217748562037798,NaN,0.190502035278155,0.137835975189524,0.25998202593401,0.0343126332877105,0.537226692676583,0.679929814900801,0.968558520513454,0.606735041863491,0.484979255727468,0.181685045563174,0.563049367476617
0.705487506694921,0.307974320503792,NaN,NaN,0.0909090909090909,0.126685934489403,0.107181136120043,0.126826135816343,0.164049662223845,0.146261298274445,0.221302003081664,0.147489823609227,NaN,0.221337784054436,0.0555431772607187,0.43509713078111,NaN,0.434101176864298,NaN,0.276955735796983,NaN,0.257557556728276
0.0452518454695759,0.0133072047521357,0.109583520443999,0.167090216010165,0.24901185770751,0.154624277456647,0.173097534833869,0.154759993578424,0.280262917655651,0.229252259654889,0.348805855161787,0.255223880597015,0.165173443602113,0.348889459494158,0.0559569659738358,0.431358205315777,0.672533313422667,0.781590878305698,0.637044827536954,0.335021689752127,NaN,0.587039276926773
0.390197471066297,NaN,0.0839349660897901,0.0451080050825921,0.0513833992094862,0.0438342967244701,NaN,NaN,0.0697462114296148,0.0624486442070665,0.060477657935285,0.0599728629579376,0.0721341603491845,0.0605340865322891,0.0194798994175128,0.712387222628627,0.499107519932055,0.406269172848458,0.152606431477541,0.615721074515048,0.364102785394872,0.132500600627967
0.157121067461519,0.0685732365759311,0.24368141674439,0.143265565438374,NaN,0.136801541425819,0.127009646302251,NaN,0.211703487310572,0.197206244864421,0.229006163328197,0.156309362279512,NaN,NaN,0.0873730782697266,NaN,NaN,0.438599077312893,0.484902872976863,NaN,0.453593805330206,0.401265046766136
0.35794541601658,0.125074252120396,0.45660759726876,0.0533672172808132,0.0513833992094862,0.0510597302504817,0.0568060021436227,0.0508909937389629,0.108727405513968,0.0928512736236647,0.13482280431433,0.104613297150611,NaN,0.134805494928746,0.0168698475347742,0.592010078842559,0.170345862275742,0.728659872672366,0.305157899551849,0.232144505300314,0.349546325673927,0.23161249968933
0.860832964627529,0.290921338681527,0.21106658836805,0.0346251588310038,0.0118577075098814,0.0414258188824663,0.0326902465166131,0.0414191684058436,0.136388533868906,0.108463434675431,NaN,0.116146540027137,0.0690711386783061,0.184041597124149,0.0176655950599994,0.635495407624157,0.497824215259193,0.214935101152961,0.207721526471116,0.373680549458713,NaN,0.155568856818577
0.0811540879770859,0.0830501035957419,0.117597614195079,0.234752223634053,0.328063241106719,0.204720616570328,0.197749196141479,0.204848290255258,0.169800985941209,0.153656532456861,0.216486902927581,0.133378561736771,0.103683283559231,0.216459108999872,0.121494732151383,0.406648784849224,0.967863717710305,0.399512362254289,NaN,0.879007876745479,NaN,0.668341521204238
0.152702419486296,NaN,0.121886766382258,0.0505082592121982,0.0909090909090909,NaN,0.0493033226152197,NaN,NaN,0.0172555464256368,NaN,0.0204884667571235,0.0287924037062562,0.0197714725895494,0.020307476843747,NaN,0.697028099705773,0.338039728133989,0.226862350846228,0.322858770111139,NaN,0.159970010024274
NaN,0.0499852006083061,0.231389685308646,0.0324015247776366,0.0513833992094862,NaN,0.0230439442658092,0.0232782148017338,NaN,0.00410846343467542,0.00404468412942989,NaN,0.0140898996860403,0.00410835794068558,0.0134322182258013,0.728602779809803,0.547796099220451,0.575910536003123,0.374785864208212,0.427046119143936,0.304993887541439,0.287955545245926
0.468324290338355,0.265441889423028,0.0583036834893548,0.174714104193138,NaN,0.104046242774566,NaN,0.104190078664312,0.216633193354026,0.216105176663928,0.189907550077042,NaN,0.207596293743778,0.189883168571062,0.0908425374797084,0.485044298138666,0.873881483313539,0.124040859581046,NaN,0.963605789036489,0.704746008217564,0.799972246845667
NaN,0.266513569511212,0.689615070180893,0.116264294790343,0.0909090909090909,0.121868978805395,0.10075026795284,0.12200995344357,0.0662771590286653,0.0525883319638455,0.0781972265023112,0.060651289009498,NaN,0.0782513801514957,0.0176655950599994,0.618954726489474,0.430553384307751,0.589515788467208,NaN,0.549298881857822,0.474184427199462,0.276015475490237
NaN,NaN,NaN,0.085133418043202,0.0909090909090909,0.0332369942196532,NaN,0.0332316583721304,0.122603615117765,0.102711585866886,0.167180277349769,0.0681139755766621,NaN,0.167223006804468,0.0132412388197473,0.66044867105584,NaN,0.764611204513039,0.161376348705187,0.482104547531735,NaN,0.154856387781984
0.569534033486249,0.195104973616257,0.645433924027312,0.0412960609911055,0.0513833992094862,0.0467244701348748,0.0444801714898178,0.0468775084283192,0.049388351287201,0.0410846343467543,NaN,0.0503392130257802,NaN,0.0614327898318141,0.00528376356749531,0.747012923677152,0.163119690326916,0.762296518808316,0.238223864856563,0.438569714487674,0.422972345351239,0.17814832611199
0.779539156556365,0.263735366463558,NaN,0.031130876747141,NaN,0.0404624277456647,0.0278670953912112,0.0406164713437149,0.0628993974803725,0.0493015612161052,0.0793528505392912,0.0729986431478969,0.0368328355923118,0.0794710489151368,0.00875322277747716,0.707754206291149,0.252687356649035,0.4785423456013,NaN,0.201720322633656,0.380538359013963,0.121544318059433
0.463387513680926,0.185913020402748,0.0782525590981842,0.0870393900889454,0.0909090909090909,0.0732177263969171,NaN,0.073366511478568,0.310115026474347,0.239934264585045,0.341486902927581,0.26729986431479,0.270081935829696,NaN,NaN,0.570064211980818,NaN,0.420515844242767,0.657034691851477,0.576539949889581,NaN,0.499465648222555
0.144569545676827,0.0574114332955694,NaN,0.106099110546379,0.130434782608696,0.0910404624277456,0.117899249732047,0.0911863862578263,0.394832937739639,0.321281840591619,0.470146379044684,0.376797829036635,0.261505475151237,0.47021440493003,0.115383391157654,0.337559944728928,0.860495448934974,0.535186409886616,0.598466484889675,0.670464343038006,0.555670973562504,0.476045299775489
0.686922199194281,0.253549302387295,0.152820477391274,NaN,0.0513833992094862,0.11271676300578,0.082529474812433,0.112538128110451,0.105075771407705,0.101889893179951,0.12557781201849,0.0968792401628223,0.0677693544681828,0.125561689562203,0.0312887926918547,0.545517353491019,0.174851428318101,0.561098141080293,0.223337822613933,NaN,0.673894997393085,0.147000588201181
0.545403208904827,NaN,0.0789376719978813,0.214104193138501,0.1699604743083,0.210982658959538,0.191318327974277,0.21078824851501,0.141409530765017,0.119967132292523,0.176617873651772,NaN,0.0928095566276131,0.176595198356657,0.0556386669637457,0.420344631390718,0.777883293939769,0.631941069137789,0.45558947978766,0.306587516517754,0.334102803189511,0.354202738863529
NaN,0.0470886024271002,0.122738839568436,0.0565438373570521,0.0909090909090909,0.0486512524084778,0.0418006430868167,0.0488039813774282,0.0225488406061713,0.0172555464256368,0.0342835130970724,0.0177747625508819,0.0150088061873038,0.0342791115675953,NaN,0.607494107128343,0.500260160856408,0.585746954256073,NaN,0.55971266424894,0.486253196362064,0.388689139817906
0.36050695107468,NaN,0.0568413416698332,0.0254129606099111,0.0513833992094862,NaN,NaN,0.0178198747792583,0.0161584809202118,0.0180772391125719,0.012904468412943,NaN,0.0222069071138678,0.0130311978431121,NaN,0.744452572543282,0.0940732323644771,0.589922153255301,0.196456379217108,0.186829019019898,0.258363925283869,NaN
0.184820576112521,0.07668126192882,0.263290614528999,0.0752858958068615,NaN,0.0539499036608863,0.0685959271168275,0.0539412425750522,NaN,0.0550534100246508,0.0999614791987673,0.048168249660787,0.0479362891492457,NaN,0.011999872680396,0.70312118995367,NaN,0.751683226695776,0.392909504022182,NaN,0.347768196353167,0.297499316526796
0.282892438814242,0.11782561213346,0.378827132773729,0.039707750952986,NaN,0.0240847784200385,0.0326902465166131,0.0242414512762883,0.027843710060252,0.0221857025472473,NaN,0.0199457259158752,NaN,0.0387726280652202,0.0164242289206481,0.701536210680322,0.476059368007448,0.28909269101137,0.256345696663848,0.329880081671428,0.27492272677933,NaN
0.350051230701162,NaN,NaN,NaN,0.0909090909090909,0.0645472061657033,0.0766345123258307,NaN,0.0800620777798065,0.0640920295809367,0.0953389830508475,0.0723202170963365,0.0643234550884447,0.0953267428424702,NaN,0.586239128667805,0.354724077828929,0.775132865349832,0.408777836296928,0.472582217329741,0.558706294141827,0.31723719419752
0.821251426309294,NaN,0.896288875839119,0.0117534942820839,0.00790513833992095,0.0221579961464354,NaN,NaN,0.0459192988862516,0.0361544782251438,NaN,NaN,0.0227429359062715,0.0605982796251124,0.00748002673711685,0.730472242542469,0.0473189432102682,0.395823207413369,NaN,0.113840245464512,0.257908827386662,NaN
NaN,0.0863896628800637,0.198320034082927,0.0587674714104193,NaN,0.0520231213872832,0.067524115755627,NaN,0.0641774694175644,0.0493015612161052,0.0820493066255778,0.0667571234735414,0.0458687495214029,0.0821029657208884,NaN,0.691050963179712,0.305454511515909,0.725879062651889,0.352999745251858,0.502058669259982,0.200037991554664,NaN
0.474122674242601,0.182928646519081,0.494979676903059,0.444726810673443,0.328063241106719,0.382947976878613,0.457663451232583,0.382886498635415,0.656289939748037,0.604765817584223,0.645030816640986,0.658887381275441,0.619419557393369,NaN,0.237610211032244,0.159229456230188,0.711744104381669,NaN,0.843853853034007,0.919555444499222,0.885444341037819,0.855364643309833
0.351960738653564,NaN,0.423238568977627,0.0447903430749682,0.0513833992094862,0.0404624277456647,0.0503751339764202,0.0404559319312891,0.0566003286470696,NaN,NaN,0.0523744911804613,0.0451795696454552,0.0740788291179869,0.0134640481268103,0.649069332683086,NaN,0.749886456897444,0.298862962675691,0.396617434193495,0.368467365521463,NaN
0.915032717788696,0.326494993723017,NaN,NaN,0.0118577075098814,NaN,0.030010718113612,0.0282549365869321,0.0597042176373927,0.0460147904683648,NaN,0.0552238805970149,0.032927482961942,0.0869816407754526,0.0130820893147022,NaN,NaN,0.228564257428109,0.146251107178094,0.273216589114828,0.431001731418393,0.109349499200543
0.786111822648627,0.279334945956704,0.191071654749157,0.0304955527318933,0.0118577075098814,NaN,0.0316184351554126,0.0412586289934179,NaN,0.0657354149548069,0.107473035439137,0.0985074626865672,NaN,NaN,0.00751185663812586,NaN,0.446611025687093,0.446132761766651,0.121350335104999,0.180311963243355,0.399611098160568,0.111874207792423
0.371376010059847,0.121097808669382,NaN,0.0679796696315121,NaN,NaN,NaN,0.0593995825975277,0.453806828555779,0.453574363188168,0.555855161787365,0.437449118046133,NaN,0.555912183849018,0.036477066556323,0.509144111192392,NaN,0.492051982821128,0.327689098063209,0.376494476823369,0.292203100893825,0.240810392106506
0.955464220012575,0.32526409259316,0.675383145071217,0.0054002541296061,0,0.0115606936416185,0.0112540192926045,0.011558837694654,0.0180755888259996,0.0147904683648315,0.0306240369799692,NaN,0.0107971513898461,0.0306201052766722,0.0116815736703059,0.746322035275949,0.825507896990301,0.242711329609651,0.116702130717799,0.438069960987711,0.269288499146747,0.0866954691939987
NaN,NaN,NaN,0.059720457433291,0.0909090909090909,0.0491329479768786,0.0578778135048232,0.0491250602022797,0.0483841519079788,NaN,0.0575885978428351,0.0515603799185889,0.0433417566429282,NaN,0.0116179138682879,0.735958709257905,0.262540803255394,0.804267627068676,0.339799850043926,0.418939757191836,0.207180759724325,0.268445491976439
0.184308269100901,NaN,NaN,0.195679796696315,0.24901185770751,NaN,NaN,0.145288168245304,0.312214716085448,NaN,0.332627118644068,0.347354138398915,0.172448120070449,0.332584413917063,NaN,NaN,0.369155422195571,0.960148362987339,0.569875209570575,0.585765129361869,0.390661284381467,NaN
NaN,0.20694040438062,0.102847536472187,NaN,0.1699604743083,0.162813102119461,0.163987138263666,0.162786964199711,NaN,0.292522596548891,0.410631741140216,0.270963364993216,NaN,0.410643214790089,0.060572301620142,0.40087783467447,NaN,0.666111567054174,0.460354119805393,0.346660093332343,0.296792783206131,0.383890329475507
0.283142770649465,0.131585984465742,0.0030398286642026,0.239834815756036,0.24901185770751,NaN,0.19882100750268,0.211269866752288,0.196914369180208,0.183237469186524,0.227850539291217,0.161329715061058,0.144268320698369,0.227885479522403,0.0825667632173664,0.468910021945867,0.563634412164795,0.616658565930695,0.477387893189474,0.448846177223397,NaN,0.376341057270912
0.220123186549612,NaN,0.184617776088984,0.256353240152478,0.288537549407115,0.252890173410405,0.193997856377278,0.252689035158131,0.173270038342158,0.148726376335251,0.201271186440678,0.137177747625509,NaN,0.20124534600077,0.119775917496897,0.532105990408843,NaN,0.211369449335873,0.523397685715283,0.616400919366349,0.653513907400256,NaN
NaN,0.946334343774559,0.643557060117218,0.463468869123253,NaN,0.409922928709056,NaN,0.409696580510515,NaN,NaN,0.589368258859784,0.501356852103121,NaN,0.589420978302735,NaN,0.266113955945704,0.399124086228741,0.802474841238855,0.555508065246622,0.576308082274734,0.661482791694174,0.467317554077228
0.515363388678015,NaN,0.0568125554135433,NaN,NaN,NaN,0.17577706323687,0.168566383047038,0.350648165053862,0.28759244042728,0.428351309707242,0.33270013568521,0.213722337085535,0.428360508409295,0.172040614953687,0.221571974315208,NaN,0.618726245587755,0.483835606630539,0.758182337990946,NaN,NaN
0.0430628973290176,0.0610816824356737,0.151289048556657,NaN,0.209486166007905,0.108381502890173,0.128617363344051,0.108524642799807,0.103980281175826,0.0870994248151191,NaN,0.0959294436906377,0.0764223906884141,0.119013994094235,0.0319890505140529,0.543404047793221,0.837603626852334,0.794024844027633,0.445909773595979,0.723730862479993,0.400034165707239,0.387367758290737
0.654245162191742,0.248705308388703,0.139383052955197,0.143900889453621,0.0909090909090909,0.145953757225434,NaN,NaN,0.121599415738543,0.100246507806081,0.141949152542373,0.117910447761194,0.0867600888276284,NaN,0.020339306744756,0.601398033000081,0.418856645534916,0.611861867843797,NaN,0.563190678471655,0.501663798763984,0.389333261534128
0.192184989404559,0.0765465364320198,NaN,0.163913595933926,NaN,0.154142581888247,0.128617363344051,NaN,NaN,0.128184059161873,0.170454545454545,0.112483039348711,0.102381499349108,0.170432661445628,0.130948212751058,0.531537023490206,NaN,0.383229882951005,0.56044410429812,0.540566702459823,0.262579030441289,0.256907221619293
0.128775353375405,0.0519836288108434,0.230739115916497,0.103557814485388,NaN,NaN,0.119506966773848,0.0846042703483705,0.289757166331934,0.241577649958915,0.341679506933744,0.274355495251018,NaN,NaN,0.0784288760861954,0.376574819149801,0.925978986469302,0.52749735066094,0.475752551142633,0.71084307514987,0.537623205633071,0.380632440537831
0.481498730875812,0.216720250671076,0.057716443861043,0.0911689961880559,NaN,0.0876685934489403,0.0760986066452305,0.0876545191844598,NaN,0.0829909613804437,0.0835901386748844,0.0812754409769335,0.0882915996630676,0.0835794068558223,NaN,0.709867511988946,0.37811288881215,0.584185238599874,0.322077226112751,0.495260220746974,0.518898351682572,0.213044810988592
0.388567403302052,NaN,0.452934470966182,NaN,0.0118577075098814,0,0,0,0.010041993792222,0.00986031224322103,NaN,0.00841248303934871,0.0160042882303392,0.0130311978431121,0.00534742336951332,NaN,NaN,0.41293036819837,0.177868624087024,0.401324571889091,0.314358761279577,0.128954824492366
0.37058426286007,0.112667258642334,0.387929347012562,0.00190597204574333,0.0118577075098814,0.00337186897880539,NaN,0.00337132766094076,0.00639035968595948,0.00657354149548068,NaN,NaN,0.0209816984455165,NaN,0.00550657287455836,NaN,0.12786147776033,0.405504250894401,0.221631425904361,0.347603321784975,0.388628691720332,0.146203202796855
0.168484968446545,0.0566888147218225,NaN,0.185514612452351,0.209486166007905,0.111271676300578,0.202036441586281,NaN,0.122238451707139,NaN,0.141371340523883,0.120624151967436,0.0941113408377364,0.14148157658236,0.0196072190215488,0.584247744452573,0.639223390677608,0.96999274917731,0.606897943265835,0.638761511776849,NaN,0.559050013669464
NaN,0.08090878471478,NaN,NaN,0.407114624505929,0.282755298651252,0.437299035369775,0.282870444694172,NaN,NaN,0.584553158705701,0.577340569877883,0.286851979477755,0.584542303248171,0.0541744915173314,0.455498658863692,0.375158954783343,0.992812920806674,0.762472036916604,NaN,NaN,0.757611406132204
0.34788556924295,NaN,0.0107487880986102,0.18869123252859,0.1699604743083,0.192196531791907,0.140407288317256,0.192005137261198,NaN,NaN,0.558936825885978,NaN,0.22329427980703,0.558865066118886,0.0753095457873126,0.539583841339511,0.538607637762757,NaN,0.308055953467694,0.258165454426758,NaN,0.201767503127408
0.749732203153017,0.268095573450912,0.164093175354359,0.0749682337992376,NaN,0.0284200385356455,0.0192926045016077,0.0284154759993578,0.0314953441665145,0.0320460147904684,0.0431432973805855,0.00827679782903663,0.0272608928708171,0.043266144562845,0.0196072190215488,0.655937576200927,0.480529934831455,NaN,0.442565865231543,0.862234618510239,0.668444499410108,NaN
NaN,0.0440470722720639,0.255391665803079,NaN,NaN,0.0481695568400771,0.0423365487674169,0.0481618237277252,0.00812488588643418,NaN,0.00674114021571648,NaN,NaN,0.00686866093208372,0.0139733265429544,0.698122409168496,NaN,0.592870289953228,0.274247494057534,0.388184656667094,0.272053341210427,NaN
0.213672775539669,0.0853281892689101,0.291955968542379,NaN,0.367588932806324,NaN,0.284565916398714,NaN,0.267664779989045,0.211175020542317,NaN,0.21763907734057,0.181407458457769,0.323661574014636,0.257376579558838,0.280297488417459,0.870323229447876,0.55856433710748,NaN,0.583138046774226,NaN,0.613228727414317
0.523304147358126,0.204752135705319,0.43508123481525,NaN,0.0513833992094862,0.0457610789980732,0.0546623794212219,0.0455931931289131,0.256070841701662,0.198849630238291,NaN,NaN,NaN,0.311657465656695,0.0982270745137983,NaN,0.798318170894183,0.54945698509199,0.288931762754086,NaN,0.547622903124205,0.207268426851798
0.119192883589875,0.0663645549465691,0.215309682545166,0.188373570520966,0.24901185770751,0.135356454720617,NaN,NaN,0.161128354938835,0.139687756778965,0.197996918335901,NaN,0.103223830308599,0.198099884452433,0.0309068338797466,0.511541900349508,0.652009771781763,0.97507629299698,0.599428525246915,0.448616560750441,0.250731804536565,0.563681062407317
0.130254057704399,0.0417771517805199,NaN,0.110546378653113,0.1699604743083,0.100674373795761,0.105573419078242,0.100658211590946,0.115117765199927,0.0994248151191454,0.159668721109399,0.0880597014925373,0.0762692396048702,0.159648221851329,0.0129547697106662,0.680972120620987,0.482858549492395,0.928005705042907,0.449722136492572,0.695152616164549,0.195209416211272,0.381264135468531
0.554147358125888,0.234073302918032,0.55191313459302,0.412325285895807,0.288537549407115,0.376204238921002,0.389603429796356,0.375983303901108,0.465218185137849,0.437962202136401,NaN,0.47910447761194,0.431886055593843,NaN,0.190724766845975,0.240835568560514,0.516714460043726,0.775646797287714,0.666861388986672,0.786688547765854,NaN,NaN
0.369903127401439,0.797630056033559,NaN,0.218551461245235,0.209486166007905,0.161849710982659,0.157020364415863,0.161663188312731,0.0811575680116852,0.123253903040263,0.0656779661016949,NaN,0.0422696990581208,0.0657979201437926,0.190533787439921,NaN,NaN,NaN,NaN,0.574660246409991,0.569013838890896,NaN
0.179115338937661,0.0536799452932831,0.134472117632158,0.166454891994917,0.209486166007905,0.15655105973025,0.111468381564845,0.156525927115107,0.157750593390542,0.124075595727198,0.198189522342065,0.113297150610583,0.0994716287617735,0.198164077545256,0.14469872998695,0.543891733723482,0.921902744172047,0.338840505804642,0.673655335707969,0.381381705870303,0.457252383147053,0.420265601829223
0.348194117784039,NaN,NaN,0.0711562897077509,NaN,0.0655105973025048,0.0744908896034298,0.0655000802697062,0.0452802629176557,NaN,0.0520030816640986,0.0415196743554953,0.0416570947239452,0.0520605982796251,0.0151192029792787,0.619442412419735,0.331160270753953,0.812996502075647,0.407484749915611,NaN,0.632520236953415,NaN
