NaN,0.290921338681527,0.21106658836805,0.0346251588310038,0.0118577075098814,NaN,0.0326902465166131,NaN,0.136388533868906,0.108463434675431,0.183936825885978,0.116146540027137,0.0690711386783061,0.184041597124149,0.0176655950599994,NaN,NaN,0.214935101152961,NaN,NaN,0.361191137557899,NaN
NaN,NaN,NaN,0.0638500635324015,0.0909090909090909,NaN,0.0594855305466238,NaN,0.0501186781084535,NaN,NaN,0.0431478968792402,0.0490083467340531,0.0611118243676981,0.0246363433809721,0.680078029748842,0.721809879579356,0.334505948064986,0.474578069999872,0.45903259428345,NaN,0.393618431408286
NaN,0.296357308347878,0.919726645710272,0.0412960609911055,0.0118577075098814,0.0486512524084778,NaN,NaN,NaN,0.0649137222678718,0.11171032357473,NaN,0.0317022742935906,0.111695981512389,NaN,0.580955864423312,0.113145473084434,NaN,0.118322104707814,NaN,NaN,0.104577613560108
0.178713643667187,0.0518244077691703,0.251822170023144,0.0864040660736976,0.130434782608696,0.0703275529865125,0.0535905680600214,NaN,NaN,NaN,0.0159861325115562,0,NaN,NaN,NaN,0.74782573356092,0.46892186074511,NaN,0.194354029043458,0.330168227833569,0.402704251317248,0.14149345108403
0.157458724355541,0.0427937168927401,0.248471449791012,0.0520965692503177,0.0909090909090909,NaN,0.0573419078242229,0.0443088778295071,0.0501186781084535,NaN,0.0687596302003082,NaN,0.0317022742935906,0.0688149955064835,0.0106948467390266,0.713809639925222,NaN,0.744894544353521,NaN,0.431462859535499,0.245374728409319,NaN
0.639120462007778,0.267315798605795,0.627551901620091,0.808767471410419,NaN,NaN,NaN,0.722587895328303,NaN,0.766639276910436,0.737480739599384,0.676526458616011,0.581897541925109,NaN,0.515644396345927,NaN,0.764368929093917,0.71777965466961,NaN,0.787787105009016,0.783293325052894,0.849540623161871
0.217194886244557,0.0794533410902559,NaN,1,NaN,1,NaN,NaN,0.750775972247581,0.66228430566968,0.944337442218798,0.572727272727273,NaN,0.944280395429452,1,0.0173128505242624,0.967679388493657,NaN,NaN,0.57225602686963,NaN,0.67606269727522
0.163059171459842,0.978074446043459,0.165636118691492,NaN,0.0513833992094862,0.0226396917148362,NaN,0.0226360571520308,0.0315866350191711,0.0262941659819228,0.0338983050847457,NaN,NaN,0.0338939530106561,0.0195753891205398,0.673900674632204,0.634454163857007,NaN,0.290359726434125,0.248440521454508,NaN,0.195367708583595
0.289989055259297,NaN,0.0900318951719691,0.119440914866582,0.130434782608696,NaN,NaN,0.109006261037085,0.167701296330108,0.132292522596549,NaN,0.167571234735414,0.117926334328815,0.198164077545256,0.0550338988445746,0.395716491912542,0.855471894461024,0.653223428922018,NaN,NaN,0.177061108570432,NaN
0.697145052744335,0.309556324443492,0.151565396617039,NaN,0.130434782608696,0.173410404624277,0.180064308681672,0.173543104832236,0.52683951068103,0.399342645850452,0.685862865947612,0.465807327001357,0.286775403935983,0.685774810630376,0.13282617691059,0.292896041615866,0.816121106628619,NaN,0.461882066255128,NaN,0.552455037395434,0.387682570190627
0.663280394942132,0.223438153852435,NaN,0.00381194409148665,0.00790513833992095,0.0120423892100193,0.00803858520900321,NaN,0,0,0.00269645608628659,NaN,0,0.00276030299139813,0.000222809307063055,NaN,NaN,0.66871309849167,0.0486805800013127,0.387795209119826,0.0539720303861258,0.0240292609376424
0.608277251240016,0.249617767435214,0.594821928218591,0.933608640406607,0.604743083003953,0.834296724470135,1,0.834323326376626,1,1,NaN,1,1,1,NaN,0,0.86167142267156,0.773041281881708,NaN,NaN,0.73666870118708,NaN
NaN,0.0729273196770671,0.264200260227757,0.263341804320203,0.328063241106719,0.209055876685935,0.32475884244373,0.208861775565901,0.414277889355487,0.354971240755957,0.475539291217257,0.466078697421981,0.233785129029788,NaN,NaN,0.495935950581159,0.416255036970841,0.975885038604655,0.695627498552239,0.738088645465412,0.436977171257387,NaN
0.402358940921687,NaN,NaN,0.0638500635324015,NaN,0.0640655105973025,NaN,0.0638946861454487,0.211612196457915,NaN,0.2615562403698,0.18168249660787,NaN,0.26158685325459,0.0303338956615845,NaN,0.444991728518063,0.523397847063417,0.310598914870548,0.392270479200575,0.409748704105401,NaN
0.539348671494772,0.200006123886218,0.518262000990247,0.0756035578144854,0.0513833992094862,0.0732177263969171,0.0814576634512326,0.0730454326537165,0.264560890998722,NaN,0.318181818181818,0.260922659430122,0.165250019143885,NaN,NaN,0.314354222547346,NaN,0.611399727496554,0.417122510352194,NaN,0.745136725110193,0.322856172384369
0.166185408564842,0.0607326209212366,NaN,NaN,0.24901185770751,0.128131021194605,NaN,0.128270990528175,0.154372831842249,0.147904683648316,NaN,0.14314789687924,NaN,0.180960328668635,0.0229493586274947,0.575550678696253,0.661436227924243,NaN,NaN,0.577100484220621,0.179603517644275,0.583350592757669
0.147765642828866,0.0291864417159129,0.18099070779647,0.0574968233799238,0.0909090909090909,NaN,0.0594855305466238,NaN,0.0472886616761001,NaN,NaN,0.0454545454545455,0.03285090742017,NaN,0.0131457491167202,0.73583678777534,NaN,0.766587252894353,NaN,NaN,0.190960946105376,0.27988849031125
0.523304147358126,NaN,NaN,0.0486022871664549,0.0513833992094862,0.0457610789980732,0.0546623794212219,NaN,0.256070841701662,0.198849630238291,0.311633281972265,0.25033921302578,NaN,NaN,NaN,0.304112818011867,NaN,0.54945698509199,0.288931762754086,0.741703979343522,NaN,0.207268426851798
NaN,0.253549302387295,0.152820477391274,NaN,0.0513833992094862,0.11271676300578,0.082529474812433,0.112538128110451,NaN,0.101889893179951,NaN,0.0968792401628223,0.0677693544681828,0.125561689562203,0.0312887926918547,0.545517353491019,0.174851428318101,NaN,0.223337822613933,0.394911068639567,0.673894997393085,0.147000588201181
0.279585729921058,0.151974442981516,0.00157748684468088,0.255082592121982,NaN,0.224470134874759,0.206859592711683,NaN,0.367354391090013,0.327033689400164,NaN,0.257259158751696,0.231028409525997,0.44184105790217,0.10491135372569,0.411647565634398,0.669019391900248,NaN,NaN,0.492050092409375,0.542286735698003,0.410999362091676
NaN,0.213827735080682,0.728747106981243,0.0384371029224905,NaN,0.0472061657032755,0.0407288317256163,0.0471985872531707,0.0131458827825452,0.00986031224322103,0.0208012326656394,0.0149253731343284,NaN,0.020862755167544,0.00872139287646815,NaN,NaN,0.665661378612463,0.111496879470862,NaN,NaN,0.084978501661047
0.164305008965373,NaN,0.119474478105173,NaN,0.130434782608696,0.0895953757225434,NaN,0.0895809921335688,0.0644513419755341,0.0566967953985209,0.0703004622496148,0.0545454545454545,NaN,0.0703556297342406,0.0423974281439985,0.630618548321548,0.722976520191049,NaN,0.277323817432547,0.330998899191615,0.328599811020932,NaN
NaN,NaN,0.564717261390722,NaN,NaN,0.0659922928709056,0.067524115755627,0.0661422379194092,NaN,0.0682004930156122,NaN,0.0800542740841248,0.0591163182479516,0.0930799845936577,0.00875322277747716,0.670974559050638,NaN,NaN,NaN,0.427935320191167,0.495242603213356,0.266511055696853
0.515165451878071,0.230968492605407,NaN,0.0927573062261753,0.0909090909090909,0.0679190751445087,NaN,NaN,0.0196275333211612,NaN,0.0152157164869029,0.00814111261872456,0.0294815835822038,0.0153421491847477,NaN,0.760993253677965,NaN,0.326287021027386,NaN,NaN,0.548278190712266,0.394074080210758
NaN,0.2241668963124,0.483413359125819,NaN,0.367588932806324,0.485067437379576,0.569131832797428,NaN,0.445134197553405,0.574363188167625,NaN,0.426594301221167,0.424228501416648,0.432147900885865,0.346532132285069,NaN,NaN,0.75075496203278,0.629309451734629,NaN,0.683104168038337,0.532172947716371
0.139172857043057,NaN,0.222339286331134,NaN,0.130434782608696,0.081888246628131,0.106109324758842,0.0820356397495585,0.428062808106628,0.354971240755957,0.503659476117103,0.401628222523745,0.285779921892947,0.503723199383746,NaN,0.362716410631553,NaN,0.506450045018844,NaN,0.674757270625525,NaN,NaN
0.463387513680926,NaN,NaN,0.0870393900889454,NaN,0.0732177263969171,NaN,0.073366511478568,NaN,NaN,0.341486902927581,NaN,0.270081935829696,0.341571446912312,0.0386733297259446,0.570064211980818,0.845791110665195,0.420515844242767,0.657034691851477,NaN,0.664402891984761,NaN
NaN,NaN,0.456319734705862,0.0724269377382465,NaN,0.0664739884393064,NaN,0.0666238561566865,0.145791491692532,0.124897288414133,0.166795069337442,0.136227951153324,0.109426449192128,NaN,0.0173791259509183,0.59709014061611,0.223589006512188,0.737185565285292,0.308000809263792,0.398326050889314,0.374105152081884,NaN
0.165038539459283,NaN,0.265288380715511,NaN,0.328063241106719,0.229287090558767,0.369239013933548,NaN,NaN,NaN,NaN,NaN,0.219848380427291,NaN,0.0395963968552058,NaN,0.40441596804338,1,0.636744698427197,NaN,0.40881937907386,0.596682462491819
NaN,0.123014585055676,0,NaN,NaN,0.193159922928709,0.17524115755627,0.193128913148178,NaN,0.230073952341824,NaN,0.181275440976934,0.170763458151466,0.272242906663243,0.0806569691568259,0.480492562789564,0.543129536773679,0.621917404364836,0.40573767305562,0.343425202433935,0.38020026086941,0.282272362000547
NaN,NaN,0.440556380761569,NaN,0.0909090909090909,0.0645472061657033,NaN,0.064376304382726,0.0800620777798065,0.0640920295809367,0.0953389830508475,NaN,0.0643234550884447,0.0953267428424702,0.0182703631791705,0.586239128667805,NaN,0.775132865349832,0.408777836296928,0.472582217329741,NaN,0.31723719419752
0.502730363505111,0.281412984680078,NaN,0.378653113087675,0.288537549407115,0.267822736030829,0.252947481243301,0.267940279338578,0.123607814496987,NaN,0.156587057010786,0.1078697421981,0.0725936135998162,NaN,0.338988445745934,NaN,0.352318464887618,NaN,NaN,NaN,NaN,0.180579833812455
0.130254057704399,0.0417771517805199,0.227589899478393,NaN,0.1699604743083,0.100674373795761,0.105573419078242,0.100658211590946,0.115117765199927,0.0994248151191454,0.159668721109399,NaN,NaN,0.159648221851329,NaN,0.680972120620987,0.482858549492395,0.928005705042907,NaN,NaN,0.195209416211272,NaN
0.664898819365205,0.284158527001235,0.568194641150529,NaN,NaN,0.0154142581888247,0.0219721329046088,0.0155723230052978,NaN,0.117502054231717,0.196456086286595,NaN,0.09855272226051,NaN,0.0313206225928637,0.497399008371942,NaN,NaN,0.331284861758905,0.482516506497921,0.513053257575623,0.238672984996728
0.0609587127121999,NaN,0.128547906087717,NaN,0.130434782608696,0.086223506743738,0.0889603429796356,0.0863702038850538,0.115848092021179,0.0961380443714051,0.158320493066256,0.104884667571235,NaN,0.158364359994865,NaN,NaN,0.746822654294054,0.789359616901588,0.350684050289344,0.161920133987965,0.280405255112845,0.274913633840622
0.479839554758633,0.71057901344193,0.0780452980528976,0.122935196950445,NaN,0.0847784200385356,0.0905680600214362,0.0846042703483705,0.0703852473982107,0.0739523418241577,0.0581664098613251,0.0544097693351425,0.0714449804732368,0.0581589420978303,NaN,0.701007884255873,0.537046672624311,0.40533294024844,0.608782971035914,0.823557749668519,0.690699809775307,0.4934283015898
0.13865472836085,0.0602672055686539,0.184525660068857,0.111499364675985,NaN,NaN,0.102893890675241,0.107400866912827,0.0732152638305642,0.057518488085456,NaN,NaN,NaN,0.0987289767621004,0.0436069643823408,0.519304234739495,NaN,0.393632024732476,0.424494657611446,0.402103466983627,0.199559760626514,0.347633111584249
0.351960738653564,0.11474937995652,0.423238568977627,0.0447903430749682,0.0513833992094862,NaN,0.0503751339764202,0.0404559319312891,0.0566003286470696,0.0468364831552999,0.073959938366718,0.0523744911804613,0.0451795696454552,0.0740788291179869,0.0134640481268103,NaN,0.340708057520049,NaN,0.298862962675691,0.396617434193495,0.368467365521463,0.239768613253581
0.779539156556365,0.263735366463558,NaN,0.031130876747141,NaN,0.0404624277456647,0.0278670953912112,0.0406164713437149,0.0628993974803725,NaN,0.0793528505392912,NaN,0.0368328355923118,0.0794710489151368,0.00875322277747716,0.707754206291149,0.252687356649035,0.4785423456013,0.180558938034729,0.201720322633656,0.380538359013963,0.121544318059433
0.477580746571036,0.340183920716086,0.0809872534457149,NaN,0.0909090909090909,0.0789980732177264,NaN,NaN,NaN,0.161051766639277,NaN,0.189145183175034,0.161191515429972,0.242328925407626,NaN,0.410428350808746,NaN,0.441324111774221,NaN,NaN,0.685321380081037,NaN
0.382309107421466,0.118644171591292,NaN,0.00476493011435832,NaN,NaN,0.00428724544480171,NaN,0.00693810480189885,0.00739523418241577,0.00269645608628659,0.0016282225237449,0.0116394823493376,NaN,0.0056657223796034,0.811509387954158,0.0165289641864665,NaN,0.154296736927614,0.311796658855204,0.285688483487465,0.100768803797626
0.481498730875812,0.216720250671076,0.057716443861043,NaN,NaN,0.0876685934489403,0.0760986066452305,0.0876545191844598,0.0923863428884426,0.0829909613804437,NaN,0.0812754409769335,0.0882915996630676,0.0835794068558223,NaN,NaN,0.37811288881215,NaN,0.322077226112751,0.495260220746974,0.518898351682572,NaN
0.395326362853084,0.189762903538586,0.0825820120441696,NaN,0.130434782608696,NaN,0.162379421221865,0.161342109487879,NaN,0.114215283483977,0.160631741140216,0.115332428765265,NaN,NaN,NaN,0.437088514996342,0.844864798019511,NaN,0.365360725357818,0.308597786227064,0.225292588354832,0.284674873868127
0.236400577509722,NaN,NaN,NaN,NaN,0.0833333333333333,0.118971061093248,0.0833199550489645,NaN,0.111750205423172,0.0758859784283513,NaN,0.0777241748985374,NaN,NaN,NaN,0.539421952909718,0.43763097296479,0.321618354016026,NaN,0.561844823628434,NaN
0.569534033486249,0.195104973616257,0.645433924027312,NaN,NaN,0.0467244701348748,NaN,0.0468775084283192,0.049388351287201,0.0410846343467543,0.0614406779661017,NaN,NaN,0.0614327898318141,0.00528376356749531,0.747012923677152,NaN,0.762296518808316,NaN,NaN,0.422972345351239,0.17814832611199
0.412075309130708,0.136293211672127,NaN,0.0552731893265565,0.0513833992094862,NaN,0.0493033226152197,0.0531385455129234,NaN,0.182415776499589,NaN,0.197286295793759,0.160042882303392,0.260174605212479,0.0250501320940892,0.577989108347558,0.256098613797625,NaN,0.279796989777349,0.424009328731999,0.467087925091687,0.221963100731523
NaN,0.0747257009298101,NaN,0.138818297331639,0.1699604743083,0.121868978805395,0.121114683815648,0.121688874618719,0.208234434909622,0.208709942481512,0.174306625577812,NaN,NaN,0.174284247015021,0.0826940828214024,0.455579939852069,NaN,0.404703473223748,0.445949911344392,0.513084762245649,0.302387417766524,0.356439560257483
0.162733157906993,0.153395184584137,0.181393715384527,0.0463786531130877,0.0909090909090909,NaN,0.0535905680600214,NaN,0.0556874201205039,0.0419063270336894,NaN,NaN,0.0744314266023432,0.0408910001283862,0.0213896934780533,NaN,NaN,0.318912695314056,0.428931506017137,0.2873425044854,0.282654942372061,0.351692528188092
0.201610274084251,NaN,0.283256761891602,NaN,0.0909090909090909,0.0269749518304432,NaN,0.0271311606999518,0.0663684498813219,0.0566967953985209,0.0914869029275809,NaN,NaN,NaN,0.0126364707005761,0.671787368934406,0.658260632179215,0.716281682509581,0.268107141752967,0.582354649395906,NaN,0.174664683903999
NaN,NaN,0.231389685308646,0.0324015247776366,0.0513833992094862,NaN,0.0230439442658092,0.0232782148017338,0.00620777798064634,NaN,0.00404468412942989,0.00244233378561736,0.0140898996860403,NaN,NaN,0.728602779809803,0.547796099220451,0.575910536003123,0.374785864208212,0.427046119143936,0.304993887541439,NaN
NaN,0.109897220776305,0.400503183759946,0.0711562897077509,0.0909090909090909,0.0655105973025048,0.0744908896034298,NaN,NaN,NaN,0.0520030816640986,NaN,0.0416570947239452,NaN,0.0151192029792787,0.619442412419735,0.331160270753953,NaN,NaN,0.528120138940478,0.632520236953415,0.306922962214287
0.105855436275994,NaN,0.15906709500616,0.133735705209657,0.209486166007905,0.107418111753372,0.121650589496249,0.107400866912827,0.363155011867811,NaN,0.429121725731895,NaN,0.224519488475381,0.429195018615997,NaN,0.3502804194099,0.889549466728576,NaN,NaN,0.707108430751499,0.423446127619593,0.411204404052789
NaN,NaN,0.121886766382258,0.0505082592121982,0.0909090909090909,0.0375722543352601,0.0493033226152197,NaN,NaN,0.0172555464256368,NaN,0.0204884667571235,0.0287924037062562,0.0197714725895494,0.020307476843747,0.663821832073478,0.697028099705773,NaN,0.226862350846228,0.322858770111139,0.218297070824443,0.159970010024274
0.545403208904827,NaN,NaN,0.214104193138501,NaN,NaN,0.191318327974277,0.21078824851501,NaN,0.119967132292523,0.176617873651772,0.137042062415197,0.0928095566276131,0.176595198356657,NaN,0.420344631390718,NaN,0.631941069137789,NaN,0.306587516517754,NaN,0.354202738863529
0.749732203153017,0.268095573450912,0.164093175354359,0.0749682337992376,NaN,NaN,0.0192926045016077,NaN,NaN,0.0320460147904684,NaN,0.00827679782903663,0.0272608928708171,NaN,0.0196072190215488,0.655937576200927,0.480529934831455,NaN,0.442565865231543,0.862234618510239,NaN,NaN
0.197092657709056,0.054024924216908,NaN,0.113087674714104,0.130434782608696,0.0486512524084778,0.0594855305466238,0.0486434419650024,0.0601606719006755,0.047658175842235,0.0770416024653313,NaN,0.054674936825178,0.0771600975735011,NaN,0.598268714947574,NaN,0.634952949331888,0.2758269686978,NaN,0.292114572563869,0.185009982851036
0.733274340404722,NaN,NaN,NaN,NaN,NaN,0.120578778135048,0.109327339861936,0.0849004929706043,0.0862777321281841,NaN,0.0801899592944369,NaN,NaN,0.137918961072031,0.51889782979761,0.481199586542567,0.358855963602464,0.405161280524351,0.41509480684077,NaN,0.215459749641694
NaN,NaN,0.127592202378896,0.0584498094027954,0.0513833992094862,NaN,NaN,0.0484829025525767,0.144422128902684,NaN,0.177966101694915,0.123202170963365,0.0911248947086301,0.178007446398768,0.0454530986408632,NaN,0.723968164710988,0,0.453479355185264,0.76305606018653,NaN,NaN
0.0811540879770859,0.0830501035957419,NaN,0.234752223634053,NaN,NaN,NaN,0.204848290255258,0.169800985941209,0.153656532456861,NaN,NaN,0.103683283559231,0.216459108999872,0.121494732151383,0.406648784849224,NaN,0.399512362254289,0.910440750445719,NaN,0.505872675797689,0.668341521204238
0.867370700696272,NaN,0.942922611028591,0.0428843710292249,0.0118577075098814,0.0505780346820809,0.0359056806002144,NaN,0.0262917655650904,0.0254724732949877,0.0464175654853621,0.0240162822252374,NaN,0.0465399922968289,0.0148963936722157,0.659920344631391,0.299355314397978,0.208871501079656,0.171205034647736,0.382788669552631,0.190898664868222,NaN
0,NaN,0.107061844393013,0.10705209656925,0.209486166007905,0.0895953757225434,0.127545551982851,0.0897415315459945,0.108544823808654,0.0920295809367297,0.120184899845917,NaN,NaN,0.120233662857877,NaN,0.515199544826465,NaN,0.804259659131654,0.490912506398084,NaN,0.437759690515635,0.424998135982172
NaN,0.694881451769293,NaN,0.0978398983481576,0.0909090909090909,0.0703275529865125,NaN,0.0703162626424787,NaN,0.0517666392769104,0.0290832049306626,0.0240162822252374,0.0454092962707711,NaN,0.0473947226024127,NaN,0.453188545455818,0.316888839310614,0.346007460197185,0.601068391941812,0.541629223780044,0.260065696272793
0.14593181659409,0.0636863753738122,0.243762018262001,0.0898983481575604,0.130434782608696,0.0727360308285164,0.102357984994641,0.0728848932412907,0.358316596677013,0.28430566967954,0.371725731895223,NaN,0.279577303009419,0.371678007446399,NaN,0.429651304559864,0.913082941147648,0.533301992781049,0.648363491788847,NaN,0.454748677413442,NaN
0.186037305265119,NaN,0.199966607942704,0.10292249047014,0.130434782608696,0.0968208092485549,0.0782422293676313,0.0969658051051533,NaN,0.0328677074774034,0.0477657935285054,NaN,0.0363733823416801,0.0478880472461163,0.0491771970589171,0.630252783873852,0.49136569283286,0.596651076069895,0.330808813598669,0.444276359183196,0.496664839750377,0.259686679314373
0.609511445404373,0.217918491074436,NaN,0.189961880559085,NaN,0.184007707129094,0.159163987138264,0.184138706052336,0.190797882052218,0.156121610517666,0.25346687211094,NaN,NaN,0.253434330466042,0.0280739726899449,NaN,0.562283442336455,0.662362652685593,0.383276625203649,0.613222307015234,0.527371713997441,0.292296635654933
0.512004284749552,0.255643671473917,0.346206547146131,NaN,0.0909090909090909,NaN,0.117899249732047,NaN,NaN,0.406737880032868,0.619414483821264,0.486974219810041,NaN,NaN,0.151478498901868,NaN,NaN,0.663549875301785,0.44294590823679,NaN,NaN,0.365407557142502
0.233553780592879,0.0986027332945488,0.0584706437758357,0.439326556543837,NaN,NaN,0.437834941050375,0.403275004013485,0.476173087456637,0.410024650780608,0.533127889060093,NaN,0.341144038594073,0.533123635896778,NaN,0.268999431033081,NaN,0.275073105822172,0.680218038374219,0.68409725833429,0.540508606377243,NaN
NaN,0.07668126192882,0.263290614528999,0.0752858958068615,0.0909090909090909,0.0539499036608863,0.0685959271168275,0.0539412425750522,0.068650721197736,NaN,NaN,0.048168249660787,0.0479362891492457,NaN,NaN,NaN,NaN,NaN,0.392909504022182,0.72665059351356,NaN,NaN
0.369117201872249,NaN,0.3706691077412,0.0463786531130877,NaN,0.0322736030828516,0.037513397642015,0.0324289613100016,0.0470147891181304,0.0386195562859491,0.0525808936825886,0.042876526458616,0.0391301018454706,0.052638336115034,NaN,0.638462163699911,0.326752702522977,0.683947794076636,0.267252677793501,0.431420087839557,0.456644251352837,NaN
0.523670912605081,0.695426477642712,0.0954955266157726,0.0933926302414231,0.0909090909090909,NaN,NaN,NaN,NaN,0.0361544782251438,0.0312018489984592,0.0236092265943012,0.0330806340454859,NaN,0.0251774516981252,0.673778753149639,0.498976856183545,0.322530138721784,0.551775977846856,NaN,NaN,0.429620900196343
0.222265561325478,NaN,0.19743917464046,0.561626429479034,0.565217391304348,NaN,0.481243301178993,0.525284957457056,0.527661128354939,0.47165160230074,NaN,0.460379918588874,NaN,NaN,NaN,0.162318133788507,0.891255095302872,0.401070093941978,NaN,NaN,0.538886625015348,0.691641744057925
0.455673800153692,0.212015064760097,NaN,0.182337992376112,0.130434782608696,0.153660886319846,NaN,0.153636217691443,NaN,NaN,0.615369799691834,0.503663500678426,NaN,NaN,0.275646942738008,0.134235552304316,0.925939320688505,0.632984868887596,0.624847110434676,0.862092796571061,0.842709180432303,NaN
0.142881261206716,NaN,0.238954713461605,0.105463786531131,0.130434782608696,0.0973025048169557,0.105573419078242,0.0972868839300048,0.277980646339237,NaN,0.377118644067797,NaN,NaN,NaN,0.0267371168475666,0.606721937738763,NaN,0.859322087918217,0.395775917821034,NaN,0.260084666893252,0.309383465747637
0.129444845492863,0.047458076895598,0.238033553260331,0.0933926302414231,0.130434782608696,0.0761078998073218,NaN,NaN,NaN,0.0920295809367297,NaN,0.0853459972862958,0.0702197718048855,NaN,0.0112996148581978,NaN,0.403456989460569,NaN,NaN,0.549949461864531,NaN,0.389797194860281
NaN,NaN,NaN,0.239834815756036,0.24901185770751,0.211464354527938,0.19882100750268,0.211269866752288,0.196914369180208,0.183237469186524,0.227850539291217,0.161329715061058,0.144268320698369,0.227885479522403,0.0825667632173664,NaN,0.563634412164795,NaN,NaN,0.448846177223397,0.38626422903836,NaN
0.0735102344968912,0.0160731600273534,0.173592639929992,0.139135959339263,0.209486166007905,0.136319845857418,0.137191854233655,0.136297961149462,NaN,0.107641741988496,0.176425269645609,0.115468113975577,0.0790259591086607,0.176531005263834,0.0373046439825572,NaN,0.695411135817967,0.851031449447424,0.532041404076296,0.316677134476463,0.447098762026952,0.455911836098983
NaN,0.326494993723017,0.957845406289221,NaN,0.0118577075098814,NaN,0.030010718113612,0.0282549365869321,0.0597042176373927,NaN,0.086864406779661,0.0552238805970149,0.032927482961942,0.0869816407754526,0.0130820893147022,0.656791026578883,0.492133342355354,0.228564257428109,0.146251107178094,0.273216589114828,NaN,NaN
NaN,NaN,0.98925121190139,0.0543202033036849,0.0118577075098814,0.0659922928709056,0.0503751339764202,0.0661422379194092,NaN,0.0920295809367297,0.140793528505393,0.0895522388059702,0.0496209510682288,0.140775452561304,0.0268962663526116,NaN,0.430299056654401,0.214241890632097,0.0808269388656891,0.346991011190426,NaN,0.0643044728143355
