0.177018212962963
38.2938422749426
95.4694354889905
45.3756523229015
0.184414109090909
0.243161244444444
66.4145688657173
60.2314934724312
49.1492362173209
0.224058659090909
0.251410527272727
0.273914066037736
70.2717592929378
61.1336123429749
61.4376426165868
0.389197191489362
121.691146818693
147.160152924409
0.44522075
0.560645445652174
125.842437224376
94.2137809681476
127.466902079145
0.661567826086957
109.796174746955
99.0369867423351
99.0065883909976
0.691657659574468
0.663005466666666
0.525528076923077
0.458709020408163
79.9993217283884
71.722965268454
106.183651909519
91.1662577858107
141.506809732832
0.38815438
70.0421051563507
82.4647027910738
0.323147888888889
72.6242721654069
68.16119983478
69.9416742302688
47.4719689488021
65.050886304822
57.7590720788442
69.9349208695954
55.6483711158128
54.0084368497069
69.5523551504369
39.4408036456614
40.7146378163237
57.1673106909467
0.287265775510204
52.0649955568948
50.7736103111952
62.1397002778617
57.4844543674358
0.219232953488372
50.1835851113328
