0.0329932676846094,0,0,0,0,0,0,0,0,0,0,0,0,0,0,0,0,0,0,0,0,0,0,0,0,0,0,0,0,0,0,0,0,0,0,0,0,0,0,0,0,0,0,0,0,0,0,0,0,0,0,0,0,0,0,0,0,0,0,0
0,0.0218231007417452,0,0,0,0,0,0,0,0,0,0,0,0,0,0,0,0,0,0,0,0,0,0,0,0,0,0,0,0,0,0,0,0,0,0,0,0,0,0,0,0,0,0,0,0,0,0,0,0,0,0,0,0,0,0,0,0,0,0
0,0,0.0125986764895225,0,0,0,0,0,0,0,0,0,0,0,0,0,0,0,0,0,0,0,0,0,0,0,0,0,0,0,0,0,0,0,0,0,0,0,0,0,0,0,0,0,0,0,0,0,0,0,0,0,0,0,0,0,0,0,0,0
0,0,0,1662.36899426081,0,0,0,0,-15.2862082212393,0,-563.23805625605,0,0,536.591691940627,0,0,0,0,0,0,-494.526859045168,0,0,0,0,0,0,368.255114565303,0,0,0,0,0,0,0,0,0,-17.8611038662984,0,0,0,0,0,315.974029034775,0,225.961481497819,0,0,-81.0951501152147,0,0,0,0,246.952643018437,0,0,0,0,-61.7747435252811,-80.1069967970894
0,0,0,0,0.00313146884835204,0,0,0,0,0,0,0,0,0,0,0,0,0,0,0,0,0,0,0,0,0,0,0,0,0,0,0,0,0,0,0,0,0,0,0,0,0,0,0,0,0,0,0,0,0,0,0,0,0,0,0,0,0,0,0
0,0,0,0,0,0.00960409367186666,0,0,0,0,0,0,0,0,0,0,0,0,0,0,0,0,0,0,0,0,0,0,0,0,0,0,0,0,0,0,0,0,0,0,0,0,0,0,0,0,0,0,0,0,0,0,0,0,0,0,0,0,0,0
0,0,0,0,0,0,0.0155206793555555,0,0,0,0,0,0,0,0,0,0,0,0,0,0,0,0,0,0,0,0,0,0,0,0,0,0,0,0,0,0,0,0,0,0,0,0,0,0,0,0,0,0,0,0,0,0,0,0,0,0,0,0,0
0,0,0,0,0,0,0,0.0466699351450582,0,0,0,0,0,0,0,0,0,0,0,0,0,0,0,0,0,0,0,0,0,0,0,0,0,0,0,0,0,0,0,0,0,0,0,0,0,0,0,0,0,0,0,0,0,0,0,0,0,0,0,0
0,0,0,-15.2862082212393,0,0,0,0,9773.54353582098,0,-183.161309601232,0,0,-745.192401313296,0,0,0,0,0,0,906.652107455856,0,0,0,0,0,0,-1097.16622423383,0,0,0,0,0,0,0,0,0,313.73864905385,0,0,0,0,0,634.189095090762,0,-83.8479795893736,0,0,834.120974731429,0,0,0,0,-516.951964244964,0,0,0,0,216.435415706279,472.077990865409
0,0,0,0,0,0,0,0,0,0.0184213292886864,0,0,0,0,0,0,0,0,0,0,0,0,0,0,0,0,0,0,0,0,0,0,0,0,0,0,0,0,0,0,0,0,0,0,0,0,0,0,0,0,0,0,0,0,0,0,0,0,0,0
0,0,0,-563.23805625605,0,0,0,0,-183.161309601232,0,7000.78856242744,0,0,88.6692959678783,0,0,0,0,0,0,307.607151945298,0,0,0,0,0,0,243.26730679244,0,0,0,0,0,0,0,0,0,154.330734441781,0,0,0,0,0,-1059.18744270888,0,-301.44083979031,0,0,692.653042066256,0,0,0,0,606.959381328266,0,0,0,0,-222.272151761647,308.002847563598
0,0,0,0,0,0,0,0,0,0,0,0.0240952681391735,0,0,0,0,0,0,0,0,0,0,0,0,0,0,0,0,0,0,0,0,0,0,0,0,0,0,0,0,0,0,0,0,0,0,0,0,0,0,0,0,0,0,0,0,0,0,0,0
0,0,0,0,0,0,0,0,0,0,0,0,0.0296495776,0,0,0,0,0,0,0,0,0,0,0,0,0,0,0,0,0,0,0,0,0,0,0,0,0,0,0,0,0,0,0,0,0,0,0,0,0,0,0,0,0,0,0,0,0,0,0
0,0,0,536.591691940627,0,0,0,0,-745.192401313296,0,88.6692959678783,0,0,5211.19993817394,0,0,0,0,0,0,1187.51897461197,0,0,0,0,0,0,4.73702302407903,0,0,0,0,0,0,0,0,0,454.638150985207,0,0,0,0,0,-49.4272127916451,0,484.598334661414,0,0,-402.770668169293,0,0,0,0,-447.06440622616,0,0,0,0,-675.906473493685,-227.375003488586
0,0,0,0,0,0,0,0,0,0,0,0,0,0,0.03102763182144,0,0,0,0,0,0,0,0,0,0,0,0,0,0,0,0,0,0,0,0,0,0,0,0,0,0,0,0,0,0,0,0,0,0,0,0,0,0,0,0,0,0,0,0,0
0,0,0,0,0,0,0,0,0,0,0,0,0,0,0,0.0353908377549722,0,0,0,0,0,0,0,0,0,0,0,0,0,0,0,0,0,0,0,0,0,0,0,0,0,0,0,0,0,0,0,0,0,0,0,0,0,0,0,0,0,0,0,0
0,0,0,0,0,0,0,0,0,0,0,0,0,0,0,0,0.0784990282193905,0,0,0,0,0,0,0,0,0,0,0,0,0,0,0,0,0,0,0,0,0,0,0,0,0,0,0,0,0,0,0,0,0,0,0,0,0,0,0,0,0,0,0
0,0,0,0,0,0,0,0,0,0,0,0,0,0,0,0,0,0.0967510689609468,0,0,0,0,0,0,0,0,0,0,0,0,0,0,0,0,0,0,0,0,0,0,0,0,0,0,0,0,0,0,0,0,0,0,0,0,0,0,0,0,0,0
0,0,0,0,0,0,0,0,0,0,0,0,0,0,0,0,0,0,0.029519206304,0,0,0,0,0,0,0,0,0,0,0,0,0,0,0,0,0,0,0,0,0,0,0,0,0,0,0,0,0,0,0,0,0,0,0,0,0,0,0,0,0
0,0,0,0,0,0,0,0,0,0,0,0,0,0,0,0,0,0,0,0.0858753242289844,0,0,0,0,0,0,0,0,0,0,0,0,0,0,0,0,0,0,0,0,0,0,0,0,0,0,0,0,0,0,0,0,0,0,0,0,0,0,0,0
0,0,0,-494.526859045168,0,0,0,0,906.652107455856,0,307.607151945298,0,0,1187.51897461197,0,0,0,0,0,0,15621.5274392765,0,0,0,0,0,0,1203.98762457608,0,0,0,0,0,0,0,0,0,-393.495133647305,0,0,0,0,0,2431.49113816984,0,493.750482383276,0,0,719.982240160081,0,0,0,0,-2166.44354725068,0,0,0,0,-57.8725539736384,-495.487570533924
0,0,0,0,0,0,0,0,0,0,0,0,0,0,0,0,0,0,0,0,0,0.0686641101049587,0,0,0,0,0,0,0,0,0,0,0,0,0,0,0,0,0,0,0,0,0,0,0,0,0,0,0,0,0,0,0,0,0,0,0,0,0,0
0,0,0,0,0,0,0,0,0,0,0,0,0,0,0,0,0,0,0,0,0,0,0.059159837038352,0,0,0,0,0,0,0,0,0,0,0,0,0,0,0,0,0,0,0,0,0,0,0,0,0,0,0,0,0,0,0,0,0,0,0,0,0
0,0,0,0,0,0,0,0,0,0,0,0,0,0,0,0,0,0,0,0,0,0,0,0.0715131983504132,0,0,0,0,0,0,0,0,0,0,0,0,0,0,0,0,0,0,0,0,0,0,0,0,0,0,0,0,0,0,0,0,0,0,0,0
0,0,0,0,0,0,0,0,0,0,0,0,0,0,0,0,0,0,0,0,0,0,0,0,0.0511051241660902,0,0,0,0,0,0,0,0,0,0,0,0,0,0,0,0,0,0,0,0,0,0,0,0,0,0,0,0,0,0,0,0,0,0,0
0,0,0,0,0,0,0,0,0,0,0,0,0,0,0,0,0,0,0,0,0,0,0,0,0,0.0800696091301775,0,0,0,0,0,0,0,0,0,0,0,0,0,0,0,0,0,0,0,0,0,0,0,0,0,0,0,0,0,0,0,0,0,0
0,0,0,0,0,0,0,0,0,0,0,0,0,0,0,0,0,0,0,0,0,0,0,0,0,0,0.0528281531285317,0,0,0,0,0,0,0,0,0,0,0,0,0,0,0,0,0,0,0,0,0,0,0,0,0,0,0,0,0,0,0,0,0
0,0,0,368.255114565303,0,0,0,0,-1097.16622423383,0,243.26730679244,0,0,4.73702302407903,0,0,0,0,0,0,1203.98762457608,0,0,0,0,0,0,9695.85349771902,0,0,0,0,0,0,0,0,0,998.035586437603,0,0,0,0,0,1914.44713913941,0,-167.677600606416,0,0,-1112.3103460455,0,0,0,0,1097.50788368357,0,0,0,0,-1005.40377480924,557.048319988292
0,0,0,0,0,0,0,0,0,0,0,0,0,0,0,0,0,0,0,0,0,0,0,0,0,0,0,0,0.0472891394704854,0,0,0,0,0,0,0,0,0,0,0,0,0,0,0,0,0,0,0,0,0,0,0,0,0,0,0,0,0,0,0
0,0,0,0,0,0,0,0,0,0,0,0,0,0,0,0,0,0,0,0,0,0,0,0,0,0,0,0,0,0.0410857715571428,0,0,0,0,0,0,0,0,0,0,0,0,0,0,0,0,0,0,0,0,0,0,0,0,0,0,0,0,0,0
0,0,0,0,0,0,0,0,0,0,0,0,0,0,0,0,0,0,0,0,0,0,0,0,0,0,0,0,0,0,0.0293145387791735,0,0,0,0,0,0,0,0,0,0,0,0,0,0,0,0,0,0,0,0,0,0,0,0,0,0,0,0,0
0,0,0,0,0,0,0,0,0,0,0,0,0,0,0,0,0,0,0,0,0,0,0,0,0,0,0,0,0,0,0,0.0516335508152343,0,0,0,0,0,0,0,0,0,0,0,0,0,0,0,0,0,0,0,0,0,0,0,0,0,0,0,0
0,0,0,0,0,0,0,0,0,0,0,0,0,0,0,0,0,0,0,0,0,0,0,0,0,0,0,0,0,0,0,0,0.0373475306870489,0,0,0,0,0,0,0,0,0,0,0,0,0,0,0,0,0,0,0,0,0,0,0,0,0,0,0
0,0,0,0,0,0,0,0,0,0,0,0,0,0,0,0,0,0,0,0,0,0,0,0,0,0,0,0,0,0,0,0,0,0.0368744852993724,0,0,0,0,0,0,0,0,0,0,0,0,0,0,0,0,0,0,0,0,0,0,0,0,0,0
0,0,0,0,0,0,0,0,0,0,0,0,0,0,0,0,0,0,0,0,0,0,0,0,0,0,0,0,0,0,0,0,0,0,0.0761262684256476,0,0,0,0,0,0,0,0,0,0,0,0,0,0,0,0,0,0,0,0,0,0,0,0,0
0,0,0,0,0,0,0,0,0,0,0,0,0,0,0,0,0,0,0,0,0,0,0,0,0,0,0,0,0,0,0,0,0,0,0,0.0517710994759098,0,0,0,0,0,0,0,0,0,0,0,0,0,0,0,0,0,0,0,0,0,0,0,0
0,0,0,0,0,0,0,0,0,0,0,0,0,0,0,0,0,0,0,0,0,0,0,0,0,0,0,0,0,0,0,0,0,0,0,0,0.094082374810801,0,0,0,0,0,0,0,0,0,0,0,0,0,0,0,0,0,0,0,0,0,0,0
0,0,0,-17.8611038662984,0,0,0,0,313.73864905385,0,154.330734441781,0,0,454.638150985207,0,0,0,0,0,0,-393.495133647305,0,0,0,0,0,0,998.035586437603,0,0,0,0,0,0,0,0,0,4408.98268354535,0,0,0,0,0,-724.876858656432,0,-346.284146010756,0,0,129.99354423983,0,0,0,0,-669.657992628769,0,0,0,0,536.199098575201,547.153007514146
0,0,0,0,0,0,0,0,0,0,0,0,0,0,0,0,0,0,0,0,0,0,0,0,0,0,0,0,0,0,0,0,0,0,0,0,0,0,0.02882854054369,0,0,0,0,0,0,0,0,0,0,0,0,0,0,0,0,0,0,0,0,0
0,0,0,0,0,0,0,0,0,0,0,0,0,0,0,0,0,0,0,0,0,0,0,0,0,0,0,0,0,0,0,0,0,0,0,0,0,0,0,0.0488647101573243,0,0,0,0,0,0,0,0,0,0,0,0,0,0,0,0,0,0,0,0
0,0,0,0,0,0,0,0,0,0,0,0,0,0,0,0,0,0,0,0,0,0,0,0,0,0,0,0,0,0,0,0,0,0,0,0,0,0,0,0,0.0231620402267682,0,0,0,0,0,0,0,0,0,0,0,0,0,0,0,0,0,0,0
0,0,0,0,0,0,0,0,0,0,0,0,0,0,0,0,0,0,0,0,0,0,0,0,0,0,0,0,0,0,0,0,0,0,0,0,0,0,0,0,0,0.0326494192562501,0,0,0,0,0,0,0,0,0,0,0,0,0,0,0,0,0,0
0,0,0,0,0,0,0,0,0,0,0,0,0,0,0,0,0,0,0,0,0,0,0,0,0,0,0,0,0,0,0,0,0,0,0,0,0,0,0,0,0,0,0.0336617540784709,0,0,0,0,0,0,0,0,0,0,0,0,0,0,0,0,0
0,0,0,315.974029034775,0,0,0,0,634.189095090762,0,-1059.18744270888,0,0,-49.4272127916451,0,0,0,0,0,0,2431.49113816984,0,0,0,0,0,0,1914.44713913941,0,0,0,0,0,0,0,0,0,-724.876858656432,0,0,0,0,0,6605.55988757766,0,495.722798003748,0,0,-1041.75836606775,0,0,0,0,208.860675946099,0,0,0,0,406.930576108918,-102.077672615591
0,0,0,0,0,0,0,0,0,0,0,0,0,0,0,0,0,0,0,0,0,0,0,0,0,0,0,0,0,0,0,0,0,0,0,0,0,0,0,0,0,0,0,0,0.061611932637737,0,0,0,0,0,0,0,0,0,0,0,0,0,0,0
0,0,0,225.961481497819,0,0,0,0,-83.8479795893736,0,-301.44083979031,0,0,484.598334661414,0,0,0,0,0,0,493.750482383276,0,0,0,0,0,0,-167.677600606416,0,0,0,0,0,0,0,0,0,-346.284146010756,0,0,0,0,0,495.722798003748,0,1458.53832620324,0,0,581.717199102849,0,0,0,0,-169.179253103898,0,0,0,0,-102.070323284132,-85.8763926700986
0,0,0,0,0,0,0,0,0,0,0,0,0,0,0,0,0,0,0,0,0,0,0,0,0,0,0,0,0,0,0,0,0,0,0,0,0,0,0,0,0,0,0,0,0,0,0.0152946208457461,0,0,0,0,0,0,0,0,0,0,0,0,0
0,0,0,0,0,0,0,0,0,0,0,0,0,0,0,0,0,0,0,0,0,0,0,0,0,0,0,0,0,0,0,0,0,0,0,0,0,0,0,0,0,0,0,0,0,0,0,0.0486961785654961,0,0,0,0,0,0,0,0,0,0,0,0
0,0,0,-81.0951501152146,0,0,0,0,834.120974731429,0,692.653042066256,0,0,-402.770668169293,0,0,0,0,0,0,719.982240160081,0,0,0,0,0,0,-1112.3103460455,0,0,0,0,0,0,0,0,0,129.99354423983,0,0,0,0,0,-1041.75836606775,0,581.717199102849,0,0,7565.60007461883,0,0,0,0,-91.1652291765927,0,0,0,0,1486.80760904412,-45.9432191604901
0,0,0,0,0,0,0,0,0,0,0,0,0,0,0,0,0,0,0,0,0,0,0,0,0,0,0,0,0,0,0,0,0,0,0,0,0,0,0,0,0,0,0,0,0,0,0,0,0,0.0199377906093563,0,0,0,0,0,0,0,0,0,0
0,0,0,0,0,0,0,0,0,0,0,0,0,0,0,0,0,0,0,0,0,0,0,0,0,0,0,0,0,0,0,0,0,0,0,0,0,0,0,0,0,0,0,0,0,0,0,0,0,0,0.00373105064521485,0,0,0,0,0,0,0,0,0
0,0,0,0,0,0,0,0,0,0,0,0,0,0,0,0,0,0,0,0,0,0,0,0,0,0,0,0,0,0,0,0,0,0,0,0,0,0,0,0,0,0,0,0,0,0,0,0,0,0,0,0.0193134905758685,0,0,0,0,0,0,0,0
0,0,0,0,0,0,0,0,0,0,0,0,0,0,0,0,0,0,0,0,0,0,0,0,0,0,0,0,0,0,0,0,0,0,0,0,0,0,0,0,0,0,0,0,0,0,0,0,0,0,0,0,0.0301962473080454,0,0,0,0,0,0,0
0,0,0,246.952643018437,0,0,0,0,-516.951964244964,0,606.959381328266,0,0,-447.06440622616,0,0,0,0,0,0,-2166.44354725068,0,0,0,0,0,0,1097.50788368357,0,0,0,0,0,0,0,0,0,-669.657992628769,0,0,0,0,0,208.860675946099,0,-169.179253103898,0,0,-91.1652291765927,0,0,0,0,6385.82394049527,0,0,0,0,242.783851520452,390.18957242848
0,0,0,0,0,0,0,0,0,0,0,0,0,0,0,0,0,0,0,0,0,0,0,0,0,0,0,0,0,0,0,0,0,0,0,0,0,0,0,0,0,0,0,0,0,0,0,0,0,0,0,0,0,0,0.0269985093805562,0,0,0,0,0
0,0,0,0,0,0,0,0,0,0,0,0,0,0,0,0,0,0,0,0,0,0,0,0,0,0,0,0,0,0,0,0,0,0,0,0,0,0,0,0,0,0,0,0,0,0,0,0,0,0,0,0,0,0,0,0.0202953535802119,0,0,0,0
0,0,0,0,0,0,0,0,0,0,0,0,0,0,0,0,0,0,0,0,0,0,0,0,0,0,0,0,0,0,0,0,0,0,0,0,0,0,0,0,0,0,0,0,0,0,0,0,0,0,0,0,0,0,0,0,0.0200630326271071,0,0,0
0,0,0,0,0,0,0,0,0,0,0,0,0,0,0,0,0,0,0,0,0,0,0,0,0,0,0,0,0,0,0,0,0,0,0,0,0,0,0,0,0,0,0,0,0,0,0,0,0,0,0,0,0,0,0,0,0,0.0145919302807,0,0
0,0,0,-61.7747435252811,0,0,0,0,216.435415706279,0,-222.272151761647,0,0,-675.906473493685,0,0,0,0,0,0,-57.8725539736384,0,0,0,0,0,0,-1005.40377480924,0,0,0,0,0,0,0,0,0,536.199098575201,0,0,0,0,0,406.930576108918,0,-102.070323284132,0,0,1486.80760904412,0,0,0,0,242.783851520452,0,0,0,0,6376.84723519627,-70.246295582985
0,0,0,-80.1069967970894,0,0,0,0,472.077990865409,0,308.002847563598,0,0,-227.375003488586,0,0,0,0,0,0,-495.487570533924,0,0,0,0,0,0,557.048319988292,0,0,0,0,0,0,0,0,0,547.153007514146,0,0,0,0,0,-102.077672615591,0,-85.8763926700986,0,0,-45.9432191604901,0,0,0,0,390.18957242848,0,0,0,0,-70.246295582985,1640.28790624825
