74.1238958145896
65.8270489525861
64.0580306093537
0.111089348484848
85.5744463399657
85.1630115117278
0.2821608
87.7948720985043
70.7996672283008
0.23858234375
127.193191371748
0.395052583333333
0.320495833333333
0.339832483870968
113.497948062074
0.395958545454546
179.403613827853
0.448130789473684
124.898030961127
183.10496259111
0.565841333333333
152.819821649785
166.996032744178
0.63457405
157.820237009019
0.71666076744186
126.085083153772
0.731268333333333
0.674435411764706
0.532186315789474
142.167312050964
0.425127135135135
0.320631578125
0.346667305555555
0.3252405
126.544684877146
0.32068941025641
0.284153388888889
0.290911382352941
127.397800293019
135.139110762958
0.319938529411765
85.0502506947504
87.4887516881421
0.270890666666667
0.19406775
72.9292618160411
0.294100483870968
0.265248702702703
103.167929944779
65.0489316740066
74.3456055205554
0.238625870967742
0.2817065
0.16241478125
57.8594021509971
0.188344810810811
0.123930763157895
0.217019074074074
41.7205979245522
