0.666666666666667,0.675925925925926,NaN,NaN,NaN,0.305151915455746,NaN,NaN
NaN,0.583333333333333,NaN,0.2644128113879,NaN,NaN,0.2,NaN
0.325757575757576,NaN,NaN,0.0741992882562278,0.0506243671954101,NaN,NaN,0.192307692307692
NaN,NaN,NaN,NaN,NaN,0.108322324966975,0.0975,0.115384615384615
NaN,NaN,0.161434977578475,NaN,NaN,0.559445178335535,NaN,NaN
NaN,NaN,0.147982062780269,NaN,NaN,NaN,NaN,0.307692307692308
NaN,NaN,0.147982062780269,NaN,0.51974350320621,NaN,NaN,0.269230769230769
NaN,0.740740740740741,NaN,0.552135231316726,NaN,0.457067371202114,NaN,NaN
NaN,0.509259259259259,NaN,NaN,0.123523455956801,0.183619550858653,NaN,0.423076923076923
0.484848484848485,0.472222222222222,NaN,NaN,NaN,NaN,NaN,NaN
NaN,NaN,0.0807174887892377,0.114590747330961,NaN,NaN,NaN,NaN
0.734848484848485,0.703703703703704,0.147982062780269,NaN,0.436382045224435,NaN,0.3,0.230769230769231
0.674242424242424,NaN,NaN,0.355338078291815,NaN,0.245046235138705,NaN,NaN
NaN,NaN,NaN,0.229359430604982,NaN,NaN,NaN,0.615384615384615
0.537878787878788,0.537037037037037,NaN,0.284341637010676,NaN,0.255614266842801,0.19,0.269230769230769
0.621212121212121,NaN,0.121076233183857,NaN,0.297671279109011,0.307133421400264,0.2435,NaN
0.742424242424243,0.722222222222222,0.147982062780269,NaN,NaN,0.316380449141347,0.434,NaN
0.833333333333333,0.851851851851852,0.152466367713004,NaN,0.499831252109349,0.488110964332893,NaN,NaN
NaN,NaN,NaN,NaN,0.112048599392508,0.177675033025099,0.19,0.461538461538462
0.606060606060606,0.537037037037037,NaN,NaN,NaN,0.205416116248349,NaN,NaN
NaN,NaN,NaN,NaN,NaN,0.26552179656539,NaN,NaN
NaN,NaN,0.116591928251121,0.220284697508897,0.130273371582855,0.210700132100396,NaN,NaN
NaN,NaN,0.15695067264574,0.525444839857651,NaN,0.511889035667107,0.415,NaN
0.75,NaN,0.134529147982063,0.40729537366548,0.318596017549781,0.357992073976222,0.344,0.307692307692308
NaN,0.814814814814815,0.170403587443946,NaN,NaN,NaN,NaN,0.269230769230769
0.636363636363636,0.62962962962963,0.152466367713004,NaN,0.226459669254134,NaN,NaN,NaN
NaN,0.444444444444444,0.0941704035874439,0.156583629893238,0.126898413769828,0.134081902245707,0.1325,0.153846153846154
0.446969696969697,0.444444444444444,NaN,0.158185053380783,0.113061086736416,0.142668428005284,NaN,0.192307692307692
NaN,0.453703703703704,NaN,NaN,0.135335808302396,NaN,0.169,0.269230769230769
0.878787878787879,0.888888888888889,0.188340807174888,0.619395017793594,0.425582180222747,0.445838837516513,NaN,0.692307692307692
NaN,0.62962962962963,NaN,0.287722419928826,0.229497131285859,0.229194187582563,0.258,0.269230769230769
NaN,0.444444444444444,0.112107623318386,0.204626334519573,NaN,NaN,0.185,0.423076923076923
NaN,NaN,NaN,0.12491103202847,0.0799865001687479,NaN,0.112,NaN
NaN,NaN,NaN,NaN,0.204522443469457,0.247688243064729,0.245,0.384615384615385
NaN,0.638888888888889,NaN,NaN,0.330070874114074,NaN,0.31,0.230769230769231
0.666666666666667,0.62962962962963,NaN,0.29270462633452,NaN,NaN,NaN,0.269230769230769
NaN,NaN,0.125560538116592,NaN,NaN,NaN,0.3125,NaN
0.598484848484849,0.592592592592593,0.112107623318386,NaN,0.248734390820115,0.284015852047556,NaN,0.192307692307692
NaN,0.509259259259259,NaN,NaN,NaN,0.165785997357992,0.17,NaN
0.704545454545455,0.694444444444444,0.143497757847534,0.427046263345196,NaN,0.330250990752972,NaN,NaN
0.712121212121212,NaN,NaN,0.48220640569395,0.430982112723591,0.396301188903567,0.3655,0.346153846153846
NaN,NaN,NaN,NaN,NaN,0.462351387054161,NaN,0.230769230769231
NaN,NaN,NaN,0.423665480427046,0.387782652716841,NaN,NaN,0.269230769230769
NaN,NaN,0.170403587443946,0.556939501779359,NaN,0.375165125495376,NaN,0.269230769230769
NaN,NaN,NaN,NaN,NaN,0.142668428005284,NaN,NaN
0.643939393939394,0.638888888888889,0.125560538116592,NaN,0.208234897063787,NaN,0.315,0.576923076923077
0.757575757575758,0.759259259259259,NaN,0.525444839857651,0.480593992575093,0.471598414795244,NaN,NaN
0.606060606060606,NaN,0.112107623318386,0.304270462633452,0.27033412082349,0.202113606340819,NaN,0.230769230769231
0.477272727272727,0.490740740740741,0.0941704035874439,NaN,0.1481606479919,0.157199471598415,0.19,0.346153846153846
0.75,NaN,NaN,0.47491103202847,0.383732703341208,NaN,0.3835,NaN
0.477272727272727,NaN,NaN,NaN,NaN,NaN,0.145,0.230769230769231
NaN,0.583333333333333,0.116591928251121,0.243594306049822,0.135335808302396,NaN,0.235,NaN
NaN,NaN,0.121076233183857,NaN,0.255484306446169,NaN,0.345,NaN
NaN,NaN,0.134529147982063,0.324377224199288,NaN,NaN,0.31,NaN
NaN,NaN,0.112107623318386,0.305871886120996,NaN,NaN,NaN,0.346153846153846
NaN,0.648148148148148,0.130044843049327,0.322241992882562,NaN,0.263540290620872,0.2825,NaN
NaN,NaN,0.10762331838565,NaN,NaN,NaN,0.269,NaN
0.643939393939394,0.648148148148148,NaN,NaN,NaN,NaN,0.32,NaN
0.598484848484849,0.555555555555555,NaN,NaN,NaN,0.275429326287979,NaN,0.230769230769231
0.613636363636364,NaN,0.197309417040359,NaN,0.220047249409382,0.203434610303831,0.3,0.346153846153846
0.863636363636364,0.87037037037037,NaN,NaN,0.538643266959163,0.470937912813738,NaN,0.230769230769231
0.643939393939394,NaN,NaN,0.354982206405694,0.252109348633142,0.281373844121532,0.355,NaN
0.78030303030303,0.740740740740741,0.143497757847534,NaN,0.435032062099224,NaN,NaN,0.269230769230769
NaN,0.722222222222222,NaN,NaN,0.307121160985488,NaN,0.3,NaN
NaN,NaN,NaN,NaN,NaN,0.071994715984148,NaN,NaN
0.765151515151515,NaN,NaN,0.620996441281139,NaN,0.427344782034346,0.495,NaN
NaN,0.518518518518518,NaN,0.227758007117438,NaN,NaN,0.185,0.307692307692308
0.712121212121212,NaN,0.10762331838565,NaN,0.4073574080324,NaN,0.3555,0.423076923076923
0.515151515151515,NaN,NaN,0.191281138790036,NaN,NaN,0.162,0.192307692307692
NaN,NaN,NaN,NaN,0.282821464731691,0.256935270805812,NaN,NaN
0.553030303030303,0.490740740740741,NaN,0.18576512455516,NaN,0.150594451783355,0.165,0.192307692307692
NaN,0.685185185185185,0.121076233183857,NaN,0.331758353020587,NaN,0.325,NaN
NaN,0.731481481481481,NaN,NaN,0.413094836314546,NaN,0.3265,0.230769230769231
0.681818181818182,0.638888888888889,0.116591928251121,0.301245551601424,NaN,NaN,NaN,NaN
NaN,0.916666666666667,0.143497757847534,NaN,NaN,0.690885072655218,NaN,0.307692307692308
NaN,0.453703703703704,0.121076233183857,NaN,0.117786027674654,NaN,0.15,0.307692307692308
NaN,NaN,NaN,NaN,0.156598042524468,NaN,NaN,NaN
0.742424242424243,NaN,NaN,NaN,0.385420182247722,0.461030383091149,0.312,0.230769230769231
0.606060606060606,0.601851851851852,NaN,NaN,NaN,NaN,NaN,NaN
0.818181818181818,0.833333333333333,0.152466367713004,NaN,0.592980087748903,0.486789960369881,0.4325,0.269230769230769
NaN,NaN,0.0941704035874439,NaN,0.0789740128248397,0.11558784676354,0.09,0.153846153846154
NaN,0.842592592592592,0.179372197309417,0.667437722419929,0.466419169760378,NaN,NaN,NaN
NaN,NaN,0.130044843049327,NaN,NaN,0.311756935270806,NaN,NaN
NaN,0.574074074074074,NaN,NaN,NaN,0.313738441215324,0.24,NaN
0.560606060606061,0.537037037037037,0.112107623318386,0.255160142348755,0.221059736753291,NaN,0.165,NaN
0.712121212121212,0.675925925925926,0.143497757847534,NaN,NaN,0.369881109643329,0.332,NaN
NaN,0.666666666666667,0.125560538116592,0.42153024911032,NaN,NaN,0.287,0.192307692307692
NaN,0.768518518518518,0.165919282511211,NaN,0.414444819439757,0.388375165125495,0.652,0.307692307692308
NaN,NaN,0.0941704035874439,NaN,0.214647316908539,NaN,0.122,NaN
0.734848484848485,NaN,0.139013452914798,NaN,NaN,NaN,NaN,NaN
0.681818181818182,NaN,NaN,NaN,NaN,0.354689564068692,0.33,0.384615384615385
NaN,NaN,0.143497757847534,0.374555160142349,0.282483968950388,0.264200792602378,NaN,0.384615384615385
NaN,0.62962962962963,0.130044843049327,0.349644128113879,NaN,NaN,NaN,NaN
NaN,NaN,0.152466367713004,0.31797153024911,0.227809652379345,NaN,0.25,NaN
NaN,NaN,0.121076233183857,0.209786476868327,0.141073236584543,NaN,0.175,NaN
0.257575757575758,NaN,NaN,NaN,0.0276746540668242,NaN,0.055,NaN
0.553030303030303,0.546296296296296,NaN,0.217615658362989,0.174147823152211,NaN,0.176,0.307692307692308
NaN,NaN,NaN,NaN,NaN,0.137384412153236,NaN,0.230769230769231
0.583333333333333,NaN,NaN,0.238434163701068,0.193385082686466,0.211360634081902,NaN,NaN
NaN,0.638888888888889,NaN,0.335409252669039,0.195410057374283,NaN,0.385,NaN
NaN,0.305555555555556,0.0448430493273543,0.0674377224199288,NaN,NaN,NaN,0.269230769230769
NaN,NaN,NaN,0.537010676156584,0.436382045224435,0.519154557463672,0.405,0.307692307692308
0.833333333333333,0.824074074074074,0.179372197309417,0.756405693950178,0.701991225109686,NaN,0.523,0.307692307692308
NaN,NaN,0.147982062780269,0.650889679715303,NaN,0.610964332892999,0.336,NaN
NaN,0.666666666666667,NaN,0.451067615658363,NaN,0.322985468956407,0.44,0.423076923076923
0.651515151515151,NaN,0.0941704035874439,NaN,NaN,NaN,0.275,NaN
0.613636363636364,0.574074074074074,NaN,0.586832740213523,0.519068511643604,NaN,0.4475,NaN
NaN,0.490740740740741,0.0852017937219731,0.210320284697509,NaN,0.169088507265522,0.145,NaN
0.560606060606061,NaN,0.130044843049327,0.276334519572954,0.208909888626392,NaN,0.275,NaN
NaN,0.694444444444444,NaN,NaN,NaN,NaN,NaN,NaN
0.681818181818182,NaN,0.112107623318386,0.343950177935943,0.285521430982113,0.271466314398943,NaN,NaN
0.712121212121212,NaN,0.152466367713004,0.410498220640569,NaN,0.330911492734478,0.339,0.307692307692308
NaN,NaN,0.0538116591928251,0.0281138790035587,0.0256496793790078,NaN,0.025,0.115384615384615
0.734848484848485,0.722222222222222,0.121076233183857,NaN,0.246034424569693,NaN,0.355,NaN
0.583333333333333,NaN,NaN,NaN,0.23084711441107,0.233157199471598,NaN,NaN
0.606060606060606,0.611111111111111,NaN,0.383096085409253,0.276409044886939,0.276089828269485,0.4355,0.461538461538462
NaN,0.703703703703704,0.134529147982063,NaN,0.326020924738441,0.341479524438573,NaN,0.307692307692308
NaN,NaN,0.125560538116592,NaN,0.283833952075599,NaN,NaN,NaN
NaN,0.814814814814815,NaN,0.625266903914591,NaN,0.507265521796565,0.485,NaN
NaN,NaN,NaN,0.220818505338078,NaN,0.187582562747688,0.185,0.269230769230769
0.492424242424242,NaN,NaN,NaN,0.20620992237597,NaN,0.135,NaN
NaN,0.611111111111111,NaN,NaN,0.253796827539656,0.244385733157199,0.295,0.307692307692308
0.704545454545455,NaN,0.134529147982063,NaN,0.320283496456294,NaN,NaN,0.269230769230769
NaN,0.509259259259259,0.0762331838565023,0.176512455516014,0.161660479244009,0.128797886393659,0.1405,0.192307692307692
0.575757575757576,NaN,0.116591928251121,NaN,0.224772190347621,0.260898282694848,0.195,NaN
NaN,NaN,NaN,NaN,0.242659466756666,NaN,NaN,NaN
NaN,0.453703703703704,NaN,NaN,0.0985487681403982,0.149933949801849,NaN,NaN
0.901515151515152,0.925925925925926,NaN,NaN,0.827202159973,0.681638044914135,NaN,0.423076923076923
0.666666666666667,NaN,NaN,NaN,NaN,0.261558784676354,NaN,0.269230769230769
0.742424242424243,0.694444444444444,0.125560538116592,0.524377224199288,NaN,0.408190224570674,NaN,0.576923076923077
NaN,NaN,NaN,0.305338078291815,0.279446506918664,NaN,NaN,NaN
0.757575757575758,NaN,0.125560538116592,0.460320284697509,0.349308133648329,0.453104359313078,NaN,0.307692307692308
0.287878787878788,NaN,0.0672645739910314,0.0667259786476868,0.0482618967262909,0.0739762219286658,NaN,0.115384615384615
0.257575757575758,NaN,0.062780269058296,NaN,NaN,0.0462351387054161,NaN,NaN
0.621212121212121,0.564814814814815,0.0986547085201794,NaN,NaN,NaN,NaN,0.153846153846154
0.613636363636364,NaN,0.125560538116592,NaN,0.222409719878502,0.229194187582563,NaN,0.192307692307692
NaN,NaN,0.10762331838565,NaN,0.194735065811677,NaN,0.23,0.230769230769231
0.484848484848485,0.490740740740741,NaN,0.17864768683274,0.135673304083699,0.149933949801849,NaN,NaN
NaN,0.759259259259259,0.143497757847534,0.454270462633452,NaN,NaN,NaN,0.307692307692308
0.856060606060606,0.805555555555556,0.152466367713004,0.606049822064057,NaN,0.525759577278732,NaN,0.307692307692308
0.772727272727273,NaN,0.130044843049327,0.453202846975089,NaN,NaN,NaN,NaN
NaN,0.657407407407407,NaN,0.447864768683274,NaN,NaN,0.315,NaN
NaN,0.5,NaN,NaN,NaN,0.21664464993395,0.18,NaN
0.909090909090909,0.87037037037037,NaN,0.708540925266904,0.5555180560243,NaN,NaN,0.269230769230769
NaN,NaN,NaN,0.397153024911032,NaN,NaN,0.3,NaN
NaN,NaN,NaN,NaN,NaN,0.386393659180978,NaN,NaN
0.681818181818182,0.675925925925926,NaN,NaN,NaN,NaN,0.269,NaN
0.545454545454546,0.527777777777778,NaN,NaN,0.314208572392845,0.325627476882431,0.247,0.192307692307692
NaN,0.740740740740741,NaN,0.518683274021352,NaN,0.395640686922061,0.4195,NaN
NaN,0.638888888888889,NaN,NaN,NaN,0.271466314398943,NaN,0.307692307692308
0.734848484848485,0.777777777777778,NaN,NaN,0.31724603442457,0.392338177014531,0.345,0.307692307692308
0.712121212121212,NaN,0.179372197309417,NaN,NaN,0.375165125495376,NaN,0.730769230769231
NaN,NaN,0.125560538116592,NaN,NaN,0.299867899603699,0.28,NaN
0.765151515151515,NaN,0.139013452914798,NaN,NaN,NaN,0.3525,0.269230769230769
0.477272727272727,0.5,0.116591928251121,0.203202846975089,0.156598042524468,0.186261558784676,0.18,NaN
0.348484848484849,0.361111111111111,0.0986547085201794,0.106227758007117,NaN,NaN,0.075,0.269230769230769
NaN,0.361111111111111,0.062780269058296,NaN,0.0728990887613905,0.0746367239101717,0.08,0.192307692307692
0.674242424242424,NaN,0.121076233183857,NaN,NaN,NaN,0.27,NaN
0.492424242424242,NaN,0.103139013452915,0.203914590747331,NaN,NaN,0.1545,0.461538461538462
0.621212121212121,NaN,NaN,0.354982206405694,NaN,NaN,0.345,NaN
0.598484848484849,0.601851851851852,NaN,NaN,0.217009787377658,0.249009247027741,NaN,NaN
NaN,NaN,NaN,0.345729537366548,0.289571380357746,0.270145310435931,NaN,0.307692307692308
0.772727272727273,NaN,NaN,NaN,NaN,0.334874504623514,NaN,NaN
NaN,0.62962962962963,0.121076233183857,0.342526690391459,0.222747215659804,NaN,0.295,NaN
0.765151515151515,NaN,NaN,0.557829181494662,0.494768815389808,0.459048877146631,0.4,0.269230769230769
0.333333333333333,0.333333333333333,0.0762331838565023,NaN,0.0749240634492069,0.0706737120211361,0.08,0.230769230769231
0.674242424242424,0.675925925925926,0.139013452914798,NaN,NaN,NaN,NaN,0.269230769230769
0.810606060606061,0.777777777777778,0.174887892376682,0.557829181494662,NaN,NaN,0.3815,0.346153846153846
NaN,NaN,0.10762331838565,NaN,NaN,0.272126816380449,NaN,0.230769230769231
0.446969696969697,NaN,NaN,0.150355871886121,0.117448531893351,NaN,NaN,NaN
NaN,0.685185185185185,NaN,0.401423487544484,0.327370907863652,NaN,0.348,0.230769230769231
0.659090909090909,0.62037037037037,NaN,NaN,NaN,NaN,NaN,NaN
NaN,NaN,0.130044843049327,NaN,0.259534255821802,NaN,0.35,NaN
0.287878787878788,0.268518518518519,NaN,NaN,NaN,0.0634081902245707,0.055,NaN
0.742424242424243,NaN,NaN,NaN,NaN,0.36327608982827,NaN,NaN
0.787878787878788,NaN,NaN,0.559252669039146,NaN,NaN,0.39,0.384615384615385
NaN,0.87037037037037,NaN,0.841814946619217,0.546068174147823,0.616248348745046,0.483,NaN
0.553030303030303,NaN,NaN,0.270640569395018,0.211609854876814,NaN,0.215,0.192307692307692
NaN,NaN,NaN,NaN,0.294971312858589,NaN,0.36,NaN
NaN,0.648148148148148,0.125560538116592,NaN,0.448869389132636,0.35667107001321,NaN,NaN
0.848484848484849,NaN,0.147982062780269,0.613879003558719,0.583530205872427,NaN,NaN,0.269230769230769
0.234848484848485,0.212962962962963,NaN,NaN,0.0263246709416132,0.0402906208718626,0.039,NaN
0.742424242424243,0.722222222222222,0.143497757847534,NaN,NaN,0.492073976221929,NaN,NaN
NaN,NaN,NaN,NaN,0.413769827877152,NaN,0.3235,0.307692307692308
0.348484848484849,0.361111111111111,NaN,NaN,0.0877489031387108,0.0944517833553501,NaN,0.153846153846154
0.613636363636364,0.62962962962963,NaN,NaN,NaN,0.231175693527081,NaN,NaN
0.772727272727273,0.796296296296296,NaN,0.622241992882562,NaN,NaN,NaN,0.307692307692308
NaN,0.388888888888889,0.0941704035874439,0.129181494661922,NaN,NaN,0.12,NaN
NaN,NaN,0.147982062780269,0.175978647686833,NaN,NaN,0.1575,NaN
0.818181818181818,0.814814814814815,0.130044843049327,0.576868327402135,NaN,0.392998678996037,NaN,0.384615384615385
NaN,NaN,0.134529147982063,0.382918149466192,0.261221734728316,NaN,NaN,0.576923076923077
0.901515151515152,NaN,NaN,0.784697508896797,0.726628417144786,NaN,0.625,NaN
NaN,0.675925925925926,NaN,NaN,NaN,0.307133421400264,NaN,0.269230769230769
0.454545454545455,0.472222222222222,0.0717488789237668,NaN,0.147148160647992,NaN,NaN,NaN
NaN,0.731481481481481,0.125560538116592,NaN,0.396557543030712,0.410832232496697,0.34,0.307692307692308
0.522727272727273,0.518518518518518,0.103139013452915,NaN,0.181235234559568,0.217965653896962,NaN,NaN
NaN,0.731481481481481,NaN,NaN,0.340195747553156,NaN,0.385,NaN
NaN,NaN,0.0582959641255605,0.0300711743772242,0.021599730003375,NaN,NaN,NaN
0.371212121212121,NaN,0.130044843049327,0.125444839857651,0.11238609517381,0.0891677675033025,0.1,0.153846153846154
NaN,0.00925925925925927,NaN,0.00302491103202847,0.00168747890651367,NaN,0.0025,0.0769230769230769
NaN,0.62962962962963,0.130044843049327,NaN,NaN,0.406869220607662,0.295,NaN
0.560606060606061,0.546296296296296,0.0896860986547085,0.250711743772242,NaN,0.249009247027741,NaN,0.423076923076923
0.553030303030303,0.537037037037037,0.0986547085201794,0.238790035587189,0.194735065811677,0.222589167767503,0.18,NaN
NaN,NaN,NaN,NaN,0.173810327370908,0.217965653896962,NaN,NaN
0.590909090909091,0.601851851851852,NaN,NaN,0.244346945663179,NaN,0.34,NaN
NaN,0.694444444444444,NaN,NaN,0.344920688491394,0.402906208718626,0.365,NaN
NaN,NaN,NaN,NaN,0.31724603442457,NaN,0.37,NaN
NaN,NaN,NaN,0.394661921708185,0.327708403644954,0.289299867899604,NaN,0.307692307692308
NaN,0.666666666666667,0.116591928251121,0.629893238434164,NaN,NaN,NaN,0.384615384615385
NaN,0.185185185185185,0.0538116591928251,NaN,0.0327370907863652,NaN,NaN,NaN
NaN,0.490740740740741,NaN,0.216725978647687,0.185960175497806,0.184940554821664,NaN,NaN
NaN,NaN,NaN,NaN,0.0951738103273709,0.0878467635402906,NaN,NaN
0.446969696969697,NaN,0.116591928251121,NaN,NaN,0.158520475561427,0.17,NaN
NaN,0.527777777777778,0.10762331838565,0.178113879003559,0.131623354708066,0.170409511228534,NaN,0.230769230769231
NaN,NaN,0.121076233183857,0.322597864768683,0.240634492068849,0.252311756935271,0.3,NaN
NaN,0.712962962962963,0.143497757847534,NaN,NaN,0.336856010568032,0.365,0.307692307692308
0.757575757575758,NaN,0.139013452914798,0.401779359430605,NaN,NaN,0.343,NaN
0.825757575757576,NaN,NaN,NaN,0.420857239284509,NaN,NaN,0.615384615384615
0.568181818181818,0.546296296296296,0.121076233183857,0.31085409252669,0.269321633479582,0.296565389696169,0.21,0.192307692307692
0.272727272727273,NaN,0.0538116591928251,0.0727758007117438,0.0533243334458319,NaN,NaN,0.115384615384615
0.787878787878788,NaN,0.130044843049327,NaN,0.395207559905501,0.415455746367239,0.415,NaN
NaN,0.805555555555556,0.143497757847534,NaN,NaN,0.507265521796565,NaN,NaN
NaN,NaN,NaN,0.351423487544484,0.30982112723591,0.285997357992074,0.275,NaN
NaN,0.481481481481481,0.0807174887892377,NaN,NaN,NaN,0.143,NaN
0.689393939393939,0.675925925925926,0.143497757847534,0.358896797153025,0.271684103948701,NaN,NaN,0.230769230769231
0.492424242424242,0.481481481481481,NaN,NaN,NaN,NaN,NaN,0.153846153846154
0.643939393939394,NaN,0.139013452914798,0.521174377224199,0.436719541005737,0.424042272126816,NaN,NaN
NaN,0.666666666666667,NaN,NaN,0.37529530880864,0.398282694848085,NaN,NaN
0.757575757575758,NaN,0.143497757847534,0.444128113879004,NaN,0.344121532364597,NaN,0.461538461538462
NaN,0.527777777777778,0.103139013452915,NaN,NaN,0.184280052840158,0.22,NaN
0.696969696969697,NaN,NaN,0.399288256227758,NaN,NaN,NaN,0.653846153846154
0.598484848484849,0.574074074074074,NaN,0.47153024911032,0.422544718191023,NaN,NaN,0.269230769230769
NaN,0.675925925925926,NaN,NaN,0.364832939588255,0.301188903566711,NaN,NaN
NaN,NaN,NaN,0.0944839857651246,0.0661491731353358,0.0772787318361955,0.085,NaN
0.727272727272727,0.759259259259259,0.134529147982063,0.47153024911032,NaN,0.387054161162483,NaN,0.307692307692308
0.189393939393939,0.185185185185185,0.0448430493273543,NaN,NaN,0.0224570673712021,NaN,NaN
NaN,NaN,0.15695067264574,0.516548042704626,NaN,NaN,NaN,0.461538461538462
NaN,NaN,0.125560538116592,NaN,NaN,0.351387054161163,0.335,0.230769230769231
0.628787878787879,NaN,0.116591928251121,NaN,0.26054674316571,0.307133421400264,NaN,0.269230769230769
0.659090909090909,NaN,NaN,0.386654804270463,0.302733715828552,0.267503302509908,0.325,NaN
NaN,0.601851851851852,NaN,NaN,0.323658454269322,0.303830911492735,NaN,0.192307692307692
0.484848484848485,NaN,0.121076233183857,NaN,0.127573405332433,NaN,0.1895,NaN
0.651515151515151,0.648148148148148,NaN,NaN,0.388795140060749,NaN,0.269,NaN
NaN,NaN,0.112107623318386,0.293238434163701,0.235909551130611,NaN,0.2335,0.307692307692308
NaN,0.731481481481481,NaN,NaN,0.402969962875464,0.342140026420079,NaN,0.269230769230769
NaN,0.657407407407407,NaN,NaN,NaN,NaN,NaN,0.269230769230769
NaN,NaN,NaN,0.358540925266904,0.326695916301046,NaN,0.2985,0.346153846153846
0.742424242424243,0.740740740740741,0.134529147982063,0.493772241992883,0.384070199122511,0.328269484808454,NaN,0.307692307692308
NaN,0.768518518518518,NaN,NaN,NaN,0.383751651254954,0.36,0.384615384615385
NaN,0.777777777777778,0.134529147982063,NaN,0.389132635842052,NaN,0.395,NaN
NaN,0.712962962962963,NaN,NaN,0.331083361457982,NaN,NaN,NaN
0.886363636363636,0.842592592592592,0.170403587443946,0.748576512455516,0.647316908538643,0.680977542932629,0.477,NaN
NaN,NaN,NaN,0.543060498220641,0.399595005062437,0.334874504623514,0.49,0.461538461538462
NaN,0.814814814814815,NaN,0.76779359430605,0.760377995275059,0.612285336856011,0.491,0.269230769230769
NaN,NaN,NaN,NaN,NaN,0.33553500660502,0.295,0.230769230769231
NaN,NaN,0.130044843049327,0.294839857651246,NaN,NaN,NaN,0.230769230769231
0.871212121212121,NaN,0.174887892376682,NaN,NaN,0.536327608982827,NaN,NaN
NaN,NaN,0.121076233183857,0.351601423487545,NaN,0.274108322324967,0.2465,0.307692307692308
NaN,0.842592592592592,0.174887892376682,0.75693950177936,0.690853864326696,0.639365918097754,0.498,0.423076923076923
NaN,0.277777777777778,NaN,0.0638790035587189,0.0458994262571718,NaN,0.0605,NaN
NaN,0.666666666666667,NaN,0.354092526690391,NaN,NaN,NaN,NaN
NaN,NaN,NaN,NaN,0.140060749240634,NaN,0.14,0.192307692307692
NaN,0.675925925925926,NaN,NaN,0.240296996287546,NaN,NaN,NaN
0.613636363636364,NaN,0.152466367713004,0.375266903914591,0.252446844414445,0.227212681638045,0.405,0.615384615384615
0.53030303030303,NaN,NaN,0.201957295373665,0.161660479244009,NaN,NaN,NaN
0.742424242424243,NaN,NaN,0.525978647686833,0.350995612554843,0.363936591809775,0.45,0.461538461538462
NaN,0.740740740740741,0.179372197309417,0.629181494661922,NaN,0.536988110964333,NaN,NaN
NaN,0.611111111111111,0.134529147982063,0.259252669039146,NaN,0.26552179656539,0.245,0.461538461538462
0.712121212121212,NaN,0.152466367713004,NaN,NaN,0.379128137384412,0.281,NaN
NaN,0.666666666666667,NaN,NaN,NaN,0.336856010568032,NaN,NaN
0.674242424242424,0.675925925925926,NaN,NaN,NaN,NaN,NaN,0.307692307692308
0.681818181818182,0.657407407407407,NaN,0.385943060498221,NaN,0.348084544253633,NaN,NaN
NaN,0.685185185185185,NaN,0.364768683274021,NaN,0.28996036988111,NaN,0.230769230769231
NaN,0.314814814814815,NaN,NaN,NaN,0.0779392338177014,NaN,NaN
NaN,NaN,NaN,NaN,0.353358083023962,NaN,NaN,NaN
NaN,0.444444444444444,0.0852017937219731,NaN,0.0921363482956463,0.128797886393659,0.12,NaN
NaN,NaN,0.134529147982063,NaN,0.424569692878839,NaN,0.31,0.230769230769231
NaN,0.259259259259259,NaN,0.0588967971530249,0.0465744178197772,0.0508586525759577,NaN,0.153846153846154
NaN,0.814814814814815,NaN,NaN,0.513331083361458,NaN,NaN,NaN
0.643939393939394,0.722222222222222,NaN,0.323665480427046,NaN,NaN,0.2955,0.269230769230769
NaN,NaN,0.147982062780269,0.542348754448399,0.405669929125886,NaN,NaN,0.384615384615385
0.757575757575758,0.805555555555556,NaN,NaN,NaN,NaN,NaN,NaN
0.704545454545455,NaN,NaN,NaN,NaN,0.299867899603699,0.385,0.384615384615385
0.545454545454546,NaN,0.112107623318386,NaN,0.20620992237597,NaN,NaN,NaN
0.606060606060606,0.601851851851852,NaN,NaN,0.268309146135673,NaN,NaN,0.192307692307692
NaN,0.555555555555555,NaN,0.228291814946619,0.192035099561255,NaN,0.19,0.461538461538462
0.886363636363636,NaN,NaN,NaN,0.491056361795478,NaN,0.33,NaN
NaN,0.722222222222222,0.152466367713004,0.458362989323843,0.295646304421195,NaN,NaN,NaN
0.727272727272727,0.731481481481481,0.152466367713004,NaN,NaN,NaN,NaN,0.538461538461539
0.712121212121212,0.703703703703704,NaN,0.306405693950178,0.303408707391158,NaN,0.228,NaN
0.590909090909091,NaN,0.0941704035874439,0.274377224199288,NaN,NaN,NaN,0.153846153846154
0.431818181818182,0.453703703703704,0.0896860986547085,NaN,0.102598717516031,NaN,0.126,0.307692307692308
NaN,0.731481481481481,NaN,NaN,NaN,NaN,0.355,0.384615384615385
0.712121212121212,NaN,0.116591928251121,0.321886120996441,NaN,0.225231175693527,0.275,0.269230769230769
0.803030303030303,0.759259259259259,0.121076233183857,NaN,0.480593992575093,0.383091149273448,NaN,0.307692307692308
NaN,NaN,0.121076233183857,NaN,0.168410394870064,NaN,0.255,NaN
0.75,0.842592592592592,0.165919282511211,0.586832740213523,NaN,NaN,0.425,NaN
0.515151515151515,0.509259259259259,NaN,NaN,NaN,NaN,NaN,NaN
NaN,NaN,0.10762331838565,0.289857651245552,0.260884238947013,0.225231175693527,NaN,NaN
0.575757575757576,NaN,NaN,NaN,0.2099223759703,0.223910171730515,0.285,NaN
0.742424242424243,0.731481481481481,NaN,0.504270462633452,0.457306783665204,0.402906208718626,0.331,NaN
0.431818181818182,0.453703703703704,0.0986547085201794,NaN,0.0847114411069862,NaN,0.185,0.230769230769231
0.590909090909091,NaN,0.143497757847534,0.297864768683274,0.229497131285859,NaN,0.29,0.384615384615385
NaN,0.490740740740741,NaN,0.208540925266904,0.182247721903476,0.188243064729194,0.13,0.192307692307692
0.659090909090909,0.62962962962963,0.130044843049327,NaN,NaN,0.202113606340819,0.31,NaN
NaN,NaN,NaN,NaN,NaN,NaN,0.41,NaN
0.772727272727273,NaN,0.152466367713004,NaN,NaN,0.395640686922061,0.4,0.384615384615385
NaN,NaN,NaN,NaN,0.444819439757003,NaN,NaN,0.307692307692308
0.636363636363636,0.592592592592593,0.125560538116592,NaN,0.23084711441107,0.250330250990753,0.215,0.230769230769231
NaN,NaN,0.165919282511211,NaN,NaN,NaN,NaN,NaN
0.659090909090909,NaN,NaN,0.32508896797153,0.252109348633142,0.313077939233818,NaN,NaN
NaN,0.787037037037037,0.15695067264574,NaN,NaN,NaN,NaN,0.538461538461539
NaN,0.185185185185185,0.0582959641255605,NaN,0.0232872089098886,NaN,0.0295,NaN
NaN,NaN,0.121076233183857,0.386476868327402,NaN,0.317040951122853,0.3,0.269230769230769
NaN,0.740740740740741,NaN,0.451779359430605,0.407019912251097,NaN,0.31,NaN
0.674242424242424,0.657407407407407,0.165919282511211,NaN,NaN,0.258256274768824,NaN,NaN
0.568181818181818,NaN,NaN,0.232740213523132,NaN,NaN,0.175,0.269230769230769
0.666666666666667,NaN,NaN,NaN,NaN,NaN,NaN,NaN
0.386363636363636,NaN,NaN,NaN,NaN,NaN,0.1,0.230769230769231
0.204545454545455,0.212962962962963,0.0582959641255605,NaN,0.031724603442457,0.0303830911492734,NaN,NaN
0.575757575757576,NaN,NaN,NaN,NaN,0.202774108322325,0.245,0.5
NaN,0.62037037037037,NaN,NaN,0.222409719878502,NaN,NaN,0.384615384615385
0.545454545454546,NaN,0.0941704035874439,0.224377224199288,0.191022612217347,0.181638044914135,NaN,NaN
0.227272727272727,NaN,NaN,0.05,NaN,0.0416116248348745,0.043,NaN
NaN,NaN,0.161434977578475,NaN,NaN,0.288639365918098,NaN,NaN
NaN,0.833333333333333,0.15695067264574,NaN,0.392507593655079,0.448480845442536,NaN,0.461538461538462
0.643939393939394,0.648148148148148,NaN,0.372775800711744,NaN,NaN,NaN,NaN
NaN,0.861111111111111,0.147982062780269,NaN,NaN,0.47225891677675,0.496,NaN
0.787878787878788,0.768518518518518,0.125560538116592,0.520640569395018,NaN,NaN,0.415,0.230769230769231
NaN,0.722222222222222,0.139013452914798,NaN,0.292946338170773,NaN,NaN,NaN
0.5,0.518518518518518,NaN,0.214056939501779,0.164360445494431,NaN,NaN,NaN
NaN,0.518518518518518,NaN,NaN,NaN,NaN,NaN,NaN
0.477272727272727,NaN,NaN,NaN,0.109348633142086,NaN,0.145,0.192307692307692
NaN,NaN,0.174887892376682,0.901245551601424,NaN,NaN,NaN,0.307692307692308
NaN,0.240740740740741,NaN,0.0585409252669039,0.0496118798515019,NaN,0.05,0.115384615384615
NaN,0.601851851851852,NaN,0.243238434163701,0.190010124873439,0.206737120211361,NaN,NaN
0.689393939393939,NaN,NaN,0.377580071174377,NaN,0.324966974900925,NaN,NaN
0.53030303030303,0.537037037037037,0.134529147982063,NaN,0.176172797840027,NaN,0.245,0.230769230769231
NaN,NaN,NaN,0.240747330960854,NaN,NaN,0.21,NaN
NaN,0.407407407407407,NaN,0.183985765124555,0.136348295646304,0.23447820343461,0.12,0.269230769230769
NaN,0.564814814814815,NaN,0.477758007117438,0.378332770840364,0.416116248348745,0.398,NaN
NaN,NaN,NaN,0.30729537366548,0.194735065811677,0.255614266842801,0.28,0.269230769230769
NaN,0.601851851851852,0.0852017937219731,0.281316725978648,NaN,0.264200792602378,0.21,0.230769230769231
0.621212121212121,0.601851851851852,NaN,NaN,0.217684778940263,0.175693527080581,0.385,NaN
0.871212121212121,NaN,0.147982062780269,NaN,NaN,0.255614266842801,NaN,NaN
0.659090909090909,NaN,NaN,0.346975088967972,0.301383732703341,NaN,NaN,0.192307692307692
0.689393939393939,NaN,NaN,NaN,NaN,0.315719947159841,NaN,NaN
0.537878787878788,NaN,NaN,NaN,0.121835977050287,0.194187582562748,0.19,NaN
0.727272727272727,0.722222222222222,0.147982062780269,NaN,NaN,NaN,NaN,0.576923076923077
0.878787878787879,0.888888888888889,0.170403587443946,0.737188612099644,NaN,NaN,NaN,0.346153846153846
NaN,NaN,0.0852017937219731,0.0765124555160143,NaN,NaN,0.07,0.269230769230769
0.825757575757576,NaN,0.165919282511211,NaN,NaN,0.400264200792602,0.4355,0.384615384615385
0.568181818181818,NaN,NaN,0.283274021352313,0.157610529868377,NaN,0.235,0.615384615384615
NaN,0.611111111111111,NaN,0.305871886120996,NaN,NaN,0.295,NaN
0.727272727272727,0.712962962962963,NaN,NaN,0.34694566317921,0.403566710700132,0.342,NaN
0.522727272727273,NaN,0.103139013452915,NaN,0.164697941275734,0.212021136063408,0.19,NaN
NaN,NaN,0.121076233183857,NaN,NaN,0.299867899603699,0.2285,NaN
NaN,NaN,NaN,0.556761565836299,0.429969625379683,0.599075297225892,NaN,NaN
0.78030303030303,0.768518518518518,NaN,0.499822064056939,NaN,0.482166446499339,0.3855,NaN
0.742424242424243,0.722222222222222,NaN,NaN,NaN,NaN,NaN,NaN
0.628787878787879,0.62962962962963,0.125560538116592,0.318327402135231,NaN,0.246367239101717,0.35,0.423076923076923
0.560606060606061,NaN,NaN,0.223843416370107,0.171110361120486,NaN,NaN,NaN
0.507575757575758,NaN,NaN,NaN,0.211609854876814,0.159841479524439,NaN,NaN
NaN,NaN,0.121076233183857,0.255516014234875,NaN,0.211360634081902,NaN,0.307692307692308
0.446969696969697,0.444444444444444,0.103139013452915,0.160142348754448,0.135673304083699,0.134081902245707,0.13,NaN
0.454545454545455,NaN,0.0852017937219731,0.150533807829181,NaN,NaN,0.12,NaN
NaN,0.398148148148148,NaN,NaN,NaN,0.136723910171731,0.105,NaN
NaN,NaN,NaN,0.50711743772242,NaN,NaN,0.42,0.230769230769231
NaN,0.509259259259259,0.112107623318386,NaN,NaN,0.264861294583884,NaN,NaN
0.674242424242424,0.657407407407407,0.125560538116592,NaN,0.316571042861964,0.326287978863937,0.275,0.307692307692308
NaN,0.657407407407407,0.130044843049327,0.361565836298932,0.287208909888626,NaN,NaN,NaN
0.424242424242424,NaN,0.0852017937219731,0.129715302491103,0.110023624704691,0.109643328929987,0.105,0.230769230769231
0.696969696969697,0.685185185185185,NaN,NaN,NaN,NaN,NaN,NaN
NaN,NaN,NaN,NaN,0.0411744853189335,0.0852047556142669,NaN,NaN
NaN,NaN,NaN,NaN,0.326358420519744,NaN,0.274,0.346153846153846
0.787878787878788,NaN,0.183856502242152,NaN,NaN,0.558124174372523,0.448,0.423076923076923
0.93939393939394,NaN,0.183856502242152,0.717615658362989,NaN,0.624174372523118,0.6535,0.538461538461539
0.53030303030303,NaN,0.0896860986547085,0.213701067615658,0.159635504556193,NaN,0.205,0.307692307692308
0.446969696969697,0.462962962962963,0.0986547085201794,0.172241992882562,NaN,NaN,0.165,0.384615384615385
0.659090909090909,0.703703703703704,NaN,0.424021352313167,NaN,NaN,0.304,0.269230769230769
NaN,NaN,0.0986547085201794,0.241281138790036,0.196422544718191,0.1889035667107,NaN,NaN
NaN,NaN,NaN,0.181850533807829,0.137698278771515,NaN,NaN,NaN
0.598484848484849,NaN,0.10762331838565,0.297508896797153,0.239959500506244,0.254953764861295,0.265,NaN
NaN,0.583333333333333,0.0941704035874439,NaN,0.220722240971988,0.189564068692206,0.215,0.346153846153846
0.704545454545455,0.657407407407407,0.116591928251121,NaN,0.248734390820115,NaN,NaN,NaN
0.696969696969697,NaN,0.130044843049327,NaN,NaN,NaN,NaN,NaN
NaN,NaN,NaN,0.388434163701068,NaN,NaN,NaN,NaN
0.590909090909091,0.555555555555555,0.112107623318386,0.256761565836299,0.231184610192373,0.194187582562748,0.207,NaN
0.696969696969697,NaN,NaN,NaN,0.296658791765103,NaN,0.295,0.230769230769231
NaN,0.611111111111111,NaN,0.345017793594306,NaN,0.261558784676354,0.265,NaN
NaN,0.5,0.103139013452915,NaN,NaN,NaN,NaN,NaN
0.401515151515152,NaN,0.0986547085201794,NaN,0.106986162672967,0.144649933949802,0.139,0.307692307692308
0.5,NaN,0.10762331838565,0.192348754448399,NaN,0.169749009247028,0.1635,0.269230769230769
NaN,0.833333333333333,0.161434977578475,NaN,NaN,0.505284015852048,NaN,0.307692307692308
0.689393939393939,NaN,NaN,0.399110320284698,0.30374620317246,0.379128137384412,0.342,NaN
0.795454545454546,0.722222222222222,NaN,NaN,0.512993587580155,NaN,NaN,0.346153846153846
NaN,0.675925925925926,0.134529147982063,0.403024911032028,0.295308808639892,NaN,0.365,NaN
NaN,NaN,NaN,0.0706405693950178,0.0563617954775565,0.0634081902245707,NaN,NaN
0.643939393939394,0.62962962962963,NaN,NaN,NaN,0.224570673712021,0.22,NaN
NaN,0.675925925925926,0.125560538116592,NaN,NaN,0.275429326287979,0.35,NaN
NaN,0.685185185185185,0.130044843049327,NaN,0.273709078636517,NaN,0.295,0.384615384615385
0.537878787878788,0.564814814814815,NaN,NaN,0.218022274721566,NaN,0.198,0.192307692307692
NaN,NaN,0.15695067264574,0.535053380782918,NaN,0.508586525759577,NaN,NaN
0.674242424242424,NaN,NaN,0.373309608540925,NaN,NaN,0.32,0.269230769230769
NaN,NaN,0.130044843049327,NaN,0.162672966587918,NaN,0.23,0.423076923076923
0.568181818181818,0.601851851851852,0.10762331838565,0.256583629893238,NaN,0.169749009247028,0.215,0.346153846153846
NaN,NaN,0.121076233183857,0.324377224199288,0.220384745190685,NaN,0.2935,NaN
0.696969696969697,0.675925925925926,NaN,NaN,NaN,0.338177014531044,0.3115,NaN
NaN,0.444444444444444,NaN,0.151957295373665,NaN,0.1221928665786,0.13,0.192307692307692
0.689393939393939,0.685185185185185,NaN,0.437010676156584,NaN,0.349405548216645,0.367,0.192307692307692
NaN,0.824074074074074,NaN,0.756049822064057,NaN,NaN,0.429,0.307692307692308
NaN,NaN,0.143497757847534,0.6144128113879,NaN,NaN,0.72,NaN
NaN,NaN,0.130044843049327,0.436298932384342,0.388120148498144,0.360634081902246,NaN,NaN
0.46969696969697,NaN,NaN,0.167437722419929,0.151535605804927,NaN,NaN,0.230769230769231
0.75,NaN,NaN,NaN,0.373945325683429,NaN,NaN,0.5
0.636363636363636,NaN,0.134529147982063,0.373487544483986,NaN,0.279392338177015,NaN,0.192307692307692
0.893939393939394,NaN,0.179372197309417,0.795195729537367,NaN,NaN,NaN,0.230769230769231
0.575757575757576,0.555555555555555,0.10762331838565,NaN,NaN,0.197490092470277,NaN,NaN
0.742424242424243,0.731481481481481,NaN,0.515124555160142,NaN,0.511889035667107,NaN,NaN
NaN,NaN,NaN,NaN,NaN,0.463672391017173,NaN,NaN
NaN,0.731481481481481,NaN,NaN,NaN,0.372523117569353,NaN,NaN
0.886363636363636,NaN,NaN,NaN,0.610867364157948,NaN,NaN,0.269230769230769
NaN,NaN,NaN,1,NaN,0.549537648612946,0.892,0.538461538461539
0.689393939393939,NaN,0.152466367713004,0.404804270462633,NaN,0.379788639365918,NaN,0.192307692307692
0.5,0.472222222222222,0.125560538116592,NaN,NaN,0.297886393659181,NaN,NaN
0.651515151515151,NaN,0.116591928251121,0.345195729537367,0.287546405669929,NaN,NaN,NaN
NaN,0.564814814814815,0.116591928251121,0.280782918149466,NaN,NaN,NaN,0.269230769230769
NaN,0.444444444444444,0.112107623318386,0.199288256227758,0.131623354708066,NaN,0.185,0.461538461538462
NaN,NaN,NaN,0.511921708185053,NaN,NaN,0.385,NaN
0.53030303030303,0.509259259259259,0.121076233183857,NaN,NaN,NaN,0.21,0.346153846153846
NaN,0.666666666666667,0.116591928251121,0.334875444839858,0.267296658791765,0.308454425363276,0.26,0.230769230769231
NaN,NaN,0.125560538116592,NaN,NaN,0.25891677675033,NaN,NaN
NaN,0.75,NaN,NaN,NaN,NaN,0.34,0.307692307692308
NaN,NaN,0.0896860986547085,NaN,0.111373607829902,0.117569352708058,0.15,NaN
NaN,0.555555555555555,NaN,0.450889679715302,0.379682753965575,0.380449141347424,NaN,NaN
0.734848484848485,0.796296296296296,NaN,NaN,NaN,NaN,0.47,NaN
NaN,0.722222222222222,0.143497757847534,0.388434163701068,NaN,0.313077939233818,0.338,NaN
NaN,0.685185185185185,NaN,NaN,0.271346608167398,0.35336856010568,0.29,NaN
NaN,0.731481481481481,0.134529147982063,NaN,0.385082686466419,0.295904887714663,NaN,NaN
NaN,NaN,0.143497757847534,NaN,0.316571042861964,0.322985468956407,0.344,0.269230769230769
0.446969696969697,NaN,NaN,0.285053380782918,0.164360445494431,NaN,NaN,NaN
NaN,NaN,NaN,0.249110320284698,NaN,NaN,NaN,0.307692307692308
NaN,0.268518518518519,NaN,NaN,0.0590617617279784,0.0350066050198151,NaN,NaN
NaN,0.388888888888889,NaN,0.130071174377224,NaN,NaN,NaN,0.230769230769231
0.757575757575758,NaN,NaN,0.512099644128114,NaN,NaN,NaN,0.269230769230769
NaN,0.805555555555556,NaN,NaN,0.586905163685454,0.410171730515192,0.464,NaN
NaN,NaN,NaN,0.519217081850534,0.403982450219372,NaN,0.475,NaN
0.840909090909091,0.722222222222222,0.121076233183857,0.462989323843416,NaN,0.367899603698811,NaN,0.269230769230769
0.621212121212121,0.601851851851852,NaN,NaN,0.386770165372933,NaN,0.201,NaN
0.727272727272727,0.712962962962963,NaN,0.456049822064057,0.370907863651704,NaN,NaN,NaN
0.75,0.759259259259259,0.161434977578475,0.573665480427046,0.460681741478232,0.511889035667107,0.427,0.307692307692308
0.613636363636364,0.592592592592593,NaN,NaN,NaN,NaN,NaN,0.230769230769231
0.363636363636364,0.314814814814815,NaN,0.0891459074733096,NaN,0.083223249669749,0.085,NaN
0.575757575757576,NaN,NaN,NaN,0.247721903476207,0.298546895640687,NaN,0.192307692307692
0.666666666666667,0.638888888888889,0.112107623318386,0.319750889679715,0.258521768477894,0.28996036988111,0.266,0.230769230769231
NaN,0.787037037037037,0.143497757847534,NaN,NaN,NaN,0.498,0.269230769230769
0.446969696969697,0.435185185185185,NaN,0.140925266903915,0.117111036112049,0.144649933949802,0.13,0.153846153846154
NaN,NaN,NaN,0.283451957295374,0.267971650354371,NaN,NaN,NaN
0.856060606060606,NaN,NaN,NaN,0.605467431657104,0.61558784676354,0.5165,NaN
NaN,0.62962962962963,NaN,NaN,NaN,0.28665785997358,NaN,0.192307692307692
NaN,NaN,NaN,NaN,0.267296658791765,NaN,NaN,0.192307692307692
NaN,NaN,NaN,NaN,0.36415794802565,0.35336856010568,0.471,NaN
0.628787878787879,NaN,0.112107623318386,NaN,NaN,NaN,NaN,NaN
0.598484848484849,0.611111111111111,0.0986547085201794,NaN,NaN,0.276750330250991,0.24,NaN
NaN,NaN,NaN,0.152846975088968,0.106986162672967,NaN,0.15,0.192307692307692
0.674242424242424,0.675925925925926,NaN,NaN,NaN,NaN,NaN,0.307692307692308
NaN,0.722222222222222,NaN,0.447508896797153,NaN,NaN,NaN,NaN
0.560606060606061,0.592592592592593,0.10762331838565,NaN,NaN,0.233817701453104,NaN,0.230769230769231
0.621212121212121,NaN,0.125560538116592,0.327402135231317,0.279784002699966,NaN,NaN,0.307692307692308
NaN,0.490740740740741,NaN,NaN,NaN,NaN,0.143,0.153846153846154
0.666666666666667,NaN,0.125560538116592,0.359608540925267,NaN,NaN,0.3,0.346153846153846
0.575757575757576,NaN,NaN,0.243416370106762,0.169422882213972,0.198150594451783,NaN,0.346153846153846
NaN,NaN,NaN,0.0279359430604982,NaN,NaN,0.0275,NaN
0.287878787878788,NaN,NaN,0.0638790035587189,NaN,0.0561426684280053,0.054,NaN
0.696969696969697,0.648148148148148,NaN,NaN,NaN,0.261558784676354,0.2695,NaN
0.734848484848485,0.694444444444444,NaN,0.499644128113879,0.450219372257847,NaN,0.3205,NaN
NaN,0.62962962962963,NaN,NaN,NaN,NaN,NaN,NaN
0.659090909090909,NaN,0.121076233183857,NaN,NaN,0.341479524438573,NaN,NaN
0.704545454545455,NaN,0.134529147982063,NaN,NaN,NaN,NaN,NaN
0.689393939393939,NaN,0.130044843049327,NaN,NaN,0.297225891677675,0.336,0.269230769230769
NaN,0.527777777777778,NaN,0.191814946619217,0.139385757678029,0.118229854689564,0.21,0.423076923076923
0.492424242424242,0.5,0.10762331838565,NaN,0.124873439082011,0.176354029062087,NaN,NaN
NaN,NaN,0.125560538116592,0.25729537366548,0.232872089098886,NaN,0.21,NaN
0.681818181818182,0.675925925925926,0.143497757847534,NaN,NaN,NaN,0.3935,0.269230769230769
0.765151515151515,NaN,NaN,0.536476868327402,NaN,NaN,NaN,0.5
0.734848484848485,0.675925925925926,NaN,0.376156583629893,NaN,NaN,0.305,0.192307692307692
NaN,NaN,0.15695067264574,NaN,0.453594330070874,0.57001321003963,NaN,NaN
NaN,NaN,0.125560538116592,0.378291814946619,0.301721228484644,NaN,NaN,0.230769230769231
0.78030303030303,0.722222222222222,NaN,0.446085409252669,NaN,NaN,0.346,0.307692307692308
NaN,NaN,NaN,NaN,NaN,NaN,0.179,0.5
0.757575757575758,NaN,NaN,0.474377224199288,0.396220047249409,0.358652575957728,NaN,NaN
0.734848484848485,0.712962962962963,0.134529147982063,0.459608540925267,NaN,NaN,0.261,0.307692307692308
NaN,NaN,NaN,NaN,0.210259871751603,NaN,NaN,0.230769230769231
0.515151515151515,NaN,0.121076233183857,NaN,0.217347283158961,0.245706737120211,NaN,0.423076923076923
0.643939393939394,NaN,0.0941704035874439,NaN,NaN,0.357331571994716,0.26,0.269230769230769
0.772727272727273,NaN,NaN,NaN,0.443469456631792,0.503963011889036,0.348,0.307692307692308
NaN,NaN,0.130044843049327,0.259608540925267,0.167735403307459,NaN,0.2835,0.307692307692308
NaN,0.5,NaN,NaN,NaN,0.169749009247028,NaN,NaN
NaN,0.740740740740741,NaN,0.395017793594306,0.33209584880189,NaN,NaN,0.423076923076923
NaN,0.287037037037037,0.062780269058296,NaN,0.0421869726628417,0.0660501981505944,NaN,NaN
0.553030303030303,0.648148148148148,0.121076233183857,0.35711743772242,NaN,0.258256274768824,0.249,0.153846153846154
NaN,0.787037037037037,NaN,NaN,NaN,NaN,NaN,0.423076923076923
0.643939393939394,0.611111111111111,NaN,0.289679715302491,NaN,NaN,NaN,0.230769230769231
0.666666666666667,0.666666666666667,NaN,0.347153024911032,0.267971650354371,NaN,0.335,NaN
0.598484848484849,NaN,NaN,NaN,0.201484981437732,0.188243064729194,0.2,NaN
0.590909090909091,NaN,0.116591928251121,NaN,NaN,NaN,NaN,NaN
NaN,0.601851851851852,0.103139013452915,0.354092526690391,0.244009449881876,NaN,0.315,NaN
0.636363636363636,0.62037037037037,0.130044843049327,NaN,0.265946675666554,0.257595772787318,0.234,0.230769230769231
0.492424242424242,NaN,0.116591928251121,NaN,NaN,0.182298546895641,NaN,0.346153846153846
0.856060606060606,0.861111111111111,NaN,NaN,NaN,0.633421400264201,NaN,0.346153846153846
0.765151515151515,0.731481481481481,0.152466367713004,NaN,NaN,0.395640686922061,0.436,NaN
0.75,0.759259259259259,NaN,NaN,NaN,0.376486129458388,0.36,0.230769230769231
0.734848484848485,NaN,NaN,NaN,NaN,0.407529722589168,0.365,NaN
NaN,NaN,NaN,0.310142348754448,NaN,0.311756935270806,0.244,0.307692307692308
NaN,0.425925925925926,NaN,NaN,0.098886263921701,0.148612945838838,NaN,NaN
0.590909090909091,0.546296296296296,0.143497757847534,0.343238434163701,0.170097873776578,NaN,0.375,0.576923076923077
NaN,NaN,0.10762331838565,NaN,NaN,0.236459709379128,0.2275,NaN
0.575757575757576,NaN,0.103139013452915,NaN,0.221734728315896,0.186261558784676,NaN,NaN
0.681818181818182,NaN,0.147982062780269,NaN,0.319608504893689,0.375165125495376,0.345,0.576923076923077
0.643939393939394,0.648148148148148,0.103139013452915,NaN,0.236584542693216,NaN,0.285,NaN
0.765151515151515,NaN,NaN,NaN,NaN,0.553500660501982,0.396,0.307692307692308
0.621212121212121,NaN,NaN,0.352313167259787,0.251096861289234,NaN,NaN,0.346153846153846
0.659090909090909,0.666666666666667,0.139013452914798,NaN,NaN,0.247688243064729,0.245,NaN
0.674242424242424,NaN,0.116591928251121,0.270640569395018,0.234897063786703,NaN,0.234,NaN
NaN,0.62962962962963,NaN,NaN,NaN,NaN,NaN,0.5
0.704545454545455,0.740740740740741,0.147982062780269,0.433274021352313,NaN,NaN,NaN,NaN
0.651515151515151,NaN,NaN,0.344483985765125,NaN,0.315719947159841,NaN,NaN
NaN,NaN,NaN,0.903736654804271,NaN,NaN,NaN,NaN
NaN,NaN,NaN,0.416014234875445,NaN,0.357992073976222,NaN,0.384615384615385
NaN,NaN,0.139013452914798,0.304270462633452,NaN,0.285336856010568,0.245,NaN
0.651515151515151,NaN,0.152466367713004,NaN,0.229497131285859,0.231836195508587,0.27,NaN
NaN,0.796296296296296,0.161434977578475,0.570640569395018,NaN,0.432628797886394,NaN,0.307692307692308
0.674242424242424,NaN,NaN,NaN,NaN,0.334214002642008,NaN,NaN
0.666666666666667,0.685185185185185,0.134529147982063,0.443594306049822,NaN,0.369881109643329,NaN,NaN
0.704545454545455,NaN,0.165919282511211,0.430604982206406,0.252784340195748,NaN,0.43,0.769230769230769
NaN,NaN,0.0896860986547085,0.0834519572953737,NaN,0.071334214002642,0.07,0.230769230769231
NaN,NaN,0.0941704035874439,NaN,NaN,0.284676354029062,0.23,NaN
NaN,0.444444444444444,NaN,NaN,NaN,0.128797886393659,NaN,NaN
0.712121212121212,0.722222222222222,NaN,NaN,NaN,NaN,0.245,0.192307692307692
0.704545454545455,0.62962962962963,NaN,NaN,NaN,0.197490092470277,0.2355,0.192307692307692
0.712121212121212,0.712962962962963,0.130044843049327,NaN,NaN,0.249669749009247,NaN,0.384615384615385
NaN,0.675925925925926,NaN,0.39626334519573,0.319271009112386,NaN,NaN,0.269230769230769
0.727272727272727,NaN,0.174887892376682,NaN,NaN,0.370541611624835,NaN,NaN
NaN,0.694444444444444,NaN,NaN,NaN,0.326948480845443,0.2775,0.230769230769231
NaN,NaN,0.15695067264574,0.68576512455516,0.534930813364833,NaN,NaN,0.307692307692308
NaN,NaN,0.143497757847534,NaN,NaN,NaN,NaN,0.192307692307692
NaN,0.824074074074074,0.161434977578475,0.687900355871886,NaN,0.493394980184941,NaN,NaN
NaN,NaN,NaN,0.33576512455516,0.156598042524468,NaN,NaN,0.538461538461539
0.674242424242424,NaN,0.134529147982063,0.310320284697509,0.204184947688154,NaN,0.257,NaN
NaN,NaN,NaN,0.459786476868327,0.399932500843739,0.371202113606341,0.31,0.307692307692308
NaN,NaN,0.139013452914798,0.638434163701068,0.524805939925751,0.512549537648613,0.45,NaN
0.674242424242424,0.675925925925926,0.139013452914798,0.397153024911032,NaN,0.355350066050198,0.304,NaN
NaN,NaN,NaN,0.204982206405694,0.152885588930138,0.205416116248349,NaN,0.307692307692308
NaN,NaN,0.130044843049327,0.358185053380783,0.298683766452919,NaN,0.2895,NaN
NaN,0.712962962962963,0.161434977578475,0.533451957295374,0.38643266959163,NaN,NaN,NaN
NaN,0.648148148148148,NaN,NaN,NaN,NaN,NaN,0.230769230769231
NaN,NaN,0.139013452914798,0.603380782918149,0.560242996962538,NaN,NaN,0.230769230769231
0.583333333333333,NaN,NaN,0.285231316725979,NaN,0.198150594451783,0.19,0.269230769230769
0.583333333333333,NaN,NaN,0.266903914590747,NaN,NaN,NaN,0.269230769230769
NaN,NaN,0.116591928251121,0.308185053380783,0.192710091123861,NaN,0.25,NaN
NaN,NaN,0.15695067264574,NaN,0.510293621329733,0.571994715984148,NaN,0.307692307692308
NaN,NaN,NaN,NaN,NaN,0.499339498018494,NaN,NaN
0.560606060606061,NaN,NaN,0.346797153024911,0.256496793790078,0.317040951122853,0.29,0.461538461538462
NaN,0.712962962962963,0.161434977578475,NaN,NaN,NaN,NaN,NaN
NaN,NaN,NaN,NaN,NaN,0.0270805812417437,0.035,NaN
0.818181818181818,0.851851851851852,NaN,NaN,NaN,0.570673712021136,0.495,0.615384615384615
NaN,NaN,0.0807174887892377,NaN,NaN,0.209379128137384,0.1935,0.230769230769231
NaN,NaN,NaN,0.255338078291815,NaN,NaN,NaN,0.423076923076923
NaN,NaN,0.161434977578475,NaN,NaN,NaN,0.548,0.346153846153846
0.636363636363636,0.666666666666667,NaN,0.34270462633452,NaN,0.254953764861295,0.271,NaN
0.93939393939394,NaN,0.210762331838565,0.983629893238434,0.905838677016537,NaN,NaN,0.346153846153846
NaN,0.722222222222222,NaN,0.484341637010676,NaN,0.376486129458388,0.33,0.346153846153846
NaN,0.425925925925926,NaN,0.133629893238434,0.100573742828215,NaN,NaN,NaN
NaN,NaN,NaN,0.127758007117438,0.102261221734728,NaN,NaN,0.346153846153846
NaN,0.787037037037037,NaN,0.487188612099644,NaN,0.279392338177015,NaN,NaN
0.181818181818182,NaN,NaN,NaN,0.0205872426594668,0.0277410832232497,NaN,0.0769230769230769
0.560606060606061,NaN,0.0986547085201794,NaN,NaN,0.215323645970938,0.1725,NaN
NaN,0.75,0.134529147982063,NaN,0.336820789740128,NaN,NaN,NaN
0.727272727272727,0.740740740740741,NaN,0.429893238434164,0.354708066149173,NaN,0.349,0.230769230769231
0.825757575757576,0.805555555555556,NaN,NaN,NaN,0.490092470277411,NaN,0.346153846153846
NaN,NaN,NaN,0.332740213523132,0.303408707391158,NaN,0.25,NaN
NaN,0.731481481481481,NaN,0.406049822064057,0.346608167397908,0.313738441215324,NaN,0.269230769230769
NaN,0.814814814814815,NaN,NaN,0.628754640566993,0.498678996036988,NaN,0.307692307692308
0.628787878787879,0.601851851851852,NaN,NaN,NaN,NaN,NaN,NaN
0.522727272727273,NaN,NaN,0.235231316725979,0.199460006749916,0.182959048877147,NaN,NaN
NaN,NaN,NaN,NaN,NaN,0.346763540290621,NaN,0.269230769230769
NaN,NaN,NaN,NaN,0.296996287546406,NaN,NaN,NaN
0.75,NaN,0.152466367713004,0.483807829181495,0.354033074586568,NaN,NaN,NaN
0.575757575757576,0.537037037037037,0.10762331838565,0.286832740213523,0.261221734728316,NaN,NaN,0.192307692307692
0.651515151515151,0.62962962962963,NaN,NaN,0.222409719878502,NaN,0.232,NaN
NaN,0.314814814814815,0.0762331838565023,NaN,0.0674991562605467,NaN,NaN,NaN
0.553030303030303,0.583333333333333,NaN,0.34626334519573,NaN,0.293262879788639,0.315,NaN
0.454545454545455,0.453703703703704,0.0941704035874439,0.154448398576512,NaN,0.133421400264201,NaN,0.230769230769231
NaN,0.444444444444444,0.116591928251121,0.17864768683274,0.121835977050287,NaN,0.175,0.307692307692308
NaN,NaN,NaN,NaN,NaN,NaN,0.1425,0.346153846153846
0.606060606060606,NaN,0.130044843049327,NaN,NaN,NaN,0.288,0.384615384615385
0.856060606060606,NaN,NaN,0.630427046263345,0.48025649679379,0.504623513870542,NaN,0.307692307692308
0.689393939393939,NaN,0.143497757847534,0.437366548042705,NaN,0.388375165125495,0.34,0.346153846153846
NaN,NaN,NaN,NaN,0.272696591292609,NaN,0.405,0.384615384615385
0.545454545454546,0.5,0.10762331838565,0.229893238434164,NaN,0.272787318361955,0.15,0.269230769230769
NaN,NaN,NaN,0.438256227758007,0.365170435369558,NaN,NaN,0.269230769230769
NaN,NaN,NaN,0.098932384341637,NaN,NaN,0.1,0.230769230769231
0.613636363636364,0.657407407407407,0.116591928251121,0.310320284697509,NaN,0.28665785997358,NaN,0.230769230769231
0.696969696969697,NaN,NaN,0.395907473309609,NaN,NaN,NaN,NaN
0.598484848484849,NaN,0.121076233183857,NaN,NaN,NaN,NaN,0.615384615384615
NaN,NaN,0.0941704035874439,NaN,0.166047924400945,0.155217965653897,0.18,NaN
0.484848484848485,0.472222222222222,NaN,0.21423487544484,0.131960850489369,NaN,0.185,NaN
NaN,0.648148148148148,NaN,0.387010676156584,NaN,0.287978863936592,NaN,0.230769230769231
0.560606060606061,NaN,0.103139013452915,0.23914590747331,NaN,0.193527080581242,0.1715,NaN
0.598484848484849,0.657407407407407,0.147982062780269,NaN,0.214647316908539,0.266842800528402,0.52,NaN
0.643939393939394,NaN,NaN,0.305160142348754,0.239622004724941,NaN,0.234,0.269230769230769
0.727272727272727,NaN,0.116591928251121,0.414768683274021,NaN,0.298546895640687,NaN,0.269230769230769
0.75,0.722222222222222,0.134529147982063,0.401779359430605,NaN,NaN,NaN,0.346153846153846
NaN,0.694444444444444,NaN,NaN,0.490718866014175,NaN,NaN,NaN
NaN,NaN,NaN,NaN,0.252784340195748,0.264861294583884,NaN,NaN
0.71969696969697,0.712962962962963,0.147982062780269,0.46067615658363,NaN,0.385733157199472,NaN,0.269230769230769
0.674242424242424,NaN,0.121076233183857,NaN,NaN,NaN,NaN,NaN
0.742424242424243,NaN,0.179372197309417,NaN,0.36415794802565,NaN,0.63,0.5
0.757575757575758,0.722222222222222,NaN,NaN,0.415119811002363,NaN,NaN,NaN
0.659090909090909,NaN,0.10762331838565,0.410320284697509,0.359433007087411,0.364597093791281,0.275,0.192307692307692
NaN,0.675925925925926,NaN,0.359786476868327,0.322983462706716,NaN,NaN,0.230769230769231
0.613636363636364,0.62962962962963,0.143497757847534,NaN,0.254471819102261,NaN,0.365,0.461538461538462
NaN,NaN,0.0852017937219731,0.200355871886121,0.166385420182248,NaN,0.135,NaN
0.674242424242424,0.712962962962963,NaN,0.370818505338078,0.254809314883564,0.247027741083223,NaN,NaN
0.704545454545455,0.722222222222222,0.165919282511211,0.429003558718861,0.306446169422882,0.343461030383091,NaN,0.346153846153846
NaN,NaN,0.0582959641255605,NaN,NaN,0.0785997357992074,0.065,0.192307692307692
0.659090909090909,0.666666666666667,0.147982062780269,NaN,0.279446506918664,0.366578599735799,NaN,NaN
0.840909090909091,NaN,0.139013452914798,0.517615658362989,NaN,0.498018494055482,0.426,0.346153846153846
NaN,NaN,0.130044843049327,NaN,NaN,NaN,NaN,0.269230769230769
NaN,NaN,0.201793721973094,NaN,0.484643941950726,0.610303830911493,NaN,NaN
NaN,0.62962962962963,NaN,NaN,0.29260884238947,0.218626155878468,NaN,NaN
0.787878787878788,0.814814814814815,0.15695067264574,NaN,0.475194060074249,0.482826948480845,NaN,NaN
NaN,0.703703703703704,0.121076233183857,0.398220640569395,NaN,0.329590488771466,NaN,NaN
0.651515151515151,0.657407407407407,NaN,0.309430604982206,NaN,NaN,0.269,0.269230769230769
NaN,NaN,0.15695067264574,0.560498220640569,0.429294633817077,0.388375165125495,NaN,0.230769230769231
NaN,NaN,0.121076233183857,0.343060498220641,NaN,NaN,0.27,NaN
0.704545454545455,NaN,NaN,NaN,0.35673304083699,0.344121532364597,NaN,0.153846153846154
NaN,NaN,NaN,NaN,0.149848126898414,NaN,NaN,NaN
NaN,0.777777777777778,0.139013452914798,0.53202846975089,0.494093823827202,NaN,NaN,NaN
NaN,NaN,NaN,NaN,0.309483631454607,0.21003963011889,NaN,NaN
0.689393939393939,0.703703703703704,NaN,NaN,NaN,0.369220607661823,0.339,NaN
0.575757575757576,0.601851851851852,NaN,NaN,NaN,NaN,NaN,NaN
NaN,0.759259259259259,0.121076233183857,NaN,NaN,NaN,0.395,NaN
NaN,NaN,NaN,0.540391459074733,NaN,NaN,NaN,0.269230769230769
0.575757575757576,0.555555555555555,NaN,0.237722419928826,0.206547418157273,NaN,0.154,0.192307692307692
0.553030303030303,0.62962962962963,NaN,0.312989323843416,NaN,0.241743725231176,NaN,NaN
0.515151515151515,NaN,NaN,NaN,0.179210259871752,NaN,NaN,NaN
NaN,0.62962962962963,0.139013452914798,0.282740213523132,NaN,NaN,NaN,NaN
0.333333333333333,NaN,NaN,NaN,0.179210259871752,NaN,0.1625,0.153846153846154
0.628787878787879,NaN,0.139013452914798,0.385231316725979,NaN,0.243064729194188,NaN,0.653846153846154
0.628787878787879,0.62037037037037,NaN,0.306761565836299,NaN,0.282694848084544,0.215,0.192307692307692
0.696969696969697,0.648148148148148,0.139013452914798,0.370462633451957,NaN,NaN,0.265,0.269230769230769
NaN,0.611111111111111,0.0941704035874439,0.299288256227758,0.230172122848464,NaN,0.235,0.346153846153846
NaN,NaN,0.116591928251121,NaN,NaN,0.211360634081902,NaN,0.269230769230769
0.734848484848485,0.740740740740741,0.134529147982063,NaN,0.508268646641917,NaN,NaN,0.192307692307692
0.704545454545455,NaN,NaN,0.450533807829182,NaN,0.3110964332893,NaN,NaN
NaN,NaN,0.174887892376682,0.885943060498221,0.803239959500506,0.673712021136063,0.6735,0.307692307692308
0.560606060606061,0.537037037037037,0.103139013452915,NaN,NaN,NaN,NaN,0.307692307692308
NaN,0.675925925925926,0.10762331838565,0.323665480427046,0.259534255821802,NaN,0.27,NaN
0.575757575757576,NaN,NaN,0.268861209964413,NaN,NaN,0.1745,NaN
0.727272727272727,0.722222222222222,NaN,0.513879003558719,0.471481606479919,NaN,0.385,0.230769230769231
0.583333333333333,0.601851851851852,NaN,NaN,NaN,NaN,0.33,0.384615384615385
0.734848484848485,NaN,0.165919282511211,0.495195729537367,0.377657779277759,0.397622192866579,NaN,NaN
0.272727272727273,NaN,0.0493273542600897,0.054982206405694,NaN,NaN,NaN,0.115384615384615
0.765151515151515,NaN,NaN,NaN,0.393182585217685,0.459709379128137,0.34,NaN
NaN,0.537037037037037,0.121076233183857,NaN,0.179885251434357,NaN,0.29,NaN
0.507575757575758,0.657407407407407,NaN,0.180427046263345,0.154235572055349,NaN,0.136,0.153846153846154
NaN,0.583333333333333,0.0986547085201794,0.326156583629893,0.239284508943638,0.277410832232497,0.33,0.230769230769231
0.666666666666667,NaN,0.197309417040359,NaN,0.337495781302734,0.285336856010568,0.515,NaN
0.71969696969697,0.694444444444444,0.152466367713004,NaN,NaN,0.324306472919419,NaN,0.269230769230769
NaN,NaN,0.0986547085201794,NaN,NaN,0.232496697490092,NaN,0.461538461538462
NaN,0.675925925925926,NaN,NaN,NaN,NaN,NaN,0.5
NaN,NaN,NaN,NaN,0.310833614579818,NaN,0.324,NaN
NaN,0.75,NaN,0.481672597864769,0.42220722240972,NaN,NaN,NaN
0.78030303030303,0.787037037037037,0.15695067264574,0.588434163701068,0.499493756328046,NaN,NaN,NaN
0.46969696969697,0.444444444444444,NaN,0.217437722419929,NaN,0.186922060766182,NaN,0.192307692307692
0.522727272727273,NaN,NaN,NaN,0.179885251434357,0.174372523117569,0.14,0.230769230769231
0.606060606060606,NaN,NaN,NaN,0.408369895376308,0.44782034346103,NaN,0.269230769230769
NaN,0.777777777777778,NaN,NaN,0.365507931150861,0.303830911492735,0.415,0.576923076923077
0.484848484848485,0.490740740740741,0.112107623318386,NaN,NaN,0.151254953764861,NaN,NaN
NaN,NaN,NaN,NaN,0.0452244346945663,0.0554821664464993,0.055,NaN
NaN,NaN,NaN,NaN,0.146810664866689,0.175033025099075,NaN,NaN
0.75,NaN,NaN,NaN,NaN,NaN,0.35,0.230769230769231
0.712121212121212,0.712962962962963,NaN,0.359252669039146,0.30610867364158,NaN,0.335,NaN
NaN,0.722222222222222,NaN,NaN,NaN,NaN,NaN,NaN
0.659090909090909,0.62037037037037,0.103139013452915,NaN,0.253796827539656,NaN,NaN,0.384615384615385
0.643939393939394,0.62962962962963,NaN,0.336654804270463,NaN,NaN,0.248,NaN
0.545454545454546,NaN,NaN,NaN,0.190010124873439,NaN,NaN,NaN
0.840909090909091,0.814814814814815,NaN,NaN,0.590955113061087,0.577278731836195,NaN,NaN
NaN,NaN,NaN,NaN,NaN,0.298546895640687,0.345,NaN
0.575757575757576,NaN,NaN,0.238078291814947,0.179547755653054,NaN,0.2,0.269230769230769
NaN,0.462962962962963,NaN,NaN,0.127573405332433,NaN,NaN,0.423076923076923
0.636363636363636,NaN,NaN,0.299466192170819,0.306783665204185,0.190224570673712,NaN,0.269230769230769
NaN,NaN,NaN,NaN,0.598380020249747,0.526420079260238,NaN,NaN
NaN,0.703703703703704,0.143497757847534,NaN,NaN,NaN,0.4,0.269230769230769
0.795454545454546,0.796296296296296,NaN,NaN,NaN,NaN,0.432,0.384615384615385
NaN,NaN,NaN,NaN,0.380357745528181,NaN,NaN,NaN
0.560606060606061,NaN,0.139013452914798,NaN,NaN,NaN,NaN,NaN
0.659090909090909,0.564814814814815,NaN,NaN,0.241646979412757,NaN,NaN,0.307692307692308
NaN,NaN,NaN,0.458540925266904,NaN,0.407529722589168,0.366,NaN
NaN,0.666666666666667,0.121076233183857,0.348754448398577,NaN,0.302509907529723,0.235,0.192307692307692
NaN,0.546296296296296,NaN,0.324377224199288,NaN,NaN,0.34,0.5
NaN,0.398148148148148,NaN,NaN,0.0904488693891326,0.0970937912813738,0.105,NaN
0.704545454545455,NaN,0.121076233183857,NaN,NaN,0.375825627476882,NaN,0.384615384615385
NaN,0.685185185185185,NaN,0.374377224199288,0.259534255821802,NaN,0.415,NaN
NaN,0.638888888888889,NaN,0.397686832740214,NaN,0.290620871862616,NaN,0.346153846153846
NaN,0.685185185185185,0.130044843049327,0.443594306049822,NaN,0.356010568031704,0.33,0.230769230769231
0.742424242424243,0.759259259259259,NaN,0.469395017793594,0.445831927100911,0.348084544253633,NaN,0.269230769230769
NaN,NaN,0.143497757847534,0.430604982206406,NaN,0.35336856010568,0.3215,NaN
0.757575757575758,NaN,NaN,0.496085409252669,0.391157610529868,NaN,NaN,NaN
NaN,NaN,NaN,NaN,0.0793115086061424,0.0871862615587847,NaN,0.230769230769231
NaN,NaN,0.174887892376682,NaN,NaN,NaN,0.455,0.307692307692308
NaN,0.592592592592593,NaN,0.262989323843416,NaN,NaN,0.1965,0.230769230769231
NaN,NaN,NaN,0.370462633451957,0.245359433007087,0.307133421400264,0.35,0.269230769230769
0.840909090909091,0.842592592592592,NaN,0.56423487544484,NaN,0.420079260237781,0.445,NaN
0.878787878787879,0.851851851851852,0.143497757847534,NaN,0.609517381032737,0.507265521796565,0.483,NaN
NaN,0.351851851851852,NaN,0.0887900355871886,0.0681741478231522,0.0752972258916777,0.0815,0.384615384615385
0.621212121212121,0.611111111111111,NaN,NaN,0.260884238947013,NaN,NaN,NaN
NaN,0.759259259259259,0.165919282511211,0.545195729537367,NaN,NaN,NaN,0.230769230769231
0.613636363636364,0.564814814814815,0.103139013452915,0.265480427046263,0.245021937225785,0.220607661822985,0.1905,NaN
NaN,NaN,NaN,0.603024911032028,NaN,0.505284015852048,0.4275,0.192307692307692
NaN,0.666666666666667,NaN,0.416903914590747,NaN,0.295904887714663,0.305,NaN
NaN,NaN,NaN,NaN,NaN,NaN,0.38,0.423076923076923
0.734848484848485,0.861111111111111,0.143497757847534,NaN,0.417482281471482,0.347424042272127,NaN,NaN
NaN,NaN,NaN,NaN,0.272021599730003,0.237120211360634,NaN,0.230769230769231
NaN,0.574074074074074,0.112107623318386,NaN,NaN,0.149933949801849,0.178,0.192307692307692
NaN,NaN,0.130044843049327,NaN,NaN,0.437912813738441,NaN,NaN
NaN,0.62962962962963,0.121076233183857,NaN,0.27033412082349,0.26221928665786,NaN,0.269230769230769
NaN,0.574074074074074,0.139013452914798,0.28914590747331,0.272359095511306,0.270805812417437,NaN,NaN
NaN,NaN,0.0807174887892377,0.137188612099644,0.101923725953426,NaN,NaN,0.230769230769231
NaN,0.240740740740741,0.062780269058296,0.054982206405694,NaN,NaN,NaN,0.153846153846154
NaN,NaN,0.10762331838565,NaN,NaN,NaN,0.163,0.384615384615385
0.651515151515151,0.648148148148148,0.139013452914798,0.326334519572954,NaN,NaN,NaN,0.230769230769231
0.712121212121212,0.685185185185185,0.165919282511211,0.465480427046263,NaN,0.399603698811096,0.35,NaN
0.560606060606061,NaN,NaN,0.272775800711744,0.187985150185623,NaN,0.28,NaN
NaN,NaN,NaN,NaN,0.109686128923388,NaN,0.14,0.307692307692308
0.75,0.722222222222222,NaN,0.435053380782918,NaN,NaN,0.315,0.192307692307692
NaN,0.62962962962963,0.0941704035874439,NaN,NaN,NaN,0.27,NaN
0.431818181818182,0.435185185185185,0.139013452914798,NaN,0.0968612892338846,0.105019815059445,NaN,NaN
NaN,0.712962962962963,NaN,0.430960854092527,NaN,NaN,0.2825,NaN
0.628787878787879,0.657407407407407,NaN,0.304804270462633,0.214647316908539,NaN,NaN,NaN
NaN,NaN,0.0807174887892377,0.137544483985765,0.083698953763078,0.1221928665786,NaN,0.269230769230769
0.522727272727273,NaN,0.121076233183857,NaN,0.166385420182248,0.162483487450462,NaN,NaN
0.810606060606061,NaN,0.139013452914798,0.547330960854093,NaN,0.456406869220608,NaN,NaN
NaN,NaN,0.0852017937219731,0.138967971530249,0.10867364157948,0.103038309114927,0.13,0.269230769230769
NaN,NaN,NaN,0.324733096085409,0.261559230509619,0.252311756935271,NaN,NaN
NaN,NaN,NaN,0.333451957295374,0.259871751603105,NaN,NaN,0.230769230769231
0.734848484848485,0.731481481481481,0.147982062780269,NaN,NaN,0.40885072655218,NaN,0.307692307692308
NaN,0.537037037037037,0.125560538116592,0.326334519572954,NaN,NaN,NaN,NaN
NaN,0.703703703703704,NaN,NaN,NaN,NaN,0.29,NaN
0.621212121212121,0.638888888888889,0.103139013452915,NaN,NaN,NaN,0.295,0.269230769230769
0.621212121212121,0.62962962962963,NaN,NaN,NaN,NaN,0.303,0.269230769230769
0.174242424242424,0.166666666666667,0.0582959641255605,0.0373665480427046,0.0269996625042187,0.0330250990752972,NaN,0.115384615384615
NaN,NaN,NaN,NaN,NaN,0.400924702774108,NaN,NaN
NaN,NaN,0.139013452914798,NaN,NaN,0.426023778071334,NaN,0.346153846153846
NaN,0.62962962962963,NaN,NaN,NaN,0.240422721268164,NaN,0.192307692307692
NaN,0.648148148148148,0.112107623318386,NaN,0.30982112723591,0.272787318361955,NaN,0.230769230769231
NaN,0.62962962962963,0.130044843049327,0.358718861209964,0.28518393520081,NaN,NaN,NaN
NaN,0.592592592592593,0.121076233183857,NaN,NaN,0.253632760898283,NaN,0.192307692307692
0.613636363636364,NaN,0.161434977578475,NaN,0.199797502531218,0.233157199471598,0.28,NaN
0.287878787878788,0.296296296296296,0.0717488789237668,NaN,NaN,0.0620871862615588,NaN,0.230769230769231
NaN,NaN,NaN,0.483096085409253,0.294633817077287,0.441875825627477,0.485,0.5
NaN,0.657407407407407,0.147982062780269,NaN,0.342895713803577,0.412153236459709,NaN,0.192307692307692
0.522727272727273,NaN,NaN,0.190569395017794,0.147148160647992,0.0904887714663144,NaN,0.307692307692308
NaN,NaN,0.139013452914798,NaN,0.439082011474857,NaN,NaN,NaN
NaN,0.759259259259259,0.15695067264574,NaN,NaN,0.376486129458388,NaN,NaN
NaN,0.805555555555556,0.152466367713004,0.55373665480427,0.444144448194398,NaN,NaN,NaN
NaN,0.527777777777778,0.134529147982063,0.263701067615658,0.124198447519406,NaN,NaN,NaN
0.613636363636364,NaN,NaN,0.280071174377224,0.231859601754978,0.209379128137384,NaN,NaN
0.553030303030303,NaN,NaN,NaN,0.173135335808302,0.203434610303831,NaN,0.307692307692308
NaN,NaN,0.116591928251121,NaN,NaN,0.239762219286658,0.18,NaN
0.674242424242424,0.694444444444444,0.134529147982063,NaN,NaN,NaN,0.283,NaN
0.75,NaN,0.143497757847534,0.405516014234875,NaN,0.263540290620872,0.38,0.346153846153846
0.742424242424243,0.722222222222222,NaN,0.493060498220641,0.411744853189335,NaN,0.3675,NaN
NaN,0.675925925925926,NaN,0.390747330960854,0.346270671616605,NaN,0.2955,0.307692307692308
NaN,0.601851851851852,NaN,NaN,NaN,NaN,0.285,NaN
NaN,NaN,NaN,NaN,0.27033412082349,NaN,NaN,0.346153846153846
0.431818181818182,0.407407407407407,NaN,0.137010676156584,NaN,0.145310435931308,NaN,NaN
NaN,NaN,NaN,0.412455516014235,NaN,NaN,0.334,NaN
NaN,NaN,NaN,0.283451957295374,NaN,NaN,NaN,0.230769230769231
0.840909090909091,NaN,NaN,NaN,NaN,0.581902245706737,NaN,NaN
NaN,NaN,0.0941704035874439,NaN,0.139723253459332,NaN,NaN,NaN
NaN,NaN,NaN,0.243060498220641,NaN,NaN,NaN,NaN
NaN,NaN,0.125560538116592,0.479715302491103,NaN,NaN,NaN,NaN
0.674242424242424,0.666666666666667,NaN,0.387722419928826,0.323995950050624,0.322324966974901,NaN,NaN
NaN,0.527777777777778,0.0986547085201794,NaN,NaN,NaN,NaN,NaN
NaN,0.62962962962963,0.152466367713004,NaN,NaN,0.355350066050198,0.28,NaN
0.666666666666667,0.675925925925926,NaN,NaN,NaN,NaN,0.42,0.653846153846154
NaN,0.703703703703704,NaN,NaN,0.673979075261559,NaN,0.486,0.269230769230769
NaN,NaN,NaN,0.391103202846975,0.336820789740128,0.344121532364597,NaN,0.307692307692308
0.477272727272727,NaN,0.103139013452915,0.162455516014235,NaN,NaN,NaN,NaN
0.560606060606061,NaN,NaN,0.248576512455516,0.210259871751603,0.178335535006605,0.203,0.269230769230769
NaN,NaN,NaN,0.466370106761566,NaN,NaN,0.435,NaN
0.704545454545455,NaN,NaN,0.425266903914591,NaN,NaN,0.33,0.384615384615385
0.651515151515151,NaN,0.139013452914798,NaN,NaN,0.291941875825627,NaN,0.346153846153846
0.840909090909091,0.842592592592592,NaN,NaN,0.678704016199798,0.686261558784676,NaN,0.307692307692308
0.666666666666667,NaN,NaN,NaN,NaN,0.42338177014531,NaN,0.615384615384615
NaN,0.638888888888889,NaN,NaN,0.268984137698279,0.21664464993395,0.199,NaN
NaN,0.611111111111111,NaN,0.352846975088968,NaN,0.274108322324967,0.2875,0.230769230769231
NaN,0.537037037037037,0.0896860986547085,0.187010676156584,NaN,0.131439894319683,NaN,0.384615384615385
0.651515151515151,0.564814814814815,NaN,0.243060498220641,NaN,NaN,NaN,0.346153846153846
NaN,0.657407407407407,0.116591928251121,0.310142348754448,NaN,0.214663143989432,NaN,NaN
0.43939393939394,0.453703703703704,NaN,NaN,NaN,0.132760898282695,0.1455,0.269230769230769
NaN,0.518518518518518,0.121076233183857,0.220640569395018,NaN,0.112945838837517,NaN,0.230769230769231
0.704545454545455,0.712962962962963,NaN,NaN,0.246709416132298,0.277410832232497,0.335,NaN
NaN,0.462962962962963,0.0807174887892377,NaN,NaN,0.119550858652576,NaN,0.230769230769231
NaN,NaN,0.130044843049327,NaN,NaN,NaN,0.31,NaN
0.666666666666667,NaN,NaN,NaN,NaN,NaN,0.284,0.307692307692308
NaN,0.537037037037037,0.116591928251121,NaN,NaN,NaN,0.205,NaN
NaN,0.75,0.143497757847534,NaN,0.450894363820452,NaN,0.38,0.423076923076923
0.492424242424242,0.490740740740741,0.0896860986547085,0.235231316725979,NaN,0.136723910171731,0.165,NaN
NaN,0.796296296296296,0.134529147982063,NaN,NaN,0.468956406869221,NaN,0.423076923076923
0.46969696969697,NaN,NaN,NaN,NaN,0.166446499339498,0.225,0.5
0.5,0.537037037037037,0.10762331838565,NaN,0.206884913938576,NaN,0.195,0.269230769230769
0.71969696969697,NaN,NaN,NaN,NaN,NaN,NaN,0.769230769230769
0.409090909090909,0.444444444444444,NaN,0.151957295373665,0.113736078299021,0.0957727873183619,NaN,0.153846153846154
NaN,NaN,0.130044843049327,0.223665480427046,0.162672966587918,NaN,NaN,0.230769230769231
0.825757575757576,NaN,NaN,NaN,0.501856226797165,NaN,NaN,0.307692307692308
NaN,0.287037037037037,NaN,NaN,0.0587242659466757,NaN,NaN,0.153846153846154
NaN,NaN,0.139013452914798,NaN,NaN,0.385072655217966,NaN,NaN
NaN,0.685185185185185,NaN,0.364590747330961,0.288558893013837,0.346103038309115,0.28,0.269230769230769
0.666666666666667,0.694444444444444,0.116591928251121,NaN,0.335470806614917,NaN,0.325,NaN
NaN,0.685185185185185,NaN,NaN,0.404319946000675,NaN,NaN,0.230769230769231
0.689393939393939,NaN,0.130044843049327,NaN,NaN,NaN,NaN,NaN
NaN,0.574074074074074,NaN,NaN,0.29260884238947,NaN,0.2265,NaN
NaN,NaN,NaN,0.474021352313167,0.471144110698616,NaN,0.2995,NaN
NaN,0.638888888888889,NaN,NaN,NaN,NaN,NaN,NaN
NaN,NaN,NaN,0.1855871886121,NaN,0.156538969616909,NaN,0.230769230769231
NaN,NaN,0.125560538116592,0.468505338078292,NaN,0.370541611624835,NaN,NaN
0.71969696969697,NaN,NaN,0.42508896797153,0.353358083023962,NaN,0.317,0.307692307692308
0.598484848484849,NaN,0.130044843049327,0.339679715302491,NaN,0.179656538969617,NaN,0.653846153846154
0.643939393939394,NaN,NaN,NaN,NaN,NaN,NaN,0.230769230769231
0.310606060606061,0.342592592592593,0.0762331838565023,NaN,0.0401619979750253,NaN,NaN,NaN
NaN,NaN,0.130044843049327,0.332740213523132,0.327370907863652,NaN,0.223,0.230769230769231
NaN,0.694444444444444,0.134529147982063,NaN,0.290583867701654,NaN,NaN,NaN
0.772727272727273,NaN,0.147982062780269,0.488790035587189,0.396895038812015,0.424042272126816,0.39,0.269230769230769
NaN,0.740740740740741,NaN,0.527758007117438,0.27404657441782,0.40224570673712,0.54,NaN
NaN,NaN,0.116591928251121,0.278113879003559,NaN,0.194187582562748,0.26,NaN
0.734848484848485,NaN,0.192825112107623,NaN,0.430307121160986,0.487450462351387,NaN,NaN
0.537878787878788,0.425925925925926,NaN,NaN,0.20620992237597,0.214002642007926,NaN,NaN
NaN,NaN,0.130044843049327,0.587900355871886,0.557880526493419,NaN,0.47,NaN
0.590909090909091,NaN,0.121076233183857,NaN,0.361795477556531,NaN,0.2795,0.230769230769231
NaN,NaN,NaN,0.454092526690392,0.421532230847114,NaN,0.315,NaN
0.78030303030303,NaN,0.125560538116592,0.551779359430605,NaN,0.443857331571995,0.349,0.269230769230769
NaN,NaN,0.15695067264574,0.61067615658363,NaN,0.521796565389696,NaN,NaN
0.590909090909091,0.62962962962963,0.121076233183857,NaN,NaN,0.194187582562748,0.2575,NaN
NaN,NaN,NaN,0.486476868327402,0.393520080998988,0.372523117569353,0.376,NaN
NaN,NaN,0.130044843049327,0.569572953736655,0.366520418494769,0.434610303830912,0.335,NaN
NaN,NaN,NaN,0.309074733096085,0.189672629092136,NaN,0.275,0.423076923076923
NaN,0.611111111111111,NaN,0.329537366548043,NaN,NaN,NaN,0.230769230769231
0.681818181818182,NaN,NaN,0.421886120996441,0.359770502868714,NaN,0.304,NaN
NaN,0.861111111111111,NaN,0.750355871886121,0.511981100236247,0.592470277410832,NaN,NaN
0.712121212121212,0.703703703703704,NaN,0.398754448398576,0.350995612554843,NaN,0.2875,0.230769230769231
0.477272727272727,NaN,0.103139013452915,0.180427046263345,NaN,0.171730515191546,0.16,NaN
NaN,0.87962962962963,NaN,0.847864768683274,0.757003037462032,0.672391017173051,NaN,0.346153846153846
0.75,NaN,0.152466367713004,NaN,0.444144448194398,0.422060766182299,0.472,NaN
0.689393939393939,NaN,NaN,0.447686832740214,0.312183597705029,NaN,0.393,NaN
NaN,0.675925925925926,0.103139013452915,NaN,NaN,NaN,0.235,0.384615384615385
0.583333333333333,0.564814814814815,NaN,0.283274021352313,NaN,0.243725231175694,0.1985,NaN
NaN,0.444444444444444,NaN,NaN,NaN,0.114927344782034,NaN,0.307692307692308
0.787878787878788,0.824074074074074,NaN,NaN,0.476881538980763,0.468956406869221,0.4485,0.384615384615385
0.5,NaN,0.0941704035874439,0.18914590747331,0.14073574080324,NaN,NaN,NaN
0.651515151515151,NaN,0.134529147982063,NaN,NaN,NaN,0.31,0.346153846153846
NaN,0.833333333333333,0.174887892376682,0.756405693950178,NaN,0.521796565389696,NaN,0.576923076923077
0.825757575757576,NaN,NaN,0.585409252669039,0.576442794465069,0.428665785997358,0.393,NaN
0.863636363636364,0.851851851851852,NaN,NaN,0.718191022612217,0.634081902245707,0.72,0.423076923076923
NaN,NaN,0.10762331838565,0.219928825622776,NaN,0.157859973579921,0.255,NaN
0.818181818181818,0.833333333333333,NaN,NaN,NaN,NaN,NaN,0.269230769230769
NaN,NaN,0.121076233183857,0.223665480427046,0.187985150185623,0.187582562747688,NaN,0.307692307692308
0.613636363636364,0.555555555555555,NaN,NaN,0.226459669254134,0.239101717305152,NaN,0.230769230769231
NaN,NaN,NaN,NaN,NaN,NaN,0.1145,0.115384615384615
0.628787878787879,NaN,NaN,NaN,0.252109348633142,NaN,NaN,0.576923076923077
0.666666666666667,NaN,NaN,NaN,0.30374620317246,NaN,NaN,0.269230769230769
0.651515151515151,NaN,NaN,NaN,NaN,NaN,NaN,NaN
0.598484848484849,0.564814814814815,0.10762331838565,0.270284697508897,0.199460006749916,0.232496697490092,NaN,NaN
0.507575757575758,NaN,NaN,0.227935943060498,NaN,0.221928665785997,0.2,NaN
0.681818181818182,NaN,0.134529147982063,NaN,0.280121498481269,0.322985468956407,0.335,0.384615384615385
0.553030303030303,0.537037037037037,NaN,NaN,0.153560580492744,NaN,NaN,NaN
0.575757575757576,0.601851851851852,0.121076233183857,0.252491103202847,NaN,0.178996036988111,NaN,0.230769230769231
NaN,0.787037037037037,0.170403587443946,0.579715302491103,NaN,NaN,NaN,0.384615384615385
0.643939393939394,NaN,0.130044843049327,0.322419928825623,0.20620992237597,0.254953764861295,0.295,NaN
NaN,0.555555555555555,NaN,0.247864768683274,0.18764765440432,NaN,NaN,0.269230769230769
0.628787878787879,0.62962962962963,0.112107623318386,NaN,0.224097198785015,NaN,0.24,NaN
0.507575757575758,0.509259259259259,NaN,NaN,NaN,NaN,NaN,NaN
NaN,NaN,NaN,0.26085409252669,NaN,0.173051519154557,NaN,NaN
0.659090909090909,NaN,NaN,NaN,0.221397232534593,0.169749009247028,0.215,NaN
0.651515151515151,NaN,0.121076233183857,0.441637010676157,0.289233884576443,0.262879788639366,NaN,NaN
0.742424242424243,NaN,NaN,0.494839857651246,NaN,0.297886393659181,0.505,0.846153846153846
NaN,NaN,NaN,0.316903914590747,0.226459669254134,0.285336856010568,0.29,0.384615384615385
0.666666666666667,NaN,0.112107623318386,NaN,0.280121498481269,NaN,NaN,NaN
NaN,NaN,NaN,0.476334519572954,0.322645966925413,0.459709379128137,NaN,NaN
NaN,0.675925925925926,0.121076233183857,NaN,NaN,NaN,0.278,NaN
0.712121212121212,0.712962962962963,0.130044843049327,0.390035587188612,0.299021262234222,0.369220607661823,NaN,0.307692307692308
0.340909090909091,0.351851851851852,0.0672645739910314,0.108896797153025,NaN,NaN,0.09,NaN
0.492424242424242,NaN,NaN,0.21423487544484,0.198110023624705,0.183619550858653,NaN,NaN
NaN,NaN,NaN,0.357473309608541,0.319946000674992,NaN,0.285,0.230769230769231
0.772727272727273,NaN,0.188340807174888,NaN,NaN,0.512549537648613,0.88,0.923076923076923
0.840909090909091,NaN,0.183856502242152,0.711565836298932,NaN,NaN,0.561,NaN
0.462121212121212,NaN,0.103139013452915,NaN,0.125210934863314,NaN,0.125,NaN
0.46969696969697,0.490740740740741,NaN,0.172419928825623,NaN,NaN,0.1455,0.192307692307692
NaN,0.453703703703704,0.130044843049327,0.307473309608541,NaN,NaN,0.2775,0.192307692307692
0.75,NaN,0.125560538116592,0.393772241992883,NaN,0.297225891677675,NaN,NaN
NaN,0.703703703703704,0.116591928251121,0.45711743772242,NaN,0.42998678996037,NaN,NaN
NaN,0.453703703703704,NaN,NaN,NaN,NaN,NaN,0.153846153846154
0.643939393939394,NaN,NaN,0.386476868327402,0.268309146135673,0.272787318361955,0.345,NaN
0.507575757575758,0.5,NaN,NaN,NaN,0.235138705416116,0.205,0.269230769230769
NaN,0.740740740740741,NaN,0.542170818505338,NaN,0.367899603698811,NaN,0.538461538461539
0.46969696969697,NaN,NaN,NaN,0.136010799865002,NaN,0.215,NaN
0.734848484848485,NaN,NaN,NaN,NaN,NaN,0.4385,0.307692307692308
NaN,NaN,NaN,NaN,0.167060411744853,NaN,NaN,NaN
NaN,NaN,0.143497757847534,NaN,0.458994262571718,0.469616908850727,0.4,0.307692307692308
0.287878787878788,NaN,0.0672645739910314,NaN,0.0479244009449882,NaN,0.0715,0.269230769230769
NaN,0.722222222222222,NaN,0.418149466192171,NaN,NaN,NaN,0.346153846153846
NaN,0.666666666666667,0.134529147982063,NaN,0.289233884576443,NaN,NaN,0.230769230769231
0.659090909090909,NaN,0.121076233183857,NaN,0.25683428957138,NaN,NaN,0.192307692307692
NaN,0.888888888888889,NaN,NaN,NaN,NaN,NaN,0.307692307692308
NaN,NaN,0.147982062780269,0.520462633451957,0.388120148498144,0.499339498018494,NaN,NaN
0.628787878787879,0.638888888888889,NaN,NaN,0.29260884238947,NaN,0.28,NaN
0.477272727272727,NaN,0.0807174887892377,0.160498220640569,0.132298346270672,NaN,NaN,0.269230769230769
0.75,NaN,0.183856502242152,0.585943060498221,0.515356058049274,NaN,0.43,0.307692307692308
NaN,0.564814814814815,NaN,NaN,0.199797502531218,0.280713342140026,NaN,NaN
0.742424242424243,0.759259259259259,0.143497757847534,0.576690391459075,0.521430982112724,0.44782034346103,0.427,0.307692307692308
NaN,0.166666666666667,0.0448430493273543,0.0243772241992883,0.0185622679716504,NaN,NaN,NaN
0.727272727272727,NaN,NaN,0.398220640569395,NaN,NaN,NaN,NaN
0.825757575757576,NaN,0.179372197309417,0.67508896797153,NaN,0.575297225891678,NaN,NaN
0.401515151515152,0.407407407407407,NaN,NaN,NaN,NaN,0.14,NaN
NaN,0.453703703703704,0.0941704035874439,NaN,NaN,NaN,NaN,0.192307692307692
NaN,NaN,NaN,NaN,0.0323995950050624,0.0336856010568032,NaN,0.0769230769230769
0.659090909090909,0.666666666666667,NaN,NaN,0.318933513331083,0.316380449141347,0.304,NaN
NaN,NaN,NaN,0.462989323843416,NaN,NaN,NaN,0.307692307692308
0.71969696969697,NaN,0.134529147982063,0.475622775800712,NaN,0.457067371202114,NaN,0.653846153846154
NaN,0.638888888888889,0.0986547085201794,NaN,NaN,NaN,NaN,0.538461538461539
0.545454545454546,NaN,0.125560538116592,NaN,0.278096523793453,0.257595772787318,0.268,NaN
0.340909090909091,0.296296296296296,0.0717488789237668,0.0724199288256228,NaN,0.0640686922060766,NaN,NaN
NaN,NaN,0.134529147982063,NaN,NaN,NaN,0.246,NaN
NaN,NaN,0.147982062780269,0.461921708185053,NaN,NaN,0.4025,0.269230769230769
NaN,0.657407407407407,NaN,NaN,0.208234897063787,0.339498018494055,NaN,NaN
0.689393939393939,0.666666666666667,NaN,0.413879003558719,NaN,0.363936591809775,0.289,NaN
NaN,0.740740740740741,NaN,0.452135231316726,0.35065811677354,NaN,NaN,NaN
0.727272727272727,NaN,NaN,0.425978647686833,NaN,NaN,0.355,0.423076923076923
0.325757575757576,NaN,NaN,NaN,NaN,NaN,NaN,NaN
0.795454545454546,NaN,NaN,0.634341637010676,0.54573067836652,0.514531043593131,0.45,0.615384615384615
NaN,NaN,NaN,0.354626334519573,0.293283833952076,NaN,NaN,NaN
NaN,0.675925925925926,NaN,0.411565836298932,0.357408032399595,NaN,NaN,NaN
NaN,0.740740740740741,NaN,NaN,0.316233547080661,NaN,NaN,NaN
0.43939393939394,NaN,0.0986547085201794,NaN,0.11609854876814,0.144649933949802,0.135,NaN
NaN,NaN,NaN,0.282918149466192,NaN,NaN,0.235,NaN
0.507575757575758,NaN,0.10762331838565,0.212455516014235,NaN,NaN,0.215,0.307692307692308
NaN,0.472222222222222,NaN,NaN,0.157948025649679,NaN,0.134,0.192307692307692
NaN,0.722222222222222,0.112107623318386,NaN,NaN,0.282034346103038,0.29,0.269230769230769
0.75,NaN,NaN,0.462989323843416,NaN,0.340158520475561,NaN,0.346153846153846
0.568181818181818,NaN,0.0986547085201794,NaN,NaN,NaN,0.181,NaN
NaN,NaN,0.134529147982063,NaN,0.446506918663517,NaN,0.2665,0.230769230769231
NaN,0.555555555555555,0.116591928251121,NaN,0.248734390820115,NaN,NaN,NaN
NaN,NaN,0.161434977578475,0.656049822064057,NaN,0.558784676354029,0.436,NaN
0.621212121212121,NaN,NaN,NaN,0.280121498481269,0.218626155878468,NaN,0.192307692307692
0.484848484848485,NaN,NaN,NaN,0.229834627067162,0.175693527080581,NaN,0.192307692307692
0.742424242424243,NaN,NaN,NaN,NaN,0.369881109643329,NaN,0.269230769230769
0.477272727272727,0.444444444444444,0.0896860986547085,0.16779359430605,NaN,0.163804491413474,0.15,NaN
0.454545454545455,NaN,1,NaN,0.21970975362808,0.149273447820343,0.1285,NaN
NaN,0.675925925925926,0.121076233183857,0.353024911032029,0.294296321295984,NaN,0.275,0.461538461538462
NaN,NaN,NaN,NaN,0.236922038474519,NaN,NaN,NaN
NaN,0.685185185185185,0.152466367713004,NaN,0.35065811677354,NaN,0.309,NaN
0.446969696969697,0.444444444444444,0.10762331838565,0.193772241992883,NaN,NaN,NaN,0.384615384615385
NaN,NaN,NaN,0.258185053380783,0.194735065811677,NaN,NaN,0.269230769230769
0.833333333333333,0.787037037037037,NaN,NaN,0.622679716503544,0.502642007926024,NaN,NaN
NaN,NaN,NaN,NaN,NaN,0.104359313077939,NaN,0.192307692307692
NaN,0.842592592592592,NaN,NaN,0.600404994937563,NaN,NaN,0.307692307692308
0.696969696969697,NaN,0.121076233183857,0.381494661921708,NaN,NaN,NaN,NaN
NaN,NaN,0.143497757847534,0.570462633451957,0.341545730678367,0.536327608982827,0.615,0.346153846153846
NaN,0.648148148148148,0.125560538116592,0.316903914590747,NaN,0.19220607661823,0.33,NaN
0.454545454545455,0.444444444444444,NaN,NaN,NaN,0.163143989431968,NaN,NaN
0.727272727272727,NaN,0.125560538116592,NaN,NaN,0.396961690885073,0.3105,NaN
0.659090909090909,NaN,0.143497757847534,0.338256227758007,NaN,NaN,0.305,0.269230769230769
0.598484848484849,NaN,0.121076233183857,NaN,NaN,0.229194187582563,NaN,NaN
0.666666666666667,NaN,NaN,NaN,NaN,NaN,0.265,NaN
0.507575757575758,NaN,NaN,NaN,NaN,0.16116248348745,0.1795,0.346153846153846
NaN,0.638888888888889,0.125560538116592,0.364946619217082,NaN,0.274108322324967,0.36,0.423076923076923
NaN,0.583333333333333,NaN,NaN,NaN,0.208058124174373,NaN,NaN
0.833333333333333,NaN,0.161434977578475,0.618149466192171,0.475194060074249,0.552840158520476,NaN,NaN
0.636363636363636,NaN,0.125560538116592,NaN,0.339183260209247,0.310435931307794,0.335,0.269230769230769
0.348484848484849,NaN,NaN,NaN,0.0674991562605467,0.095112285336856,NaN,0.307692307692308
NaN,0.75,0.134529147982063,NaN,NaN,0.372523117569353,0.311,0.307692307692308
NaN,0.731481481481481,0.139013452914798,NaN,NaN,NaN,NaN,0.230769230769231
0.553030303030303,NaN,NaN,NaN,0.199460006749916,0.204095112285337,NaN,0.307692307692308
0.674242424242424,NaN,0.130044843049327,NaN,NaN,0.344121532364597,NaN,NaN
NaN,0.564814814814815,NaN,NaN,0.173472831589605,NaN,NaN,0.346153846153846
0.833333333333333,0.833333333333333,NaN,NaN,NaN,0.657199471598415,NaN,NaN
NaN,0.277777777777778,0.062780269058296,NaN,0.0502868714141073,NaN,0.05,0.115384615384615
0.606060606060606,NaN,0.121076233183857,NaN,0.307796152548093,NaN,NaN,NaN
NaN,NaN,NaN,0.154092526690391,0.102598717516031,NaN,NaN,0.5
NaN,NaN,NaN,NaN,NaN,0.251651254953765,NaN,0.153846153846154
0.765151515151515,NaN,0.134529147982063,NaN,NaN,0.464332892998679,0.3875,NaN
NaN,0.472222222222222,0.0896860986547085,0.203914590747331,0.210259871751603,0.155878467635403,0.1275,0.192307692307692
NaN,NaN,NaN,NaN,NaN,NaN,NaN,NaN
NaN,0.518518518518518,NaN,0.199288256227758,0.128923388457644,0.16776750330251,NaN,NaN
NaN,0.62037037037037,NaN,NaN,NaN,NaN,0.295,0.269230769230769
NaN,0.712962962962963,NaN,0.406049822064057,NaN,0.402906208718626,0.2835,NaN
NaN,0.731481481481481,NaN,NaN,NaN,NaN,NaN,0.307692307692308
NaN,NaN,NaN,NaN,0.284171447856902,0.278731836195509,0.265,NaN
NaN,NaN,NaN,NaN,NaN,NaN,0.175,NaN
0.356060606060606,NaN,0.0672645739910314,NaN,NaN,NaN,NaN,0.230769230769231
NaN,NaN,0.147982062780269,0.369217081850534,0.292946338170773,NaN,NaN,NaN
0.53030303030303,0.583333333333333,NaN,0.296975088967972,NaN,NaN,NaN,0.615384615384615
0.75,NaN,NaN,NaN,0.39385757678029,0.299867899603699,0.386,NaN
0.416666666666667,NaN,NaN,0.138967971530249,NaN,NaN,0.13,NaN
NaN,0.509259259259259,NaN,NaN,0.195410057374283,NaN,NaN,NaN
NaN,0.675925925925926,0.143497757847534,NaN,NaN,NaN,NaN,NaN
0.522727272727273,NaN,NaN,NaN,NaN,0.215323645970938,NaN,0.153846153846154
NaN,0.731481481481481,NaN,NaN,0.301046236922038,NaN,NaN,NaN
NaN,0.740740740740741,NaN,0.543238434163701,0.478569017887276,0.489431968295905,NaN,0.230769230769231
NaN,NaN,0.134529147982063,NaN,0.445831927100911,NaN,NaN,NaN
0.757575757575758,0.703703703703704,0.130044843049327,0.422953736654804,NaN,0.341479524438573,0.3175,0.230769230769231
NaN,NaN,0.183856502242152,NaN,NaN,NaN,0.6145,NaN
NaN,0.703703703703704,0.139013452914798,NaN,0.307796152548093,NaN,0.3055,NaN
NaN,0.675925925925926,0.121076233183857,NaN,0.35437057036787,0.25891677675033,0.2835,0.269230769230769
NaN,0.740740740740741,0.125560538116592,0.417615658362989,0.321633479581505,0.36327608982827,NaN,NaN
0.795454545454546,0.814814814814815,0.174887892376682,NaN,NaN,NaN,0.62,NaN
0.598484848484849,NaN,NaN,0.423309608540925,NaN,NaN,0.3295,0.269230769230769
0.621212121212121,0.62962962962963,NaN,0.31779359430605,0.264259196760041,NaN,NaN,NaN
0.674242424242424,NaN,NaN,NaN,0.245021937225785,NaN,NaN,0.346153846153846
0.727272727272727,0.768518518518518,0.147982062780269,NaN,NaN,NaN,NaN,0.307692307692308
NaN,NaN,0.165919282511211,NaN,NaN,0.497357992073976,0.416,0.269230769230769
NaN,0.324074074074074,0.0762331838565023,0.0893238434163701,NaN,NaN,NaN,0.307692307692308
NaN,0.62962962962963,NaN,NaN,0.308133648329396,0.268824306472919,0.2485,0.269230769230769
0.606060606060606,0.62962962962963,0.116591928251121,NaN,0.265609179885251,0.321003963011889,0.28,NaN
NaN,NaN,NaN,0.259786476868327,NaN,0.175033025099075,NaN,0.269230769230769
NaN,0.481481481481481,NaN,NaN,0.175160310496119,0.223910171730515,0.18,NaN
0.325757575757576,NaN,0.0717488789237668,NaN,NaN,NaN,0.07,0.153846153846154
0.803030303030303,0.805555555555556,0.170403587443946,0.632384341637011,NaN,NaN,NaN,NaN
0.560606060606061,NaN,0.134529147982063,NaN,NaN,0.226552179656539,0.19,0.269230769230769
NaN,0.574074074074074,NaN,NaN,0.286871414107324,0.249009247027741,0.218,NaN
0.606060606060606,NaN,NaN,NaN,NaN,0.251651254953765,0.27,NaN
0.621212121212121,0.638888888888889,NaN,NaN,0.24198447519406,0.206076618229855,NaN,0.576923076923077
NaN,0.435185185185185,NaN,0.146975088967972,0.106986162672967,NaN,NaN,0.307692307692308
NaN,NaN,NaN,NaN,NaN,0.311756935270806,0.315,NaN
NaN,0.398148148148148,NaN,0.097153024911032,NaN,0.071334214002642,NaN,NaN
NaN,0.824074074074074,0.170403587443946,0.640925266903915,NaN,0.57661822985469,NaN,NaN
NaN,NaN,NaN,NaN,NaN,NaN,NaN,0.5
0.575757575757576,0.546296296296296,0.143497757847534,NaN,NaN,NaN,NaN,NaN
NaN,NaN,0.112107623318386,NaN,0.161322983462707,NaN,0.18,NaN
0.628787878787879,NaN,NaN,0.372241992882562,NaN,NaN,NaN,NaN
0.871212121212121,NaN,NaN,NaN,NaN,NaN,NaN,0.269230769230769
0.787878787878788,NaN,0.161434977578475,0.486298932384342,NaN,0.415455746367239,NaN,NaN
NaN,NaN,NaN,NaN,0.213297333783328,NaN,NaN,0.615384615384615
0.643939393939394,NaN,NaN,0.333629893238434,NaN,0.282034346103038,0.2045,NaN
NaN,NaN,0.125560538116592,0.361921708185053,NaN,NaN,NaN,0.230769230769231
NaN,0.75,NaN,NaN,0.452581842726966,NaN,0.395,NaN
NaN,NaN,NaN,NaN,NaN,0.463672391017173,NaN,NaN
NaN,0.25,NaN,NaN,NaN,NaN,0.044,0.307692307692308
0.71969696969697,NaN,NaN,NaN,0.416132298346271,NaN,0.295,NaN
NaN,0.518518518518518,0.121076233183857,NaN,NaN,0.159841479524439,NaN,NaN
NaN,NaN,NaN,NaN,NaN,0.317040951122853,NaN,NaN
NaN,0.712962962962963,NaN,NaN,NaN,0.373844121532365,NaN,0.230769230769231
0.727272727272727,NaN,NaN,NaN,NaN,0.368560105680317,0.34,0.307692307692308
NaN,NaN,0.062780269058296,NaN,0.036787040161998,NaN,0.04,0.115384615384615
0.765151515151515,NaN,NaN,NaN,NaN,0.441875825627477,0.3695,NaN
NaN,NaN,NaN,0.508718861209964,NaN,0.420739762219287,NaN,NaN
NaN,NaN,0.134529147982063,NaN,NaN,NaN,NaN,NaN
0.553030303030303,NaN,0.143497757847534,NaN,NaN,0.221928665785997,NaN,NaN
0.598484848484849,0.611111111111111,NaN,0.331138790035587,0.206884913938576,0.237120211360634,NaN,0.5
0.674242424242424,0.666666666666667,NaN,NaN,0.290921363482956,0.254953764861295,NaN,NaN
0.689393939393939,NaN,NaN,0.435943060498221,0.402294971312859,NaN,0.3035,NaN
0.568181818181818,0.555555555555555,NaN,0.262989323843416,0.231522105973675,NaN,NaN,NaN
NaN,0.638888888888889,NaN,0.248576512455516,0.186635167060412,0.166446499339498,0.27,0.230769230769231
NaN,NaN,0.165919282511211,0.600355871886121,NaN,0.490092470277411,NaN,0.307692307692308
0.825757575757576,NaN,NaN,0.46067615658363,0.33952075599055,NaN,NaN,NaN
0.75,NaN,NaN,NaN,NaN,NaN,0.375,0.230769230769231
NaN,NaN,0.134529147982063,0.264056939501779,0.18022274721566,0.212021136063408,0.27,0.384615384615385
NaN,NaN,0.143497757847534,NaN,0.371245359433007,NaN,0.36,NaN
0.757575757575758,0.638888888888889,NaN,NaN,NaN,0.396301188903567,NaN,0.192307692307692
NaN,0.666666666666667,NaN,NaN,NaN,0.312417437252312,NaN,0.269230769230769
NaN,0.666666666666667,0.130044843049327,0.376868327402135,0.328045899426257,0.30779392338177,0.285,NaN
0.712121212121212,NaN,0.139013452914798,NaN,0.349983125210935,NaN,NaN,NaN
0.689393939393939,NaN,NaN,0.304448398576513,0.27033412082349,0.238441215323646,NaN,NaN
NaN,0.861111111111111,0.15695067264574,0.80338078291815,0.734728315896051,NaN,NaN,0.346153846153846
0.689393939393939,0.685185185185185,NaN,NaN,NaN,0.33553500660502,NaN,0.346153846153846
NaN,NaN,NaN,NaN,NaN,0.627476882430647,NaN,NaN
NaN,0.675925925925926,NaN,0.400889679715302,0.414107323658454,0.309114927344782,0.24,NaN
0.727272727272727,0.740740740740741,0.125560538116592,0.405871886120996,0.284508943638205,0.3778071334214,0.31,0.576923076923077
NaN,NaN,0.116591928251121,NaN,0.282483968950388,NaN,NaN,NaN
NaN,NaN,0.121076233183857,0.317081850533808,NaN,0.255614266842801,NaN,NaN
0.696969696969697,0.712962962962963,0.165919282511211,NaN,NaN,0.295904887714663,NaN,NaN
0.537878787878788,0.518518518518518,NaN,NaN,NaN,NaN,0.185,0.192307692307692
0.696969696969697,0.703703703703704,0.15695067264574,NaN,0.312521093486331,NaN,0.343,NaN
NaN,0.712962962962963,NaN,NaN,0.312183597705029,0.257595772787318,0.379,0.307692307692308
0.712121212121212,0.685185185185185,0.139013452914798,NaN,0.416469794127573,NaN,0.36,NaN
0.787878787878788,NaN,0.161434977578475,0.611743772241993,NaN,NaN,NaN,NaN
0.765151515151515,0.777777777777778,0.161434977578475,NaN,0.434694566317921,NaN,0.49,NaN
NaN,NaN,NaN,NaN,NaN,NaN,NaN,0.269230769230769
NaN,0.527777777777778,0.116591928251121,NaN,NaN,0.219286657859974,NaN,0.153846153846154
NaN,0.611111111111111,NaN,NaN,0.226122173472832,0.24108322324967,NaN,NaN
NaN,0.268518518518519,0.0762331838565023,0.107473309608541,0.0880863989200135,0.0858652575957728,NaN,NaN
NaN,NaN,NaN,NaN,0.0377995275059062,0.0620871862615588,0.065,NaN
NaN,NaN,NaN,NaN,NaN,NaN,NaN,NaN
0.568181818181818,0.601851851851852,NaN,NaN,NaN,0.200792602377807,NaN,NaN
NaN,0.638888888888889,0.139013452914798,NaN,0.391832602092474,NaN,0.3365,0.307692307692308
0.560606060606061,0.611111111111111,NaN,NaN,NaN,0.206076618229855,0.1865,0.153846153846154
0.598484848484849,0.611111111111111,0.130044843049327,NaN,0.230509618629767,NaN,0.37,NaN
0.431818181818182,NaN,0.0582959641255605,0.141459074733096,0.0928113398582518,NaN,NaN,NaN
0.606060606060606,0.611111111111111,0.10762331838565,0.315658362989324,0.252446844414445,0.274108322324967,NaN,0.384615384615385
0.621212121212121,NaN,0.0896860986547085,NaN,0.268309146135673,0.231836195508587,NaN,NaN
0.681818181818182,NaN,0.121076233183857,0.40373665480427,NaN,NaN,0.292,0.269230769230769
0.696969696969697,0.685185185185185,0.147982062780269,0.40711743772242,NaN,NaN,NaN,0.384615384615385
0.742424242424243,NaN,NaN,NaN,0.396220047249409,NaN,0.288,NaN
0.393939393939394,NaN,0.0986547085201794,0.132562277580071,0.0415119811002363,NaN,NaN,0.346153846153846
NaN,NaN,0.125560538116592,NaN,NaN,NaN,NaN,0.269230769230769
NaN,0.490740740740741,NaN,0.157473309608541,0.12959838002025,0.142668428005284,0.115,NaN
NaN,NaN,NaN,NaN,NaN,0.250330250990753,NaN,0.269230769230769
NaN,0.685185185185185,NaN,NaN,0.304083698953763,NaN,NaN,NaN
0.681818181818182,0.685185185185185,0.112107623318386,NaN,NaN,0.305812417437252,0.235,NaN
NaN,NaN,0.139013452914798,NaN,NaN,0.28996036988111,0.271,0.269230769230769
0.803030303030303,0.805555555555556,NaN,0.623665480427046,0.501518731015862,NaN,0.48,NaN
0.590909090909091,NaN,NaN,0.341281138790036,0.233884576442794,NaN,NaN,0.384615384615385
NaN,0.648148148148148,NaN,0.335943060498221,0.2963212959838,0.245706737120211,0.29,0.307692307692308
0.590909090909091,0.555555555555555,NaN,NaN,0.288558893013837,NaN,0.185,0.230769230769231
0.75,0.731481481481481,0.139013452914798,NaN,NaN,NaN,NaN,0.307692307692308
0.689393939393939,NaN,NaN,NaN,NaN,0.3110964332893,0.29,NaN
0.734848484848485,NaN,0.139013452914798,NaN,0.463381707728653,NaN,0.404,NaN
NaN,0.592592592592593,0.125560538116592,0.273843416370107,0.190685116436045,0.295904887714663,NaN,NaN
0.454545454545455,NaN,NaN,NaN,NaN,NaN,NaN,0.269230769230769
0.212121212121212,NaN,NaN,NaN,0.0280121498481269,0.0568031704095112,0.045,NaN
0.477272727272727,0.444444444444444,NaN,0.1644128113879,0.122848464394195,0.112945838837517,0.17,0.192307692307692
0.560606060606061,0.555555555555555,0.10762331838565,0.246619217081851,NaN,0.197490092470277,0.23,NaN
NaN,NaN,0.112107623318386,0.304448398576513,0.255484306446169,0.274768824306473,NaN,NaN
NaN,0.722222222222222,NaN,NaN,0.464056699291259,0.416116248348745,0.3185,0.307692307692308
0.598484848484849,0.555555555555555,NaN,0.273843416370107,NaN,NaN,0.27,0.346153846153846
0.393939393939394,NaN,NaN,NaN,NaN,NaN,0.11,0.192307692307692
NaN,NaN,0.121076233183857,NaN,NaN,0.254953764861295,NaN,0.269230769230769
0.545454545454546,NaN,NaN,0.213167259786477,0.226122173472832,0.200792602377807,NaN,NaN
0.636363636363636,NaN,NaN,NaN,0.248734390820115,NaN,0.285,NaN
NaN,NaN,0.197309417040359,NaN,NaN,NaN,NaN,NaN
0.689393939393939,NaN,NaN,NaN,NaN,NaN,NaN,0.153846153846154
0.75,0.694444444444444,NaN,NaN,0.381370232872089,NaN,0.3025,0.269230769230769
