0.18793484
44.279187098569
0.121680618421053
41.9571719552132
0.173522985714286
79.3757225526024
65.3039444497025
78.7850381427082
89.9766191562176
78.3250505038184
98.096688353214
0.34567476744186
0.399867051020408
69.2001576790231
98.3866751069226
0.356019803571429
106.369976558268
147.921708969768
130.41301502038
0.568841069444444
0.627455681818182
0.642834675675676
136.163943593956
144.329612762416
0.695593333333333
0.696644390243902
120.989796116174
0.713698181818182
0.59499795
0.514847105263158
0.470009904761905
110.794425485903
0.391219402439024
104.522673530456
0.3492694375
0.363803717948718
139.16978645449
0.317157829268293
0.307937475
68.2423617758242
78.8887235007835
0.279056102040816
0.27076869047619
0.287007837837838
0.288409022222222
67.392611424906
63.4342889371065
91.6017282817602
75.9136277019649
84.5686068895561
50.0281362753545
63.9171499751969
0.22110440625
0.294973833333333
90.3065980535692
0.203845647058824
93.1471057154718
0.166676378378378
75.1312640975469
47.7199251687573
