0.201457735294118
0.168726454545455
0.112704428571429
63.6157736612959
75.4931414279627
0.20497784
0.2063308
132.693290334792
0.245521027777778
0.296718315789474
0.327025571428571
138.158852699858
143.776758962073
0.341689090909091
0.371056470588235
0.322539333333333
0.4760742
0.5032725
0.475878052631579
0.5550192
0.625427222222222
0.59710825
0.691850833333333
0.5052
0.521413
0.639292727272727
0.705616380952381
0.647791764705882
0.558836111111111
0.57547652173913
0.416914761904762
0.546619
0.323775
0.37136375
0.299050235294118
168.314829707383
180.082934482486
0.249278307692308
0.258532111111111
0.348808
0.2820289375
0.401633090909091
0.280015181818182
0.225779857142857
0.22434
0.232815923076923
0.207864916666667
0.272524875
0.235324181818182
0.323316842105263
76.8922472625829
0.1859491
0.273796764705882
0.312865857142857
0.181264625
130.920051184081
0.16358925
105.596089763994
0.278236428571429
71.2645326224069
