0.89664,NaN,0.06367,0.47137
NaN,0.45629,0.57364,0.77472
0.50601,0.50887,0.22283,0.88819
NaN,0.87116,0.090801,0.50371
0.49918,NaN,NaN,0.7164
0.21041,0.65722,NaN,NaN
NaN,0.66109,0.020225,0.38248
NaN,0.57646,0.26373,0.76896
0.32097,0.51142,0.28285,0.87196
0.37455,0.52698,NaN,0.90629
0.25029,0.047929,0.86907,0.73451
0.74282,0.34843,0.39152,NaN
0.40726,0.60193,NaN,0.64174
NaN,0.92141,0.092166,0.41552
0.61971,0.65761,0.016017,0.43645
NaN,NaN,0.20102,0.81235
0.55114,0.55277,NaN,0.78613
NaN,0.47813,0.45777,0.7632
0.49241,NaN,NaN,0.88607
0.38559,NaN,0.60807,0.86361
0.57488,0.37329,0.42773,0.75038
0.87167,0.66117,0.1661,0.85573
0.34808,0.96299,0.2311,NaN
0.48999,0.58784,0.12133,0.70406
0.72902,NaN,0.39244,0.703
0.40235,0.4566,NaN,0.82258
0.33393,0.17352,0.63026,0.71793
0.58454,0.65366,0.048536,0.60106
0.46219,0.3235,0.42426,NaN
0.8778,NaN,0.10316,0.6401
0.40933,NaN,0.26672,0.92099
0.75527,0.74975,0.14366,NaN
0.6434,0.60782,NaN,0.81153
0.39245,0.1568,0.63284,0.78472
0.61461,0.80116,0.10763,0.68324
0.22445,NaN,0.66263,NaN
0.75369,0.71761,0.11904,0.69547
0.46987,0.50608,0.20807,0.81541
NaN,0.17708,0.60948,0.69818
0.31688,0.8947,0.17038,0.27983
NaN,0.78382,0.26151,NaN
0.44237,0.21967,0.51982,0.80835
0.23688,0.20511,0.67156,0.81188
0.64481,0.55184,0.40979,0.85127
NaN,NaN,0.27174,0.90464
0.76572,0.88115,0.056286,0.46231
0.6173,0.72845,0.2318,0.77484
NaN,0.88014,0.23435,0.63057
0.84759,0.59303,0.21608,0.88983
NaN,NaN,0.23712,0.36155
0.3991,0.2415,NaN,0.88901
0.69165,0.74549,0.17772,0.66478
NaN,0.89152,0.060275,0.43751
NaN,0.53628,0.21109,0.71687
NaN,0.62478,0.26521,0.71781
0.52543,0.5705,0.16658,NaN
0.2655,0.50314,0.31958,0.83198
0.3121,0.94394,0.31858,0.41693
0.44827,0.62617,0.1723,0.64409
NaN,NaN,NaN,0.74603
0.21985,0.73364,0.25129,0.32828
NaN,0.66295,0.22431,0.58448
0.81965,0.33264,0.37572,NaN
0.32882,0.24204,0.52233,NaN
0.80004,0.50918,0.24727,0.82387
0.38179,0.29748,0.48058,0.88748
0.57162,NaN,0.25177,NaN
0.78056,0.40743,0.32489,0.76296
0.40691,0.44367,0.33608,0.83175
0.64743,NaN,0.22671,0.5719
0.4172,0.46024,0.35143,0.81787
0.72198,0.72574,0.23959,0.6722
0.33998,0.56918,0.19234,0.66032
NaN,0.33922,NaN,0.63645
0.49577,0.80078,0.27967,NaN
0.44449,0.63724,0.069283,0.47772
0.58135,0.55664,0.12864,0.83128
0.44324,NaN,0.072346,0.46396
0.48832,NaN,0.074521,0.49641
0.79866,NaN,0.26609,NaN
NaN,0.7664,0.19245,0.82081
0.64828,0.33674,0.59505,0.60753
0.68037,0.882,0.096926,0.52064
0.61945,NaN,0.15739,0.61928
0.5914,0.84963,0.13808,0.67478
NaN,NaN,NaN,0.77672
0.31688,0.8947,0.17038,0.27983
0.7548,0.50987,0.26233,NaN
0.92984,0.71707,0.12417,0.77167
0.56103,0.69694,0.021001,0.26208
0.12554,0.79195,0.229,0.10452
0.61296,0.51219,0.40772,0.83104
0.78036,0.61177,0.28414,0.82869
NaN,0.78506,NaN,0.69112
0.5768,0.6079,0.41975,0.79694
0.73785,0.73062,0.21973,0.74991
0.23234,0.026867,0.95825,0.56766
0.38449,0.33658,0.49527,0.81341
0.31608,0.45528,0.28651,0.79224
NaN,NaN,0.25805,0.087709
0.58164,0.7736,0.14129,NaN
NaN,0.69787,0.015797,NaN
NaN,0.53566,0.205,0.83716
0.84808,0.89013,NaN,0.42645
0.80378,0.3355,NaN,NaN
0.26587,0.52869,0.34176,0.74286
0.38276,NaN,0.56208,0.86232
0.45711,0.62602,0.072863,0.49124
NaN,0.49121,0.20962,0.85832
0.79075,0.39388,0.37668,0.85338
0.15769,0.29446,0.70079,0.70253
0.73182,NaN,0.044478,0.41329
0.37885,0.27781,NaN,0.81599
0.6543,0.58467,0.09796,0.77754
NaN,0.34866,0.42466,0.68736
0.60702,0.84762,0.14528,NaN
NaN,0.77499,0.25258,0.83763
0,NaN,0.23889,NaN
NaN,NaN,NaN,0.68078
0.84316,0.80101,0.14403,0.74321
0.53542,0.77027,0.30581,0.72158
0.66447,0.48773,0.46323,NaN
0.53913,0.72265,NaN,0.74051
0.60327,NaN,0.23789,0.76637
0.24659,0.66489,0.21228,0.42222
0.20316,0.74998,0.23453,NaN
0.77389,0.88533,0.052009,0.38024
0.79721,0.89508,0.058134,0.40694
0.34673,0.25226,0.55053,0.83304
0.73465,0.73333,0.20556,0.64139
NaN,0.27069,0.68105,0.73275
0.49873,0.90159,0.067805,0.22093
0.67488,NaN,0.36354,0.76943
0.61245,0.84429,0.13155,0.71793
0.70536,0.79233,0.2308,0.54721
NaN,0.78699,0.23077,NaN
0.39519,0.4326,0.41119,0.80271
NaN,0.6199,0.24162,NaN
NaN,0.37963,0.35128,0.80247
0.61517,0.6511,0.37022,NaN
0.48763,0.63035,NaN,0.51217
NaN,0,NaN,0.59248
0.36777,NaN,0.17215,0.70229
0.87055,0.32938,0.3786,0.75568
NaN,NaN,0.13037,0.78413
0.45695,0.84181,NaN,NaN
0.76579,NaN,0.30917,0.84386
0.36385,0.15989,0.6448,0.76555
0.20871,0.78188,0.22412,NaN
NaN,0.85668,NaN,0.23915
0.8177,0.80039,0.12487,NaN
0.43986,0.51684,0.2173,NaN
NaN,0.89958,NaN,0.24409
0.53171,0.68649,0.31633,0.76003
0.50774,0.52056,NaN,0.77801
0.41714,NaN,NaN,0.81588
0.65863,0.55068,NaN,0.88948
0.32249,NaN,0.61542,0.97143
0.34859,0.1746,NaN,0.75144
0.83995,0.36283,NaN,0.80635
0.76231,0.54216,0.31175,0.95344
NaN,0.63593,0.079949,0.51852
0.44866,0.53976,0.20666,0.72934
0.47119,0.62269,0.14971,0.57166
0.58707,0.5393,0.48571,0.72428
0.86995,0.81758,0.096263,0.62128
0.75561,0.54015,NaN,0.94933
0.45802,0.49663,0.21246,0.82046
0.51896,0.51978,NaN,0.8314
0.62934,0.84274,0.17326,NaN
NaN,NaN,0.42773,0.75038
0.38513,0.51498,0.18492,0.72899
0.41849,0.27061,0.43514,0.77425
0.76354,0.86605,NaN,NaN
0.80657,0.3777,0.39262,0.92546
0.4778,0.52753,NaN,NaN
0.29991,0.58165,0.25742,0.7351
0.91752,0.80705,0.11206,0.69312
0.659,0.60805,0.3112,NaN
0.85724,0.81889,0.10058,0.64339
0.64781,0.53271,0.42791,0.87619
NaN,NaN,0.24775,0.82258
0.50046,NaN,0.13222,NaN
0.50437,0.45536,0.59283,NaN
0.52533,0.53682,0.14414,0.81729
0.82286,0.87727,0.0571,0.48971
0.3782,NaN,0.51528,0.85903
0.40036,0.43236,0.29687,0.85856
0.54891,0.80085,NaN,0.48418
0.27146,NaN,0.23549,0.55967
0.63936,0.26187,0.58903,0.72804
0.23563,NaN,0.26362,0.74909
0.43536,0.51854,NaN,NaN
0.37403,NaN,0.56271,0.68842
0.49297,0.8604,0.068137,0.15802
0.39912,0.5873,0.53558,0.85832
0.88292,0.5276,0.23546,NaN
0.73202,0.63182,0.26255,0.8167
0.77226,0.67634,0.25181,0.808
0.78341,0.52404,NaN,0.96426
0.45109,0.87333,0.064592,NaN
0.82403,0.33279,0.37273,0.77461
0.81494,0.93806,NaN,NaN
0.14382,NaN,0.71209,NaN
0.2632,0.64096,0.1967,0.4569
0.557,0.69686,0.0031361,0.22222
0.74185,0.76345,NaN,NaN
0.65325,0.50592,0.45046,NaN
0.16651,0.28416,0.71829,0.67961
0.33146,NaN,0.18957,0.64268
NaN,NaN,0.77893,0.49218
0.57242,0.80635,0.10937,0.6013
0.55098,0.64638,0.056286,0.61505
0.54519,NaN,NaN,0.86467
NaN,0.78692,0.14521,NaN
NaN,0.63244,NaN,0.8361
0.3857,0.61959,0.13365,0.602
0.38736,0.43716,0.29595,0.84198
0.61241,0.65033,NaN,0.6321
0.4237,0.4621,0.35368,0.83739
0.69525,NaN,0.26056,0.85103
0.59495,0.66783,0.022513,NaN
NaN,0.62424,0.35283,NaN
NaN,NaN,0.51284,NaN
0.30654,0.58173,0.5196,0.74098
0.7741,0.36725,0.41484,0.90018
0.31688,0.8947,0.17038,0.27983
0.59178,0.66179,NaN,0.42563
0.52722,0.70198,0.0058285,0.19612
0.24968,0.53256,0.32877,0.73569
0.35817,0.56314,0.20006,0.66232
0.18335,NaN,NaN,0.67114
0.93601,0.74611,0.11612,0.74403
0.46263,NaN,NaN,0.87784
0.29878,NaN,0.33991,NaN
0.69301,0.64684,0.25417,0.74027
0.76452,0.56431,NaN,NaN
NaN,0.98707,0.35464,0.25091
NaN,0.28231,0.66879,0.67231
0.72227,0.84444,0.071088,0.65221
NaN,0.87333,0.064592,0.095002
NaN,NaN,0.19969,0.28348
0.32798,0.64801,NaN,0.51828
0.56814,NaN,0.12129,0.77155
0.74378,NaN,0.31887,0.83304
0.76209,NaN,0.31075,NaN
0.22156,NaN,0.20187,0.41235
0.53158,0.34866,0.42466,0.68736
0.33224,0.16926,0.61509,NaN
0.81414,NaN,0.20689,0.86397
0.34794,NaN,0.1964,NaN
0.31411,0.51173,0.25428,NaN
0.74113,0.87635,0.089547,0.54133
NaN,0.2573,NaN,NaN
0.79625,0.54921,0.27809,0.93087
0.33041,0.99172,0.26724,0.082417
0.29994,0.66117,0.21958,NaN
0.19217,0.30894,0.69895,NaN
0.53498,0.48455,0.26155,NaN
NaN,NaN,0.26912,0.86573
0.30872,NaN,NaN,0.59953
0.71353,NaN,NaN,0.47384
0.68861,0.55873,0.39679,0.78871
0.78545,0.88184,NaN,0.3719
0.14509,0.79613,NaN,0.095002
0.78608,0.54472,0.27525,0.93192
0.44675,0.6326,NaN,0.51005
0.23342,0.6062,0.25705,NaN
NaN,NaN,0.090947,NaN
NaN,0.91676,NaN,0.26349
0.5453,0.39326,0.36081,0.68772
NaN,0.5602,0.25642,0.86338
0.32286,0.29872,0.48671,0.78154
0.41563,0.42524,0.42474,NaN
0.80619,0.5338,0.2748,NaN
0.3473,0.98459,0.35453,0.45668
0.85594,0.6302,NaN,0.85068
0.29765,NaN,NaN,0.41059
0.43702,0.61998,0.17455,NaN
NaN,0.81843,0.217,NaN
0.4036,0.19961,0.60889,0.86538
0.37645,0.25784,0.46327,0.78248
0.87655,0.49671,0.2548,0.87901
0.29901,0.06558,NaN,0.52675
NaN,0.4796,0.34434,NaN
0.39785,NaN,0.45829,0.83175
0.36512,0.63624,NaN,0.5425
NaN,NaN,0.15602,0.61011
0.93231,0.73519,0.10638,0.74991
NaN,0.74231,0.12203,NaN
0.18299,0.29787,0.6967,0.72922
0.39643,NaN,0.64192,0.66514
0.28123,0.027563,0.90307,0.71711
0.37781,NaN,0.31585,0.29783
NaN,0.37422,0.29721,NaN
0.66611,0.56694,0.27761,0.85526
NaN,0.7547,0.23169,0.8301
0.37546,0.26256,NaN,0.72722
0.48779,0.82176,NaN,0.54744
0.75765,0.91529,0.080944,0.40365
NaN,0.84127,0.2184,NaN
0.23032,0.036236,0.90329,0.66079
0.35968,0.10871,0.63664,0.64892
NaN,0.82617,0.2287,NaN
0.14239,0.32125,0.67688,0.69841
0.54199,0.64111,0.033588,NaN
0.37104,0.26132,0.455,0.74768
0.48015,0.47619,0.57456,0.82234
0.77423,0.36763,NaN,0.88254
0.4521,NaN,0.50738,0.81011
NaN,0.39226,NaN,0.87607
0.39353,0.43469,0.3013,0.85926
0.17949,0.044442,0.89292,0.64103
0.5909,0.56725,0.45486,0.73769
0.55994,0.51336,NaN,0.65444
0.4152,0.63778,0.15159,0.48077
0.40489,NaN,0.24564,0.14097
0.83006,0.60108,0.26897,0.85279
0.31321,0.97182,0.25686,0
0.59163,0.9005,0.17249,0.40999
NaN,0.63856,0.14284,NaN
0.7884,NaN,0.34102,0.87772
0.65871,0.26055,0.59231,0.72252
0.22231,0.66613,0.21228,0.42304
0.81044,0.54324,0.26358,0.84574
0.45181,0.52025,0.22638,0.74509
0.26409,NaN,0.33681,0.84257
0.68069,0.5242,0.43655,0.90794
0.05485,0.76477,0.25037,0.1398
0.32453,0.49075,0.34335,0.88595
0.60449,0.66999,NaN,0.54098
0.68689,0.76291,0.19356,0.69465
0.36118,0.46264,0.27761,0.81047
0.47941,0.5146,0.22486,0.73663
0.37552,0.92822,0.36498,0.33274
0.46386,0.36562,0.30729,0.83198
NaN,NaN,0.37398,0.7284
NaN,NaN,0.68178,0.69618
0.5453,NaN,0.36081,0.68772
0.53966,0.62571,0.41392,NaN
NaN,0.23662,0.5248,NaN
NaN,0.79752,0.25572,0.69312
0.76732,NaN,NaN,0.79659
NaN,0.54193,0.26033,0.73686
NaN,NaN,0.21833,0.87207
0.58465,0.8285,NaN,0.62716
0.62099,0.75285,0.21984,0.55814
0.52654,0.70283,0.010627,0.19659
0.3031,0.26728,0.67939,0.73898
0.83566,0.82098,0.1218,0.64433
0.45159,0.63631,0.086333,NaN
NaN,NaN,0.25738,0.83492
0.80732,0.3681,NaN,0.77566
0.7578,0.55695,0.30278,0.89901
0.6647,NaN,0.44751,0.71546
NaN,0.76113,0.25686,0.1699
NaN,0.75362,NaN,0.78178
0.82468,0.52876,0.31567,0.88642
0.81019,0.39311,0.33903,0.79706
NaN,0.27844,0.49044,0.79024
0.050891,NaN,0.22833,NaN
0.5456,0.65172,0.052189,0.59624
0.60532,0.55501,0.12675,NaN
NaN,0.19698,NaN,0.69042
0.40755,NaN,0.32703,0.77531
0.29304,0.6031,NaN,0.74074
0.39118,NaN,0.21242,0.72275
0.45482,0.58033,0.16337,0.67196
NaN,0.85536,0.17481,0.64092
0.57101,0.77034,0.26399,0.76167
0.46353,0.51196,NaN,0.82293
0.76383,0.83779,0.086445,NaN
0.74359,0.64328,0.23664,0.7712
0.80863,0.84173,0.097517,0.72299
NaN,0.031514,0.7954,0.5438
NaN,NaN,0.30625,0.28853
0.19876,NaN,0.36295,0.69395
0.63674,NaN,0.0064574,NaN
NaN,0.65544,NaN,0.65949
0.29856,0.22888,0.73741,NaN
0.71531,0.36345,NaN,0.74768
NaN,0.63926,NaN,0.41247
0.33824,0.33442,0.5141,0.77178
0.78019,0.8813,0.059388,0.45609
0.34557,0.63933,0.18965,0.51382
0.41409,0.89958,0.10051,NaN
0.53522,0.54193,0.26034,0.73686
0.68232,0.75734,0.19511,0.798
0.44198,0.44011,0.21929,NaN
0.43824,0.86752,0.30226,0.3351
0.7924,0.77174,0.16119,NaN
0.87071,0.8223,0.11461,0.68324
NaN,0.27898,0.57076,0.796
0.70403,0.85521,0.08508,NaN
0.29511,0.20581,0.6699,0.88301
0.58133,NaN,0.44024,0.85268
0.45628,0.34905,0.32353,NaN
0.62345,0.33627,0.59471,0.58448
0.62615,0.64816,NaN,0.74415
0.57303,0.6415,0.03392,NaN
0.52296,0.4981,NaN,0.85997
0.68031,0.68587,0.012807,NaN
0.79934,0.35106,0.43219,0.88066
0.26656,0.49648,0.34113,0.8261
0.24833,0.0042582,NaN,0.55062
0.8873,0.66442,0.16063,NaN
0.18432,0.018118,0.97335,0.48454
0.35061,0.64181,0.17492,0.53521
0.72314,NaN,0.2101,NaN
0.75946,0.7657,NaN,0.74204
0.59615,0.84383,0.13236,0.70394
0.58283,0.25598,0.58478,NaN
0.35883,0.52172,NaN,0.70182
0.30145,NaN,0.20268,0.38965
0.10133,0.81944,0.23335,0.32134
0.55679,0.66953,0.030892,0.4007
0.60484,NaN,0.14679,NaN
0.39927,NaN,0.52358,NaN
0.25414,0.623,0.23439,0.66738
0.37904,0.21169,0.53296,0.66714
0.24761,0.6398,0.20534,0.45232
NaN,0.86845,0.22364,0.60824
0.59056,0.65002,0.31123,NaN
NaN,NaN,0.43559,0.7391
0.81168,0.41037,0.31437,0.83857
NaN,0.33287,0.50675,NaN
0.2192,0.010298,0.98922,NaN
0.5216,NaN,0.06725,NaN
0.62646,0.80952,0.18998,0.45385
0.8172,0.85892,0.029267,0.38389
0.47105,0.50654,0.22859,0.84668
0.45109,NaN,0.064592,NaN
NaN,0.63724,NaN,0.88337
NaN,0.88912,0.27857,NaN
NaN,0.50306,NaN,0.79847
0.8631,0.72102,NaN,0.73122
0.78797,NaN,0.33685,0.79565
0.80881,0.64011,NaN,0.83222
NaN,NaN,0.18463,0.53039
0.51158,0.77925,0.13923,0.49078
0.80145,0.80124,NaN,NaN
0.48351,0.49106,NaN,0.84304
0.84508,0.38854,0.37804,0.91158
0.59026,0.54657,0.46272,0.72546
0.49297,0.8604,0.068137,0.15802
0.66372,0.25791,0.57888,NaN
0.35813,NaN,NaN,0.33745
0.49904,NaN,0.26845,0.39295
0.45601,NaN,0.3927,0.87032
0.37556,0.26876,0.4708,0.82728
0.8974,0.63151,0.17802,0.91958
0.5126,0.60859,0.10106,0.72075
0.78886,0.79288,0.14912,0.79001
NaN,0.31978,0.47025,0.86067
0.88306,0.64677,0.1737,0.86937
0.80085,0.64948,0.25897,NaN
0.54448,0.53326,0.1424,0.82975
0.38451,NaN,0.5712,0.73592
0.31253,0.25993,0.55226,0.83093
0.57201,NaN,0.093975,NaN
0.87715,NaN,0.081608,0.63657
NaN,0.62183,0.070756,0.49536
0.87461,NaN,NaN,0.87901
0.6997,0.63392,0.31223,0.79424
0.35714,0.92048,0.32939,NaN
0.57038,0.72358,0.29994,0.76202
0.71146,0.62238,0.23619,0.82928
0.43866,0.26419,0.44249,0.80717
NaN,0.43291,0.22361,0.82857
0.71351,0.85854,NaN,0.66773
0.74867,0.3427,0.39927,0.75568
NaN,NaN,0.11631,0.66126
0.23431,NaN,0.77893,0.5204
0.75064,0.32133,0.38683,0.67337
0.57488,0.37329,0.42773,0.75038
0.53636,NaN,NaN,0.71582
0.39475,NaN,0.51004,0.76567
0.88089,0.66357,NaN,0.81435
0.64676,0.80558,0.22047,0.49748
0.44385,0.62044,0.092313,0.66784
0.82726,0.42741,0.30116,0.85997
0.32275,0.25784,NaN,NaN
NaN,0.49686,0.28514,NaN
0.50853,0.64862,0.03787,0.37625
0.32486,0.25497,0.60704,0.91629
NaN,0.55974,0.11394,NaN
0.73779,0.38761,0.34722,0.75885
0.86754,0.78498,0.086221,0.67172
0.73411,0.36159,0.42459,0.86726
0.82141,0.93101,0.051711,0.39047
0.61152,0.54038,0.14041,0.87066
NaN,0.87425,0.059573,0.47278
0.43172,0.5451,0.15462,0.73475
0.37101,0.64661,0.15086,NaN
0.54689,NaN,0.3002,0.73533
NaN,0.6662,0.027682,NaN
0.74151,NaN,0.45519,0.81482
0.47182,0.58173,0.13092,NaN
0.33333,0.50623,0.25793,0.81529
0.28231,0.24925,0.71837,0.76967
0.41211,0.87077,0.33286,0.29818
NaN,NaN,NaN,0.31417
0.6029,0.58653,0.08508,NaN
0.40711,0.15354,0.63546,NaN
0.87793,0.51421,0.24177,0.87867
0.61672,0.51684,0.49623,0.74968
NaN,0.3115,0.47774,0.8575
0.81364,NaN,0.29699,NaN
0.74363,0.35292,0.38661,0.75015
0.8208,0.31692,NaN,0.71323
0.94715,0.6264,0.17056,0.90958
NaN,0.858,0.13513,0.39706
0.45138,NaN,NaN,0.13627
NaN,NaN,0.15078,0.81011
NaN,0.65405,NaN,0.80929
0.82564,NaN,NaN,0.37472
0.57192,NaN,NaN,NaN
0.57748,NaN,NaN,0.64398
0.68471,0.62633,0.23634,0.77214
0.50268,0.65536,0.032076,0.39059
0.38478,NaN,0.12937,NaN
0.78907,NaN,NaN,0.86526
0.39224,0.50081,0.2975,0.95097
0.79028,0.89888,NaN,0.3712
0.34339,0.50391,0.28521,0.90242
0.62279,NaN,NaN,0.78472
0.31011,0.94208,0.33711,NaN
0.70999,0.85536,0.08268,0.68431
0.5111,NaN,0.27384,0.69242
0.39554,0.14564,0.57703,NaN
0.92514,0.81061,0.11487,0.73298
0.28164,NaN,0.34069,0.77143
0.77482,0.77708,0.14797,NaN
0.8119,0.86938,0.015392,0.30112
0.57076,0.8631,NaN,NaN
NaN,0.54193,0.26034,0.73686
0.56158,0.65141,0.037982,0.4007
0.5453,0.39326,0.36081,0.68771
NaN,0.011768,0.9856,0.52476
0.36682,0.52311,0.28145,0.74356
0.58945,0.66372,0.37409,NaN
0.63634,NaN,0.17282,0.63398
0.21781,0.20465,0.76857,0.63998
NaN,0.82176,0.092718,NaN
0.83966,0.7259,0.13624,0.79483
0.70051,0.72706,0.25915,0.64186
NaN,0.36547,NaN,NaN
0.77783,0.5451,0.26901,0.8689
