0.169493441666667
31.8087401142718
73.2048095310979
27.5392951233148
0.189141901639344
0.247636836363636
50.1376265232809
47.0158776557266
33.3780974232289
51.8872869832254
0.258825790322581
0.273951357142857
64.7306672268298
37.9456789150409
44.4407487175131
0.400666
92.2955014248137
100.023282122628
0.466249
0.534783175
94.2302321702714
62.5593860349843
66.1656630698765
0.648703965517241
88.3798794148253
76.7993044832051
77.1960732917375
0.689570545454546
0.654693183673469
0.541974483333334
0.485477
58.5497120762788
43.4433502347166
85.363478229579
59.5019219001526
114.091752427376
0.372604321428571
45.148889114308
62.7980721626005
58.2674253989551
52.4408826264606
50.5555197970394
54.1587025439901
38.0167946851357
61.593202996683
46.4607837087169
57.3086378491332
45.4492848395731
44.6683203283598
52.8907029126408
31.9308406487292
32.5143092283285
42.4379528938245
73.4165524076078
35.0663667163152
32.0567323971542
42.3375160368029
41.9612414369753
0.222924921568627
31.1810880660419
