0.786824602659305,0,0,0.354861897102917,0.151765404963325
0.718039513097375,0,0.0290708342111932,0.231124613622975,0.155452756408618
0,0,0,0,0.104037493291078
0.65349927161026,0,0.029047712466008,0.28192649073688,0
0,0,0,0.274931660080883,0
0.620189763259694,0,0,0.397667507264219,0.206929358243668
0,0,0.0228115770124775,0.189366110018996,0
0,0,0.0641800708561672,0.197392823812077,0
0,0,0.0508504171402469,0,0.183539499578296
0,0,0.0466379849081714,0.0953456047338218,0.149752089350065
0.848036621362825,0,0.110098431924692,0.202017434125613,0
0,0.053726694265607,0,0,0
0.543223247363338,0.0765654044646069,0,0,0.138962864518108
0,0.031118969757621,0.0103763527111477,0,0
0.738303479356835,0.0567104519292791,0,0.185549002865974,0.094319779180617
0.716959204718438,0.0518303017423828,0,0,0.142265571089018
0.768786726392807,0.0450936040639622,0,0,0
0,0,0,0,0.0774350192961382
0.590568580485702,0.0560844807066314,0,0.381357929085337,0.0794981726173742
0,0.0533934974063194,0.0271996567878093,0.209194945824481,0
0.768530289555382,0.0338041784156576,0,0,0.0384363738594832
0.477323890637873,0,0,0,0.0297555396529251
0.671253430524713,0,0.0400395440132782,0,0
0,0,0,0.425897023490399,0
0.705403178725563,0,0,0,0
0.580163792209776,0,0.0379553486069408,0,0
0,0.0344457411724487,0,0,0.138989700207018
0,0,0.0360848836182824,0.274586154630236,0
0.707203692690459,0.03492330408862,0.0151091861268752,0,0
0.727576781008397,0.0387045398505176,0.0166882005459711,0.130253569230158,0
0.608126319694895,0,0.0734592093231022,0.175069332750872,0
0.770974623665301,0,0,0.168691381558481,0
0,0.0556629318205311,0.0489197190338789,0,0
0.634872136227978,0,0.0303040587212017,0.33831205363939,0
0,0.0475189538196082,0.0264021184959,0,0
0.579798233313873,0,0,0,0
0.721225877204948,0.0508341759498854,0,0.268075825870548,0.109979681549825
0,0.0444341399161176,0,0,0.0970467963299
0.758812970247871,0.0726865772482559,0.0421820295335282,0,0.133536304853426
0.728100566889094,0,0,0.313039852266635,0.200444066756971
0,0.0710448464493746,0,0,0.131522989240167
0,0,0,0,0.197546451299614
0,0.0726276758970474,0,0,0
0.712228763483394,0.0719329864313231,0,0.292179133324067,0.109287704142919
0,0.0427681556196797,0,0,0
0.7742810220372,0,0.0322863111949855,0.392263193079301,0.250330973496562
0,0.0524273997536537,0.0351969308830156,0,0
0.71400199693367,0.0428449583619419,0.0208973944383848,0.156251199671704,0.157158739489355
0.656227323072222,0,0,0,0.174168732588749
0,0,0,0,0.198964909142025
0,0.0725110281230854,0.0470136323089407,0.242213220547646,0.0786349579574207
0.7924334764651,0.0628217558492795,0,0,0
0.778487677391546,0.0537428632639779,0.0280864437207979,0.358632672107385,0
0.705506844681118,0,0,0,0.202582615585146
0.701774870281153,0.0671209770232759,0,0.410272499222282,0
0,0,0,0,0.0404385079356966
0,0,0,0.278386714587346,0.165040125744371
0,0,0,0,0.109124773174534
0.72088214272074,0,0,0,0
0,0,0.026665201210025,0.337728268567609,0.199152120019424
0.708305825481092,0,0.034822578818111,0,0.13892069414982
0,0,0.0248841143960325,0,0.164506606691032
0,0,0.023660734438596,0,0.135598180284714
0.52122860525641,0,0,0,0.115365987681141
0,0,0.0513044323608319,0.0942203954117935,0
0.757350734664259,0.0423119588799273,0.0201996617748524,0,0.141500753955069
0.701218347782913,0.0435488872553068,0.0231435068278125,0.332764109793954,0.119726787129092
0,0.0402781298705499,0.0182740802451501,0.212667209414693,0
0.755572045111059,0.0526658924796256,0,0,0
0,0,0.187693583897058,0,0
0,0.047331855409887,0.0252460312366358,0.174680142703018,0.117098806450788
0.760586203698147,0.0656305418520086,0.0504080599424443,0.221371696352336,0.249568073197536
0.720341988531272,0,0.0252562643899671,0,0.225046004038132
0.644458509065315,0.0511009644230064,0.025846872777487,0,0.196843611828149
0,0.121386445413173,0.121548553300901,0.161500632102884,0
0,0,0,0,0.211682469905692
0.674101516251003,0.061551334548703,0,0,0
0,0.11777729399108,0,0.433756941548685,0.110637155928131
0.701643923810979,0.0355198246356634,0.0173602207925888,0,0.165605592046413
0.660308488059319,0,0,0,0.0603034349681805
0,0,0.031954510913237,0.356964714759437,0
0.758600182233838,0,0.0393225756121547,0.373807112646691,0
0.624139981776616,0.0713803531655723,0,0.398567012834005,0.0722876785851203
0.727151204980331,0,0.024834308732034,0,0.177399877322565
0,0,0.0679540318980343,0,0
0.686683289593575,0.0963435542576726,0.087286919679008,0,0.150152068903826
0,0.0687979331400368,0,0,0.133993150509878
0,0.0616188978633246,0.0349229673476269,0,0
0.72999929070662,0.0500124443541034,0.0290644870654561,0,0.113033199580852
0,0,0.0209657234052489,0.109376964979515,0
0,0,0.0191784837458989,0,0.155690443938968
0,0,0.0268199938458593,0,0.22955887238991
0.714563975534835,0.0803489500834147,0,0.278300669168603,0
0,0,0.0567817600648082,0.35266244382227,0
0.681025310861464,0.0711949871485336,0.0404929115659309,0.44131371497786,0
0.675820188672039,0,0,0,0.215042042579293
0,0,0,0,0.217519232243719
0,0.0492513465022125,0.0242364464636716,0.280309498752341,0
0,0.0717164373459975,0.0444397999457384,0.331916893363251,0
0.679001096676688,0.0281236628093981,0,0.126751520687304,0
0.691386450313999,0,0,0,0.155011245431543
0,0,0.0298412352167366,0,0
0.646706423469972,0,0,0.249848758629363,0.152578781915301
0,0,0.0318150032406065,0,0
0,0,0,0.415831033273102,0.287975694533187
0.702735144395764,0,0.0423711485697776,0,0
0.751398126374256,0,0,0.206022517424197,0.16033621284535
0,0,0,0,0.174661359163749
0.632296855647885,0.0525683010251722,0.0273010168192238,0,0.226617808674317
0,0.0453869558915499,0,0,0.14287831931914
0,0,0,0.443920891165783,0
0.680839803362051,0.050272303256494,0.0263436340816078,0,0.22954162087561
0,0.057605521481958,0,0.28637702454942,0
0.785536962369258,0,0.0336548335360642,0.411060145747702,0
0.688167349588883,0.049989345785002,0.0252199302189616,0.318527564318951,0
0.626769823385948,0.0379907940652847,0.0163882655264947,0,0
0,0,0.0246759539225717,0.167800480530569,0.173488256191377
0.779502512535396,0,0.0348536668788643,0,0
0.676540394257997,0.0603219132082815,0,0,0.156153040100187
0,0.0541597924362581,0,0,0.241194699312495
0,0,0.0607552028298425,0.191412667209415,0.157238607611113
0.655507117486264,0.0499541204671224,0.02668631518462,0.390233183084794,0
0.704546570566507,0,0,0.374040097165134,0
0,0.0366435700224461,0,0.166685199526088,0
0.685799400919899,0,0,0,0
0,0.0527484698641631,0,0,0.170489048483145
0.622634097369613,0.0750928706843933,0,0.41475546553881,0.176578833030899
0,0,0,0,0.106184348403915
0.539599849411559,0.059790068654722,0,0,0.178647736856902
0,0.0670129912127269,0.0390978348396254,0,0.145273085081913
0,0,0,0.256701945288351,0.128068213765431
0.674767160807721,0.0681205676011385,0,0.357516729215067,0.120821938814629
0,0.0630527415402934,0.0472072850207166,0.33820284214637,0.10754210647379
0,0,0.0345401955996016,0,0
0.713396369509114,0,0,0,0
0,0.0756922785525744,0.048255859403209,0.31003355771331,0
0,0,0.0257260827081017,0,0.202928284816112
0,0.0404080593217452,0,0,0
0,0.0525631038471244,0,0.256987880833714,0
0,0,0.0482590977428708,0,0
0,0.0556467628221601,0,0,0
0,0,0.038650296298364,0.322768941575161,0
0.833839841554771,0,0,0.214833568303515,0
0,0.0518245271001074,0,0,0
0.69318150817597,0.382159473676004,0,0,0.149598742556291
0,0.0622119536250028,0,0,0.198667799729087
0.739618400161501,0,0,0.293205721358459,0.137835765583868
0.768317501541349,0.0506343733271583,0,0.313438970632037,0.106088506657807
0.661274218276854,0.0463472789019402,0,0,0.0992000408924784
0,0.0905400387709482,0,0,0
0,0,0,0.181357267197501,0
0.684440831291841,0.21116769618914,0,0,0
0.610046867924117,0.0748491807803736,0,0.260247678428414,0.0831816903928234
0.64069925415073,0.0427173387676567,0,0,0.158238556495515
0.64674461619044,0,0.0358944692461683,0.433175804028249,0.194953612594883
0,0,0.0362616969638169,0.255582692956852,0.0866166585733636
0,0,0.0898665810536016,0.182570507601782,0.24200615942955
0.778624079964644,0,0,0.313210619328449,0.113573747028906
0,0.0715853529663471,0.0406379891827797,0.41025396636286,0.194681422035934
0,0,0.0337662324204303,0,0
0,0.0467168560075625,0,0.229270665792975,0.313376951976896
0,0.0560804384570387,0.0320453787241473,0,0
0,0.071483719262301,0.0409138957219655,0.491286246632646,0
0.662801927095553,0.0901300391693985,0.0758380936386638,0.246645883388601,0
0.477885323628745,0,0.0216457747342279,0,0
0,0.0519943015830027,0,0.386211552590298,0
0.709113328713833,0,0.0628167298585474,0,0.0691811281212462
0,0.0757482925826452,0.0447798256102279,0,0.105779896235336
0,0.0562756213659454,0.0315484231196467,0.338276973584056,0.26225049198763
0.699701551170061,0.047431179257023,0.0271087242101058,0,0
0,0,0.0537053373860938,0,0.0610699772535589
0,0.110892188006184,0.0837642537948969,0.172613066989668,0.125316916707133
0.698042895881188,0.0514376260676592,0.0308849520897362,0.309351813241728,0.186088251079817
0.711192103927849,0,0,0,0.187536100391034
0,0.061551334548703,0,0,0
0.670107648910689,0.200835706230088,0.206177379018707,0.348704354560076,0
0.649150757579891,0,0,0.16182164770358,0
0,0,0.0420913560229976,0,0.199261379609988
0.676365798964432,0,0,0,0
0,0,0.0428484798359275,0,0.0998709331152401
0,0,0,0.237017401031221,0.197858895391929
0,0.026585875571473,0.0153310123937088,0,0
0.695538544639106,0.059356970484071,0,0.251186433946903,0.142140337874102
0,0.0545784540012207,0,0,0.174736754670688
0,0.0602231668253731,0.0327370880759087,0,0
0.717482990599135,0.0483210516316541,0.0211420186164375,0.360716295016646,0.181213739872722
0,0,0.0230336623464841,0.192911843159058,0
0.668307134945794,0.0607769550195789,0,0.373255760078897,0.175510517034273
0.749079282631588,0.0645674302091171,0.0363465414629562,0.319129882250154,0.111897155416975
0,0,0.148318611949175,0.225096801096086,0.514323868428451
0,0,0.0225957092906216,0,0.0852352595394484
0.698402998674167,0,0.0531366849414809,0,0.11498645436655
0.757814503412792,0,0.0222431188682443,0.220971254211261,0.138020420681371
0.726474648217764,0.0399622569380883,0.0174470730623184,0.129193886803942,0
0.619382260026953,0.0634535017142026,0.0320693424376446,0.366830814850116,0.183849387890715
0.748697355426913,0,0,0,0
0,0,0,0,0.130777979400414
0.766211445812714,0.0637664873255264,0,0.335787613431028,0
0.669600231338764,0.048643854134846,0.0240131305605935,0.180592786746358,0.145685843535155
0,0.051991414261865,0,0.221131431067691,0
0,0.0726386477173705,0,0.212796939430644,0.118429089886779
0.734413277972076,0.0516189498351051,0.0305576854835142,0,0.0987681140900146
0,0,0,0,0.113106039307895
0.617647219297145,0.0648428806456512,0.0341671388705617,0.423056862784033,0
0.712436095394503,0.04576173017522,0,0.153435528815287,0.136807703120607
0,0.0666370620006017,0.044406768881188,0.266693804067963,0
0.660057507324818,0.085494733814977,0.0647098632248384,0.0851108331182198,0.238632529966519
0.685706647170192,0,0,0,0.1496773327881
0,0,0,0,0.237040918036139
0,0,0.0211276403883391,0.166288066824196,0.0950251744319779
0.644420316344848,0,0,0,0.108298617323076
0,0.0362584013826803,0.0175552336070227,0.11907031234487,0
0.79875709975393,0.0520422311138881,0,0,0.127273366217701
0,0,0,0.366354917495681,0
0,0,0,0.316407537578682,0
0.532749712190571,0,0,0.190103453068843,0.127279116722468
0.691948428915163,0.0505148382320586,0.0276521823721498,0,0.176403123163033
0.752472978650269,0.0488661778624468,0,0.248649417869648,0
0.601306191039988,0.056824789846331,0.0315102754784307,0.31521150625815,0.157519104454724
0.762986888984674,0,0.0352468013138074,0.336404492894634,0.14917831676336
0.59233090173013,0,0,0.27663933069902,0
0.724848729546434,0,0,0,0.237350806348557
0,0.051135034812431,0,0,0.135162419812406
0.728569791740551,0.0436516758878079,0,0.174298233421364,0.134600148235234
0.671515323465062,0,0.0242364464636716,0,0
0,0.0615444049779726,0,0.341323643295407,0.38275934776497
0.632689695058408,0.0677411736036482,0,0,0
0.696842553237924,0,0.0225339865366676,0,0
0.7382270939159,0.0513550486831217,0,0,0.157442431057837
0.735089834734643,0.07478912450071,0.0422597496854115,0.388295837387396,0.149858793160733
0.721978819408449,0.0498865571525008,0.0454022344932267,0.193152108443703,0
0,0,0,0.209707908897758,0
0.692854142000535,0,0.0324391608270228,0.330350204854285,0.219308917116058
0.680659751965561,0,0,0.269981400951795,0
0,0,0.0441043079567754,0.52829371934632,0.1225049198763
0.670756925158636,0.0611759828008054,0.03436143925027,0.341082054235089,0.194125539908503
0.711530382309132,0,0.0304347581099521,0,0.215534030209318
0.805757279805326,0,0,0.287169304289695,0.132044368338999
0,0,0,0,1
0,0,0,0,0.138281749175761
0.742804764269073,0,0,0.160633559037086,0
0.742150031918202,0,0.0278156537582778,0.244175717982831,0
0.80533170377726,0.20090788925853,0,0.282419597175063,0
0,0,0,0.313356896540312,0
0,0,0,0.197857469073291,0
0.740431359497166,0,0,0.202206734046848,0
0,0,0.0368297017404975,0.414966607758649,0
0.627850131764886,0.0559886216448606,0,0,0
0,0.049932176826476,0,0.30553205853736,0.192990134689601
0,0.069290510126124,0.0398316426069903,0,0.193931300636389
0.7042028360823,0.077804065232669,0.0427558633216,0,0
0.689116711497646,0,0.0300654578549199,0.303475573029394,0
0,0.0627928826379028,0,0.297022166623644,0
0,0.0494933040135496,0,0.323546659783033,0.134703657321032
0.743797775001228,0,0,0.233502114731638,0
0.601109771334726,0.0495400786159799,0,0,0
0.815992928890611,0.107863965596991,0,0,0.190809415493138
0,0.0498628811191719,0.0267783487978085,0,0.182990006900606
0,0.0778358257651834,0,0.403586108298088,0.140486109336264
0.680414227333984,0.0582020420290014,0,0.461004878113355,0.0602496996958622
0.771383831384595,0.054665073635351,0,0.354399899393049,0
0.669125550384382,0,0,0,0.148813479183173
0,0.0380421883815352,0.0175457776552102,0,0.107381731285302
0.635428658726218,0,0.0591243749761577,0.418158892794027,0.154325657474378
0,0,0.0151509607085125,0.219273511910672,0
0.677216951020564,0,0.0248147491604767,0,0
0,0,0,0.152644572850685,0
0,0,0.0383024986186862,0,0.149693306412452
0,0.0806267103768589,0,0,0.100975668975388
0.598965522885624,0,0.0232289342280909,0.277955825605793,0
0.599985814132398,0,0.0317061950279698,0,0.151731540879699
0,0.0458443075597574,0,0.196613781828531,0
0,0,0.0330259479737418,0.307761958658486,0.147556674419199
0.666081044952832,0,0,0.247518251557091,0
0,0,0.0265916261329088,0,0.0873297211644133
0.720925791544132,0.0395164545544315,0.0204767988831096,0,0.0887047307485879
0,0,0.0290339819058419,0,0.130293020165103
0.735624532821187,0.0498530642273038,0,0.263271182065487,0.218048917627214
0.64232517282206,0,0,0,0.218244434789276
0.681385413654443,0,0.0439184272601879,0,0.114034426355202
0.743399479487781,0.0430066483456516,0,0,0.130285991770389
0,0,0,0.333778121959453,0.105558821274312
0,0.0621628691656624,0,0.446863644486805,0
0,0.0795878522315239,0.0568614232204886,0,0
0,0.0467982784636449,0,0.266405220971254,0.161315715490582
0.706363452840174,0.0498386276216154,0,0.168747642024583,0
0,0.0775927133253912,0.0489501594266999,0,0.179510951516855
0,0,0.0373161003577005,0.39877153617548,0.25425345669231
0.722082485364004,0,0.0319037985141332,0.401060344314053,0.192904516063077
0.752172892989453,0,0.0213272516450927,0,0.107736345745904
0,0.0569726206885799,0.0315499775226844,0.310901292666945,0.133381680169704
0,0,0,0.21276384503882,0
0,0.0831814121194727,0,0.474847600325649,0
0,0,0,0.235054903596037,0.103086743169678
0.742902974121704,0,0.0259682457480114,0,0
0,0,0.0266902659590074,0.260549499281852,0
0.650787588457069,0.0610067857821378,0,0.364369253986219,0
0,0,0,0,0.141808725432566
0.695789525373607,0.0505298523019745,0.0288749794284473,0.271023874294262,0.168261686303576
0,0.0598431953636552,0,0,0.193111534234672
0,0,0,0.258990091539088,0
0.684489936218157,0.0404496367461277,0.0267486208397131,0.10143960604436,0.093505763283666
0.723975753078606,0.0563755226773089,0,0,0.12708423850538
0.64671733567582,0,0,0,0
0,0.0743710403999748,0.0521774887336544,0.311260035874321,0
0.821367190270677,0.108317852479833,0.0934442987119634,0,0
0.731679770407189,0.087388816481291,0,0.529883573929562,0.226853579369745
0,0,0.0360991323127943,0,0
0.65961556298798,0.0549682423548067,0.0281224540578371,0.296944725746775,0
0,0,0.0349832004653365,0,0
0.715355110458804,0,0.0484877245229942,0.298768888624134,0
0.650307451399763,0,0,0,0
0,0,0,0.204655719041851,0.106433536943798
0.681658218800639,0,0.0376334576445574,0.465113215914431,0
0,0.0586189712012815,0.0291839170321835,0,0.140440744243106
0.756608704666605,0.0522720618764469,0,0.298333366427725,0
0.673223083680251,0,0.228687078007911,0,0
0,0,0,0,0.105352442047691
0,0,0,0,0.180399085030797
0,0,0.033227372700706,0.386873440426785,0.284676821632121
0.77133472645828,0,0,0,0
0,0.0691738623521619,0,0.388859103936247,0.0744275053032433
0,0,0,0,0.150594857770849
0.605327338894921,0,0.0350848843307171,0.336735436812878,0
0,0.0493298816371573,0.0296827508736878,0,0
0.69229216339937,0.0841053548835283,0,0.447672471422993,0
0.70788570555595,0,0,0.251917158118385,0.120867303907787
0,0,0.0322053527034404,0,0.102279755667442
0,0,0,0,0.153230505788841
0,0,0,0.354292673563538,0
0.661350603717789,0,0,0.172774567621771,0.249915659263424
0,0.110696427633049,0,0,0.0704947989879112
0.654525018959958,0,0,0.432522520733636,0.192795256472513
0,0.0550519746677993,0.0244130655088264,0.304558421529888,0
0.706756292250697,0.0487137273063777,0,0.270661159759867,0.208715209446163
0.667679683109542,0,0.0431943345118083,0.295431650152565,0
0,0,0,0,0.0949925882383009
0,0,0.293909181800453,0.453972319850678,0
0.708529525700973,0,0,0.173502644241907,0.0984435300431927
0.61876572039655,0,0.0303497840772264,0.41677157588875,0.159225726480436
0,0.0598738009677146,0,0,0.132694814322591
0,0,0.0326561295843636,0.410039514703838,0
0,0,0,0.202572758020426,0
0.626087810520458,0.0668160759111375,0,0,0.14622511309326
0.78293985737747,0.0869043239943894,0.0639838274726618,0.319311901405188,0.0967969688450431
0,0.0534206382250135,0.0602726902202336,0,0.0978371712628108
0,0.0419314099539819,0,0.127647054930072,0.0856889104710302
0.644676753182272,0.0637537831125207,0,0,0.182165128939096
0.577233864939628,0,0,0.398257911214366,0.0804259207197076
0,0.0682389477677832,0,0.150106894885593,0
0,0.328455300515271,0.309426010123957,0.408495330381314,0
0,0,0,0.333140062085079,0.167733278810029
0,0.0622968408664504,0.0308308718173841,0,0.161284407186853
0.657798680714313,0.0560504103172069,0.0302952504373216,0.313499864312994,0
0.640055434005707,0,0.0427357856156968,0.30902351687483,0
0,0.0401851581299167,0.0215162411477556,0,0
0,0.0541597924362581,0,0.22114665448793,0
0,0,0.0297416238887395,0,0
0,0.0747931667503027,0.0503426454812759,0,0
0,0,0.0314337858956188,0,0.194798348966187
0.689716882819278,0.0828990321122082,0,0.235538743604509,0.259215503360851
0,0.0418886776011443,0,0,0.16307856467401
0,0,0.0224014089109134,0.175473746218966,0.133996345234748
0,0.0489989946347799,0,0,0
0,0,0.0499812467750185,0,0.147407800240243
0.659113601518979,0,0.0448756804642173,0.121059285293514,0
0.685712103273116,0.0591866185369482,0,0,0.339517468755591
0.866838352038673,0.0704442836527384,0,0,0
0,0.0548706509003534,0.0362927850245702,0.223412296552226,0
0.709380677757105,0.0445854355437316,0.0214086635041905,0,0.293395225803154
0.583497471096295,0.116424295305967,0.107366568585994,0.221907825499891,0
0.638996950038465,0,0,0.329648603747609,0.224784036598768
0.663773113416011,0.0491791634737707,0.0259815229406248,0.31209864776315,0.194058450686227
0.711754082529013,0,0,0.455802439718565,0
0.642587065762409,0.0683013139043569,0,0,0.199403225394229
0,0,0.0642992417557215,0,0.219930610575817
0,0.0626820095062161,0.0309878665241883,0.24422668334624,0.0989534081324916
0.704732078065921,0,0,0,0.137660694660976
0,0.0737722099960213,0.0575790392895446,0.0925292719895686,0
0,0.062597699728996,0.0374015925247722,0,0.158563140542337
0.749581244100589,0.0570014938999566,0.0302017919546819,0,0.110954711580239
0.410799264517326,0.139047033883868,0,0.220739593468491,0
0.74492718830648,0,0.028689163498653,0.356757543866616,0.0950360364965369
0.623463425014049,0.140928412337177,0,0,0
0,0.0485774457486795,0,0.286167206105253,0
0.621690191563774,0,0,0,0.110406496792496
0.730184798206033,0,0,0.279346451950253,0.0988658726710456
0,0.0573219865462384,0,0,0
0,0.0631797836703511,0,0,0.190602397321543
0.552566823620561,0.0899625745434134,0.047552492028665,0.554463440625352,0
0,0,0.0365641578882295,0.339004388316356,0
0,0,0,0.333181099130941,0.179268152426713
0,0.0336765588213724,0,0.067376210427381,0.108721598895903
0,0.0339127416904341,0,0,0
0.706756292250697,0,0.0206650111842537,0.084579999073357,0
0.729382751076216,0,0,0.426119417803459,0.146476218468066
0,0,0.0273051618939909,0.326123389130478,0
0.741571685008266,0.0777139808131735,0,0,0
0.691571957813412,0.0824555395854615,0.055367253300532,0.278698463758332,0
0.725645320573327,0.0541875107191797,0,0,0.154125667697498
0.830882633770003,0,0,0.30943256355778,0.140050348863956
0.699903426978246,0,0,0.414037317236221,0
0.690257037008746,0.0756206729883601,0,0.444586088441453,0
0,0.0425383248571209,0,0,0.158837247936208
0.624740153098248,0,0.0674805866394784,0.234259314416579,0.0554255373527232
0,0.0436972955617832,0.0201790011678101,0.183381982089315,0
0.616015844522891,0,0,0,0.142828481611164
0.688521996278938,0,0.0206930552057249,0.234414196170317,0
0.620064272892444,0.0553147208913276,0.0313607937196418,0,0
0,0.0375328649328496,0,0.169553821409424,0.175771845528663
0,0.0541060882630973,0.0276103430237193,0.327042089447522,0.129335241648989
0,0,0,0.0913008081650484,0
0,0,0,0,0.15295639839497
0,0.0630527415402934,0,0,0
0.639766260550739,0,0,0.471264139578907,0
0,0.0601169134075067,0.0310199260868402,0.278358915298214,0
0,0.0859705643384656,0,0.506013250994486,0
0.725847196381513,0.0511148235644672,0,0,0
0,0,0.0381366956280018,0.389113930753295,0.105961356607969
0.713549140390984,0,0,0.43960472058405,0
0,0,0,0.199433424011967,0.126077900171237
0.618421985912342,0,0.0295719996572542,0,0
0,0.0605118989391404,0.0358944692461683,0,0.30078398548317
0,0,0.0196842476342796,0,0.154111610908069
0,0.0544485245500254,0,0,0
0.529651191340073,0,0,0,0.0744473125974391
0.559217813084826,0.0568369165951092,0,0,0.139142408055818
0,0.0413793541524586,0.0188335358051235,0,0
0,0.0616310246121028,0,0,0
0.677113285065009,0,0.0268675974388878,0,0.111380887877936
0,0,0.046378917735227,0,0.092072609706852
0.65481964851785,0,0.42740973435835,0.556978614404003,0
0,0,0,0.392234731902332,0.0976250415314233
0,0,0.0358193397660144,0.407869184487997,0.14804802310425
0.56269880675029,0,0.023660734438596,0.21588596996353,0
0.659119057621903,0,0.0237326903458812,0,0
0,0,0.0301072324365572,0,0
0.650192873238361,0,0.036678147444325,0,0.125694533186802
0,0,0.0321069071777216,0,0.104976742402944
0,0,0.0483523619251308,0.486516020995082,0.149638357144683
0,0,0.0299359242684477,0,0
0,0,0,0.277078162334611,0
0.751261723801158,0.0553147208913276,0.0281686975482077,0,0.243515347458277
0.684304428718743,0,0,0.323356036086125,0.135623738083676
0,0.052871469744628,0.02802284272984,0.314269639866828,0
0.767580927646619,0.0464015605393285,0,0,0
0.68409164070471,0.0605390397578346,0,0,0
0,0.0520202874732417,0.0304334627740874,0.197106888266714,0
0.7232446352868,0.0713023954948551,0.0470078032975495,0.271311795503134,0
0,0.0666538084632002,0.0359974484474137,0.478725601159628,0
0.632962500204604,0.0793008525104391,0,0,0
0,0,0,0.282460634220925,0.221731157512715
0,0,0.0443141523668604,0,0.197834615482915
0,0.0614081234202744,0.0330356629927271,0,0
0.638325849378823,0.137892105428799,0.115125630415678,0.245118908149825,0
0,0,0,0.270682340170635,0.106444399008357
0.646520915970559,0,0.0337260770086239,0,0
0.682569387988935,0,0,0.394021829060847,0.110433971426381
0,0,0.0352468013138074,0.404082524175453,0.246517110946405
0.661781635848779,0.0601267302993748,0.0296336576444149,0,0.204004268152427
0,0.0655895418918537,0,0,0
0.707307358646013,0.0479058548520566,0.0348886409472118,0,0.163183351649756
0.657618629317823,0,0.03469887424303,0.426688641342838,0
0.626889857650275,0,0,0.277082795549466,0
0,0.0463640253645387,0.0232649445651302,0.246553219091493,0.102193498095944
0.744632558748588,0,0.0416127294209829,0.227713905601557,0
0.792313442200774,0.050761415457216,0,0,0
0,0.0465372646327992,0.0234592449448384,0,0
0,0,0,0.373635683697041,0
0,0.0491422057632085,0,0.252774964754473,0
0,0,0.0719339513423922,0.210917839862857,0
0.546805178932895,0,0.0290939559563785,0,0.183881335139418
0.694578270524495,0.0780650790635147,0.0437649299602183,0,0
0,0,0.0280118971417831,0.275918534845085,0
0,0.0653625984504325,0.0321379952384749,0.349278211314311,0.0813843381807959
0,0,0,0.38068478915563,0.21526822910011
0,0.056916606658509,0,0,0
0.637676573130875,0,0.0364857900684138,0,0.247664656119815
0,0.0858862545612455,0,0.523105842483933,0.164091292457894
0,0.0740696040732017,0.0411885069252865,0,0.120976563498352
0.67591839852467,0.0868384930724504,0.052833576349136,0.348348258904046,0
0.640535571063013,0.083451665377959,0,0,0.114270835995604
0,0.0766364325645937,0.0481755485795962,0.373394094636723,0.128141053492473
0.710821088929022,0,0.0205354775977815,0.237929482469901,0.128134664042733
0,0,0,0.264313655407955,0
0.708589542833136,0,0,0.336449501267515,0.0601406317887904
0,0,0.0436723134458907,0.466423091942839,0.209809722186725
0,0.0599869839563114,0,0.303656268408755,0
0,0,0,0,0.105405474480538
0,0.0671117375956353,0,0,0
0.685221054009963,0,0,0,0.175038975643418
0.743808687207075,0,0,0,0
0,0,0,0.546923214392089,0
0,0.0498796275817704,0.0276462238271721,0.209973987808026,0
0,0,0.0304170767753987,0.0165756570891497,0
0.631009215357838,0,0,0.428070001257587,0.147833337592966
0.542654721438665,0,0,0,0.0428558284560533
0.55041166296561,0.0641100785409096,0.0335531496706835,0,0
0.735231693410664,0.0451657870924041,0.034307682811884,0,0
0,0.0580865491834945,0,0,0
0.874253195912288,0,0,0.388859103936247,0
0,0.0595325196092415,0,0.316471740698821,0.247801390344264
0.783921955903776,0.0491849381160461,0.0238378716180966,0,0.105620159991822
0.798162384535222,0,0,0,0
0,0.0579340986274253,0,0.275463817901418,0.127874613438291
0.865768955865583,0.0525925545227287,0,0,0
0,0,0.0226172766327692,0.221732425223222,0.0264892529455363
0.696422433312782,0.0457715470670881,0,0,0.321956066143584
0,0,0,0,0.271445549109311
0,0.0516576399383499,0.0393128605931693,0,0
0,0.0554111574173259,0.0335194709382007,0.401986325397298,0.173481227796662
0.586814781674042,0.0691738623521619,0.0391328089079729,0.361390758722027,0.127504664298311
0.736050108849253,0,0,0,0.193611189204386
0.661181464527147,0,0,0,0
0.610701600274988,0,0,0.185404049429784,0
0.688532908484786,0,0.0488083201495129,0.435407689812884,0
0.707411024601568,0.0402677355144542,0,0,0.0848116390216475
0,0,0,0,0.18674828123802
0.73881089692876,0,0,0.16285617839201,0
0.700727298519759,0,0.0282758218242202,0,0
0,0,0.020782239080011,0,0
0,0.0453055334354675,0,0.249200770437442,0
0,0.0619792355413063,0.0292952511497563,0,0
0.727216678215418,0,0,0,0
0,0,0.051433965947304,0,0.135941932680757
0.653810269476923,0,0,0.376500996141194,0.225717535205868
0,0.0524366391812943,0,0,0
0,0.0541055107988698,0.0292222589737792,0.246690891761482,0.161647966877093
0,0,0.029417789922559,0,0
0,0,0.0262292559247529,0.273143239146694,0
0,0.0527709909690369,0,0.416210956891245,0.117485368160094
0.700918262122097,0.0357173174014803,0,0,0
0.727975076521844,0.0517887243180003,0.0340602736617222,0.138070464579072,0
0.726627419099634,0,0,0.104655719041851,0.130983080737087
0.749150211969599,0.0597421391238366,0,0.269939702018096,0
0.783981973035939,0,0.0265032842269348,0.302052514180947,0
0,0.0351225292471194,0.0142623603053132,0,0.12017340966596
0.751239899389462,0.0502457399020274,0.0252295157043606,0,0
0.705086724755976,0,0.0648497594982284,0.1129485117452,0
0,0,0,0.225538280283023,0.0832123597515782
0,0.0488904313600033,0.0260661083725912,0,0.147414828634958
0,0,0.0321852749975373,0,0
0,0.0630319528281022,0.0319495886369511,0.354982360689158,0
0.723020935066919,0.0504611340588979,0,0,0.130951133488384
0.674314304265036,0,0.0608219126268757,0.389682492404837,0
0.753345955118097,0,0.334312650424925,0,0
0.618716615470234,0,0.0333646783023665,0.376696914940794,0
0,0.0847653964956006,0,0.275014396060444,0.0227589005034886
0.686530518711705,0.0641210503612327,0,0.199890126619143,0
0.707869337247178,0,0,0,0.163864466992103
0.553870832219379,0,0,0,0.135957906305109
0,0.0742214771650433,0.0520447168075204,0,0.244832851994786
0,0.077547093651416,0.0473445906223772,0.316547857800017,0
0.72514881520725,0.0500286133524743,0.0389333271848057,0,0.148983438546272
0,0.0737358297496866,0.0401043108065143,0.396801757974094,0
0,0.0454429699216208,0,0,0
0.650836693383384,0,0,0,0.171335011628798
0.688216454515198,0,0,0.302915615919726,0
0.676698621242791,0,0,0.33652958969573,0
0,0,0.0255317823283934,0,0
0.86926631783982,0.0700400586934641,0,0,0.0749865821555448
0.687681756428653,0,0,0.416327449150467,0.228817696220001
0.815370933157283,0,0.0403452432773526,0.346399661113428,0.116023462059447
0,0.0910349256139455,0,0.281349324543463,0
0,0.0681136380304081,0.0369883803839259,0,0
0.666686672377388,0.051509809096101,0.0288510804817432,0,0.148199453063102
0,0.0605118989391404,0,0,0.129601042758198
0,0,0.0464553425512456,0.447347484495277,0.169034809722187
0,0,0.0442422612263683,0.4744875333426,0
0,0.047855615464261,0,0,0.205134561811537
0,0,0,0.25845462427937,0
0,0,0,0.281986060642164,0.184273008408516
0.702140429177056,0,0,0,0
0,0.0589077033150489,0,0,0
0.610379690202476,0,0.0301218049650353,0,0
0,0.0751321382518657,0,0,0.108118434840392
0,0.0808057242873947,0.0733206083855769,0.141313053090023,0.0663506018861655
0.586416486160595,0,0,0,0.0951286835177755
0,0.0688851302383945,0.0339514654490855,0.434198420735622,0
0,0.0454533642777164,0.0237506955144008,0.232564219667335,0.195044981726174
0.904212657067563,0.0605118989391404,0,0.34517450672809,0.0721074961024357
0,0,0.0628607712779479,0.42111091254476,0.15237240268868
0.660668590852298,0.0567820574934934,0,0,0
0.735460849733469,0.0319274196761696,0.012740340664265,0,0.0962065836890127
0.697917405513938,0.152357584328545,0.173426754683012,0,0.278444552355151
0,0,0.0468951090773186,0.451204966806325,0.111075472180336
0.614155313425832,0.0457374766776635,0.0243708375596364,0,0.108969509545838
0.666413867231191,0,0,0,0
0.724444977930064,0,0,0,0
0.709937200255346,0.0652650069959791,0,0,0
0.662310877832399,0,0,0.218592429326926,0
0,0,0,0.279604588206483,0.184784164387763
0.620866320022261,0,0,0.390703785336537,0
0,0,0.0248429874823275,0,0.156129399136146
0,0,0.0454598769392068,0,0
0.601846345229456,0,0,0.327619917528776,0
0.698015615366568,0,0,0,0.193823957880747
0.600460495086779,0,0,0,0
0,0.0640407828336054,0,0.282001284062403,0.20167020216219
0.702500531970035,0.0557651429888047,0,0,0.291888593554323
0,0,0,0.379195541523533,0
0,0,0,0.357151367129326,0
0,0,0.0305512088041906,0,0
0,0.0581494927842957,0,0.331142484594561,0
0,0.0766485593133719,0.0474087097476809,0,0
0.651502337940103,0.0402561862299035,0,0,0
0.755473835258428,0.0516576399383499,0.0239054233834419,0.20373635683697,0
0.726960241377993,0.0443636892803583,0,0.30947955759417,0.126584583535666
0.688854818557297,0.0628922064850388,0.0337241340048268,0.38780339283705,0
0,0.0702167627470897,0.0437565102770976,0.291929601609711,0
0.65012194390035,0,0,0,0.191064993482761
0.699592429111583,0,0,0,0.0509284509418049
0.71882519191842,0,0.0178929924337489,0,0
0.671291623245181,0.0564055508171408,0,0.292517358008512,0
0,0,0,0.472587915251881,0.27152413934112
0,0.0487587695161254,0.02720807647093,0,0
0.664635177677992,0,0,0.405393062091698,0
0,0.0476581226984442,0.0375013333863558,0,0
0,0.0574911835649061,0,0.358463228821244,0
0.722224344040026,0.0558217344831031,0.0408115641886524,0.330207898969441,0
0.620402551273727,0.0516062456220993,0,0.206471939265172,0.113057479489866
0.659981121883883,0.0698206222870009,0.0401949843170449,0.384623021782729,0
0,0.0506950070710495,0.0259635825388985,0.278765314429817,0.039845247527283
0,0.0567583814601645,0.026665201210025,0,0.0971509443606716
0.682907666370218,0,0.0707571387092923,0.119402580038787,0.185969407314642
0.767509998308608,0,0,0,0
0.646673686852429,0,0,0,0
0.712146921939535,0,0,0,0
0,0,0.0236924054004884,0,0.130461701638255
0,0.0598091249742306,0.0333879943479315,0.306295877100667,0
0.748577321162586,0.0562386636553832,0,0,0.142233623840315
0,0.0547638200182594,0.0292912356085757,0.192613331744803,0
0,0.0655751052861653,0.0388607883763813,0,0
0,0.047912784422787,0.0291822978623525,0,0.134498555984359
0.735722742673818,0,0.0389676535852209,0,0.156560686993636
0,0,0.0321205082043011,0,0
0,0.0690514399359246,0,0.142814876591013,0
0,0.0657835698723053,0.0370641575320121,0,0.117601017200399
0,0,0.0209657234052489,0.221649689243661,0
0,0.065769133266617,0.0328316475940335,0.366134508846131,0
0,0,0,0,0.131356224601937
0.733262040255127,0,0,0.338576146886149,0
0,0,0,0.31384536976364,0.173879290515501
0.761115445681767,0,0,0,0.142631047614179
0.78537327928154,0,0.0358944692461683,0.329162116187791,0
0.675983871759757,0.0739431394073716,0.0443562507824638,0.471111243488678,0.247441664323868
0.638320393275899,0.071200761790809,0,0.363322147428897,0
0,0.0489845580290915,0,0.258696213339687,0.236045441766555
0,0.0525117095308738,0.0256826889566335,0.258332175029619,0
0.67269384169663,0,0,0.371734741830649,0
0.638969669523846,0,0,0.277515008306692,0.105080890433716
0,0,0,0.297261108132616,0.217160145168298
0.649450843240707,0,0.00554662817273899,0.256670836560037,0.199877961509955
0.737343205242224,0.140490694452705,0.101524603836098,0.136238359047676,0.244508906892938
0.616992486946274,0,0.0309289935091367,0.338555628363218,0.118161371942648
0,0.0703287908072315,0.0527338354875524,0.318037105432113,0.100786541263066
0.80662480017023,0.057480211744583,0,0,0.127786439031871
0.686224976947965,0,0,0.29624841974279,0.172126664451657
0.695538544639106,0,0,0,0
0.666381130613648,0.0692483552375139,0,0.395136448177492,0
0,0.0461844339897754,0,0.0761720378864598,0.106924246683876
0,0,0.0366321630211274,0,0.138019781736397
0.716140789279849,0.0413649175467702,0,0.105874254548824,0.0830602908477522
0.729049928797857,0.0579277465209224,0.0344676567911771,0.341416307592515,0.167729445140185
0.765993201695757,0,0,0.328627310815909,0
0.712692532231928,0.0352051066316569,0.0165534208492468,0.116545210248671,0
0,0,0.0312365710102149,0,0
0.638374954305138,0.0783803745317487,0,0,0.0810648656937665
0.677124197270857,0,0.0412914861265319,0.170656526545012,0
0.702964300718569,0.0310225332316226,0.0136578918240408,0,0
0,0,0.0293968702483438,0.192790717684981,0.184427633092238
0.762539488544912,0,0.0460991251884471,0.484913590542947,0
0.516216629110492,0,0.028985989712054,0.397095636173494,0
0.68089436439129,0,0.101621754025952,0.279519866563412,0.174405781174125
0,0,0.0231177296441045,0.208855397364363,0.182190047793084
0.684811846290668,0.0893187019297122,0.0675926331917769,0.21110383034491,0
0,0.0673785260687564,0,0,0.129547371380377
0,0,0.0277176616001116,0,0.128794055255961
0.574882284579416,0.0543676795581706,0.0292882563360868,0.353328964873613,0
0,0.0675569625150646,0,0,0
0,0,0.0153541341388941,0,0.146601451682981
1,0.130962534698382,0,0,0
0,0,0.0307949910139313,0.325841424912134,0
0.677762561312957,0.0798378942420465,0.0557221753274658,0,0
0,0.0560896778846792,0,0.313543548910202,0
0.726430999394373,0.0792765990128826,0.0476930359699873,0.312448786428652,0
0,0,0,0.274352508223956,0.112312469650114
0,0,0.0584948417459029,0,0
0,0.0581494927842957,0,0.375380420034021,0
0.686284994080128,0.059441280261291,0,0,0.15886280573517
0.830495250462405,0.0944304152718499,0,0,0.142330743476372
0,0,0.0157519965497434,0,0.150870243054668
0.635030363212772,0,0.0188670850040197,0,0
0.765076576404537,0.0442695626112701,0.0219872900349617,0,0.187595522273622
0.717341131923113,0,0.0281302260730255,0,0
0.717488446702059,0,0.0305787994581092,0.318114546308982,0
0.693585259792341,0,0,0,0
0.720352900737119,0.0732565344408327,0.0470557307245442,0.40866940688231,0.15080123699747
0.636623545266558,0.0694949324626712,0.0405602690308964,0.409892575604138,0.179726275973113
0,0.0605505890423853,0,0.342968434569078,0
0.845848724090331,0.063078149966305,0.0336639008871172,0.314727666249677,0.11342167812508
0.746269389625766,0.0544652710126239,0.0258556162945739,0.250699946387085,0.105029135890817
0.716800977733644,0,0,0,0
0,0,0.0289787358312115,0,0
0,0,0.0173896896835112,0.104814572122608,0.119473125974391
0,0,0.0402429117440395,0.425168284982427,0.151080455951134
0.685766664302355,0.0666538084632002,0,0.406549380142041,0.0966813198047384
0,0.0503213877158345,0,0.224127135415632,0
0.697895581102242,0.0615634612974812,0.033338771585072,0.287460534937749,0.202714877194776
0.74906837042574,0.0454314206370701,0.0241118999202786,0,0.116205561377054
0,0,0.0272551619296126,0.291521216814599,0.225900273468449
0.729251804606042,0,0.0352338479551602,0.234517450672809,0
0,0.0404634958875885,0,0,0.18798719554272
0.718083161920766,0.0528645401738976,0,0,0
0,0.0504518946312573,0,0,0
0.737479607815322,0,0.0236910452978304,0.278916224856536,0
0.625067519273684,0.0641932333896746,0.0356515937715329,0.380585505980157,0.203660515756383
0.706532592030816,0.0506649789312177,0.0270641646563594,0.196012125785164,0.16277634370128
0,0,0,0,0.22065836890127
0.687812702898827,0.0600788007684894,0,0.474490842781782,0
0,0,0,0,0.138384619316584
0,0,0.027357040095373,0.356787328819258,0.21896452577504
0.760908113770658,0,0,0.285047291885917,0
0,0.0449203647957018,0,0.252124329011206,0
0.698452103600482,0,0,0.222035569852333,0
0.745074503085426,0.0522275971309267,0.0274997213408721,0.3519972465466,0.208706264216526
0,0.0467642080742203,0.0312203145451127,0,0.260978352544279
0.766686126767095,0,0,0.217718075494927,0
0.692870510309306,0.0623776858583053,0,0.385524513016024,0.0888536049275436
0.700176232124443,0.0768974463954394,0,0,0.131945331868019
0.643967459802162,0.0582222532769651,0.0329592381767085,0.30022040864955,0.21948718276382
0.578139578025,0.0406084394086997,0.0206527054935388,0,0.087261354052189
0,0,0.0337895484659952,0.2124659955124,0
0.834303610303305,0.0677879482060785,0,0,0
0,0.0758724473915652,0,0.385946797455703,0
0,0,0.0431341013940987,0.368607321803247,0.155839318117924
0.649118020962347,0.0732161119449053,0.0408510719325265,0,0.186350218519181
0,0,0,0.185977244296182,0.0833765686099113
0.686126767095334,0.0721408735532356,0,0,0.177442686635827
0,0.0500528668500308,0,0,0
0.758720216498164,0.0880967876242487,0.0650893966332019,0,0
0,0,0,0.377420358346075,0.199863265775551
0,0.0649277678870988,0,0,0
0.729169963062183,0.0560844807066314,0.029047712466008,0.178315892588842,0.15910368799039
0,0,0.0232649445651302,0.137507198030222,0
0.632236838515722,0,0,0,0
0.717777620157027,0,0.0177296505812075,0.16861989767214,0.145488409538171
0.695052951478877,0.0779189806139484,0,0,0.158439185217369
0,0.0572832964429936,0,0.338314701190736,0.247042323715082
0.717586656554689,0,0,0,0.172797556674419
0,0.0457184203581549,0.0214141039148223,0.16896672689846,0.145605975413397
0,0.0763425032727785,0.0563517085577206,0.341111839187731,0
0.672399212138738,0.0694008057935831,0.0390809954733841,0,0
0,0,0,0.357434655123343,0
0.771536602266465,0,0,0,0
0,0,0,0.273501320466234,0.236947632069926
0.724395873003748,0,0.038499389670124,0,0
0.605785651540531,0,0,0,0.210992409333708
0,0.39255382977163,0,0.484832840226895,0.478430495565722
0.86791866041761,0.0547372566637928,0.0287701219901981,0.348483945910526,0.110154752472717
0,0.115859535291438,0,0,0.186829427249725
0,0,0.0322675288249471,0.296724317097225,0.0965292509009124
0.582919124186359,0,0.0211900108102255,0.281878172924816,0.220174687555908
0,0.0888734770102829,0,0.377777115889941,0
0,0.0484492486901668,0.0204223947767913,0,0.0522564980703862
0,0.0822823003172011,0,0.513161639628549,0
0.774706598065266,0.0343071497578404,0.0343536672350817,0.16559771781074,0
0.783087172156416,0,0.025955227622571,0,0
0.637660204822104,0.090170461665326,0,0.269851670935843,0.144275053032433
0,0.0468294615319317,0.0249812645858866,0,0
0.763265150233794,0,0.057267511014079,0,0.201968589465075
0,0.0623661365737546,0,0,0
0.705817842547782,0.0817781740465632,0,0.427134091856794,0.0973100416592123
0.712457919806199,0,0,0,0.123373246096046
0,0.0473353201952522,0,0,0
0.646384513397461,0,0,0,0
0.721067650220154,0.0548602565442577,0,0,0.187058169550438
0,0.0529084274551902,0.0218616424560837,0.211951046775613,0
0.735597252306567,0,0,0.414251768895243,0
0.660390329603178,0,0,0.351545177154279,0.150528407493547
0,0,0,0.299338774051349,0.160776445932476
0.823435053278845,0,0,0,0.0908643647609068
0.717488446702059,0,0,0,0
0.715649740016696,0.0516663019017629,0.0415466672918821,0,0
0.760171539875928,0,0,0.234947015878689,0
0.722971830140604,0.0514861330627721,0.0380052190377326,0.295508429141598,0
0,0,0,0.392309525227855,0
0.697033516840262,0,0,0,0
0.623359759058495,0.126804792260131,0,0,0.0807524216014517
0,0.0539911728818179,0,0.352289800970328,0
0.652740873303834,0.0526196953414229,0,0.260673272307275,0
0,0,0.0471949793300018,0.418940582328919,0.101831216295653
0.523006203589024,0.0756085462395818,0,0.475850360397927,0
0.817291481386505,0,0,0,0.104913486850512
0,0,0,0.472146436064944,0.15805517928796
0.673921464854513,0,0.032570637417292,0.245595467392096,0.196277506581133
0,0.0596266462783297,0,0.396735569190445,0.125819766401717
0.724254014327726,0.0441176895194285,0,0,0.15040764689345
0,0.0759047853883071,0,0,0.175744370894779
0,0,0,0,0.175817210621821
0.767848276689891,0.0581760561387624,0,0,0.186683108850666
0,0,0,0,0.099152758964398
0.73967296119074,0.068718243076637,0.0412778850999523,0,0.18139136657551
0,0.0698818334951196,0,0.368927675516107,0
0.808692663178398,0.058594717703725,0.0292882563360868,0.342526955382141,0
0,0.0606360537480605,0.0305111829259707,0,0.180640606230991
0,0,0,0.302246447317038,0.155344135763028
0,0.0707907621892593,0.0463866897504153,0.211340786190372,0
0,0.042422832011614,0,0.172669989343606,0
0,0.0368358656102151,0.0232001777718941,0.243111402341759,0
0,0.0588713230687142,0.0308750427703711,0,0
0,0.0503312046077026,0,0,0.152357706954277
0,0.0654890631162626,0,0,0.225782068648248
0.599101925458722,0,0.0336062584411371,0,0
0.707978459305656,0.0706816214502552,0,0,0.286198149615355
0.854676698621243,0.0766808973101138,0.0423711485697776,0,0
0,0.0678173988816828,0,0,0.140995348480589
0.686268625771356,0,0.0418575478994154,0,0
0,0,0,0.288031744140638,0
0,0.0787355150316826,0,0.398850962715858,0
0.704333782552474,0,0.0435188161459211,0,0
0.662201755773921,0.0464876027092312,0,0,0.196414240805582
0,0,0.0388335863232222,0,0.17148644158765
0,0.0379624983181354,0.0162432526764392,0.131804372431048,0.150539269558106
0,0.113061143644804,0,0,0
0.648965250080477,0.0731520134156489,0,0,0.126991591484141
0.773806341082818,0,0,0.461997709868086,0.234409742632964
0,0.0582569011306172,0.0303430483307298,0,0.260568149870933
0.607264255432914,0.0476344466651152,0.0248193476027964,0,0
0,0.0663829777404864,0.0480919994163216,0.17694446099164,0.115064405653385
0.662109002024214,0,0,0.39629739944269,0
0.562185933075442,0.07271371806695,0.0423148014596622,0,0.124337414061901
0,0.086068155792919,0,0,0
0.711399435838958,0.0569778178666277,0,0.309110886069247,0
0,0,0.0395648034188577,0,0
0.851604912675073,0,0.0339514654490855,0,0.158643008664094
0,0.0743710403999748,0.0414287917281924,0,0
0.733103813270334,0.0442441541852586,0.0202449985301176,0.188522864915311,0.133941395966979
0,0,0,0,0.0697676796074322
0,0,0.0357604019841696,0.289164896116704,0.0842142254709024
0.740267676409448,0,0,0.24280230072212,0
0.723053671684463,0.0812411323149559,0.0717208685926454,0.233643758728646,0
0,0,0,0.454915510017672,0.0758811051192271
0,0,0,0.399332817060821,0.181962583382319
0,0.0826478351732306,0.064176184848573,0.177275404909884,0
0,0.0559747625033998,0,0,0.0808003424745061
0.762905047440815,0,0,0,0
0.715164146856466,0.0468132925335608,0,0.278066360874486,0
0,0,0,0.0836990263629925,0
0,0,0.0422416149833054,0.47318361430472,0
0,0.0605118989391404,0.0352468013138074,0,0
0.585156126385168,0,0,0.505528087210341,0.102110435249316
0.569311603494088,0.0774027275945323,0.0553245072169962,0,0.15647634625706
0,0.074962941233198,0.0532182911009584,0,0
0.587371304172282,0,0,0.297925643520449,0.125945638561607
0,0.0700123404105424,0,0,0.124749533570169
0,0.0520624423618518,0,0,0
0.692925071338546,0,0.0207390396289225,0.105491683379335,0.0858352288700897
0.7980205258592,0.0514711189928562,0,0.29753910102394,0
0.717859461700885,0.0513550486831217,0.0251925338654228,0,0.13333695402152
0,0,0.0194146234740377,0,0.170624504817645
0,0.0693442142992847,0.0378815144626516,0.43707233772165,0
0.659986577986807,0.0591005763670455,0.0335434346516981,0,0.119631584327958
0,0.0619775031486237,0.0340013358798773,0,0
0.756084918785908,0.0410565516492667,0,0.136592469040196,0
0,0.074157378635787,0,0,0
0.615344743863248,0.0311894203933802,0.0185513468869938,0.0398972750077772,0.0970384900452373
0,0.137892105428799,0,0,0.135599458174662
0,0,0,0.169277814181609,0.0994275053032433
0,0.0599540684953419,0,0.26784747456696,0.113679172949626
0,0,0,0.246812017235559,0.209885117693664
0.517647764907437,0.0612337292235589,0.0334657144998148,0,0
0,0,0.0176302335535901,0.210513426394763,0.108926061287602
0,0,0.0163310764480673,0,0.0860524701612697
0.694518253392332,0.057348549900705,0.0300514034607877,0.25600696306004,0.192361412835127
0.794359480797246,0.0428992399993302,0,0.206219759999471,0.0925920719707619
0.658709849902609,0.213347623648084,0.210332816472734,0,0
0.726240035792035,0.144653056604776,0.142003849608656,0.22893045544502,0
0.536987467331584,0.0537474829777982,0.030435535311471,0,0
0,0.0714074939842664,0,0.280976681691521,0
0.550728116935198,0.0766808973101138,0,0.472256971333638,0
0,0.041792241075146,0.0209981068018669,0.212631467471522,0.145206634804611
0.740922408760319,0,0,0.46458767697226,0.134424438367368
0.655212487928372,0,0,0,0
0,0.0649393171716495,0,0,0.189620338896414
0.772649647262946,0.0662865412144881,0,0.497598009041388,0
0,0,0.0298341756362738,0.266047139651715,0
0,0.0646563597001575,0.0606004101940083,0,0
0,0,0.0277278947534428,0,0.12883942034912
0,0,0.0354754280939308,0,0
0,0.055371312385626,0,0,0.154261124031998
0.622203065238623,0.0664118509518632,0.0375978359082775,0,0.089454852148133
0,0,0,0.474558355341104,0.170754849592353
0,0,0.119443632520728,0.267071742022597,0
0,0,0.0180541322153203,0,0
0.760171539875928,0,0.0406872119456392,0.480199625371485,0
0.671198869495474,0.0626329250468757,0,0,0
0,0,0.0407940771544787,0.25489896282176,0.174097170751655
0,0,0,0.329863055406631,0.114627367291129
0.744114228970815,0.0673710190337984,0.0424974438165879,0.218963748403196,0.226137322053825
0.867045683949782,0.0704731568641151,0.0396185598572436,0,0
0.702478707558339,0,0,0.18400481854345,0
0.696313311254303,0.029981942693605,0.0109238911811656,0,0
0,0.0517344426806121,0.0300654578549199,0.316183819489949,0
0.712196026865851,0,0,0.117369922492934,0.117719860965574
0.767728242425565,0,0,0.388016520720399,0.119969586219235
0.775350418210289,0.0522108506683282,0.0265302919797143,0.280860851320135,0.111830066194699
0,0,0,0.245118908149825,0.452293812456871
0,0.0671527375557903,0,0.506675138830974,0
0,0.0793632186470129,0,0,0
0.667461438992585,0,0,0,0
0,0.0670083714989066,0.0329398081387378,0.405819979746232,0.108860249955274
0,0,0,0,0.160499143813735
0.699876146463627,0,0,0.400153557978065,0
0.503666501164878,0.0801456826753225,0.0618011865406055,0,0.146628926316866
0,0.0546356229597467,0,0,0.142713471515833
0.723233723080952,0.0504905847345021,0.0227041289024988,0,0
0,0.0599344347116057,0,0,0
0,0.0338763614440994,0.0133217521671455,0.0978164320274286,0
0,0,0.0448517167507199,0,0.140281007999591
0.698724908746678,0.0732767456887964,0.0393601403522316,0.440149454273479,0
0.658589815638282,0,0,0,0
0,0,0.0262345668017983,0.21631752083292,0.24478620901168
0.743421303899477,0.0736492101155564,0,0.404689475321512,0.259637845988703
0.674123340662698,0.0494395998403889,0,0,0.110627571753521
0.699581516905735,0,0,0.223828624001377,0
0.727500395567462,0.0569991840430465,0,0,0
0,0.0832784261096986,0.0510887589393557,0,0.174702890587063
0,0,0.0323743940337866,0,0
0,0.069847763105695,0.040536305317399,0.550028792120887,0
0,0.0876527176332744,0.0462571561639432,0,0.192559485777085
0,0.152591457340696,0,0.315922373794537,0
0,0.0553147208913276,0,0.272366844714495,0
0.516079135316809,0,0.0207390396289225,0.245494198553113,0
0,0,0,0.197499387753751,0
0.682291126739815,0.071067945018476,0,0.212929316997942,0
0.728406108652834,0.0815656672108305,0,0,0.171048125335446
0,0.055944734363568,0,0.383865160209951,0
0.758676567674773,0.0535927225648189,0.0379346232331052,0.107100070821999,0
0,0.0607630958781181,0,0.305240827889306,0.135232064814578
0,0.0520306818293373,0,0,0.066126971145245
0.806204680245088,0.0706175229209989,0.066334862067132,0,0.123970020701817
0.6959477523584,0,0,0.306575855655501,0
0,0,0.0171422157665561,0,0.0757622613540522
0,0.0708173255437259,0.0521360379859833,0.293140194462646,0.25726033174023
0.478346909936109,0,0.123329640114894,0.212796939430644,0.140812610218008
0.782568842378643,0.0605800397179896,0,0.272873188909407,0.095656452066348
0,0,0.0240282859902108,0,0
0,0.0675991174036746,0,0,0.168353055434866
0.625209377949706,0.0472013484944641,0,0,0
0,0.0447638719900399,0,0,0
0.575504280312744,0,0,0.346056803214127,0.264191606818821
0,0,0.0295321033126207,0.275948981685564,0
0.748113552414053,0,0,0,0.101959005290464
0,0.0466175321604265,0,0,0
0.731510631216547,0.0709310859965502,0,0,0.183476244025864
0.643350920171758,0,0,0,0.178999156592634
0,0,0.034275299415266,0.280309498752341,0
0.690829927815758,0,0,0,0
0.647612136555344,0,0.0329799635505441,0,0
0,0,0,0.497938219389342,0.0762887520126767
0.649598158019653,0.0638201914986871,0.0362234845558077,0.435438136653363,0
0,0.0504640213800356,0,0.32134654461455,0.180467452143021
0,0.0743710403999748,0.041363377267024,0.436919441631421,0.142016382549135
0.657296719245312,0.0790213598243122,0,0.449926861394068,0.211643494262274
0.742346451623463,0.0470523627237602,0.0219546475711708,0,0.0549196207222634
0.622612272957917,0.081815709221353,0,0.366841405055499,0.157008587420451
0.644742226417359,0.0701122417219059,0,0,0.125543742172924
0,0,0,0.372477379983188,0.106671863419122
0.705736001003923,0.0525890897373635,0,0.458727983955839,0.112992307102512
0.666757601715399,0.0588026048256375,0,0.32888147574512,0.163958391903289
0.699346904480006,0,0.0284058087782451,0.245146707438957,0
0.634168298950791,0,0.0159462969294517,0.103254502492008,0.2607093567102
0.588588015124317,0,0,0.322802697854822,0.122489585196923
0,0.0563027621846396,0,0.29698907223182,0
0,0.0398057641324264,0.0167420217511503,0,0.193973471004677
0,0,0.0619352538026042,0,0
0,0.078111853665945,0.0411321598151711,0,0
0,0.077272798143337,0.0481982169572289,0.323861056505365,0
0,0,0,0.407958539345922,0
0.71501683207752,0.0475455171740748,0.0244823012107958,0,0
0,0.0533293988770631,0,0.248521011629369,0
0.699663358449594,0.065644978457697,0.0383413586946279,0.390771297895859,0
0.704737534168845,0.0408226786371151,0.0220360594302685,0,0.123120223886319
0,0,0,0,0.126378843254019
0,0.0683428913287394,0,0,0
0.649527228681642,0.0509739222929488,0.0273854727176036,0.291949458244806,0
0.68295131519361,0,0.204267406286174,0.233495495853273,0.0983483272420579
0,0,0.0343886413034291,0.349566132523183,0
0.730075676147555,0,0.0236628069759795,0.192051388971625,0
0.644038389140173,0.063195952668722,0.0338672686178786,0.298952893442677,0.198967464921921
0,0,0.0904896376045328,0,0.109245533774631
0,0,0.0252220027563452,0,0.254545454545455
0.6836333280591,0,0.0427733503557737,0.400841259440175,0.109573312546324
0.53219755457467,0,0.0304253021581397,0.397537115360431,0.083634063434457
0.740125817733426,0.0692379608814183,0,0,0
0,0.0814813574336103,0,0,0
0,0,0,0,0.142066859202086
0,0,0,0.15965859825394,0
0,0.0450941815281898,0,0,0.141029851509188
0.74551099131934,0,0,0,0
0,0.111784370237725,0,0.223909374317428,0
0.617532641135742,0.0607527015220224,0,0,0.242418278937818
0.582646319040162,0.0632340653077393,0.0340440819634131,0,0
0,0,0.0230164343794833,0,0.121826999258824
0.737168609948658,0,0.0563109054779818,0,0
0,0,0,0,0.0991048380913436
0.589144537622558,0,0.0278525708304224,0.391175711363952,0.163299000690061
0.753569655337978,0.0547372566637928,0,0.308660140452599,0.237874741227285
0.661579760040593,0.0815893432441593,0.0460952391808529,0.498567012834005,0.200419786847957
0,0.0665123297274542,0.0416956309163251,0.279719756690031,0
0,0,0.0420641539698385,0,0
0.662954697977423,0,0.0430136351586796,0,0
0.740376798467926,0,0,0,0
0.670980625378517,0.0471776724611352,0.025936574786119,0.279911042274776,0
0.614853694600095,0.0627998122086332,0,0.384009451758305,0
0.652724504995062,0.0904424473164949,0.0477500307480351,0.56199307665323,0
0,0,0.0157405975941338,0,0
0.65461231660674,0.222531614722797,0,0.469908593289781,0
0,0,0.0308014676932549,0.2894859117174,0
0.660695871366917,0.0534131311900556,0,0,0.121224474148286
0.652113421467583,0,0.0344980971839981,0.374979977892946,0.155544125539908
0,0.18918652036803,0.115692339856494,0,0
0.687054304592402,0.0640257687636895,0,0,0.176924502261865
0,0.0685502009864244,0.0365680438958236,0,0.185614792854039
1,0.0530048639811885,0,0,0
0.638964213420922,1,1,0,0
0.738330759871454,0.0557587908823018,0,0,0
0,0.0716488740313759,0.0404592328334481,0,0.158368262325249
0.745178169040981,0,0,0.48639026230615,0.167604850870243
0,0.0356480216941761,0.0163348976888682,0,0
0.802319934963253,0.0651316127594186,0,0,0
0.727189397700798,0.0625139674160035,0.0333037975167246,0.422747761164393,0
0,0.191994728906531,0,0,0
0.639351596728521,0,0.026556004396629,0.293269924478598,0.202443964525775
0.655774466529537,0.0560590722806199,0.0289500441418079,0.32006711542662,0.199056278273315
0,0.0281739021971936,0,0,0.0901027423518287
0,0,0.0241904620404739,0,0.198710609042349
0,0,0,0.284636259539458,0.118703836225624
0,0,0.0382390271613148,0.339231415844271,0.16653078436885
0.734757012456283,0.0675898779760341,0.0415486102956792,0,0
0,0.0555185657636473,0.0285415599768679,0.335012542774501,0.169896107547218
0.607324272565078,0,0,0.238830973703196,0.100480486620492
0.695860454711618,0.0893244765719876,0,0,0.0965420298003936
0.590497651147691,0.0245757225954245,0,0,0.0951523244818156
0,0.0510801757108151,0.0307131257872809,0,0
0.807759669578407,0,0,0.261114751494212,0
0.710422793415575,0,0.045682674707939,0.345858898751018,0.209768190763411
0.650891254412623,0.0620595030689337,0,0.252994711516187,0
0,0,0,0,0.152963426789685
0.644496701785782,0.0687147782912718,0.0332539270859328,0,0.150183377207555
0,0,0,0.251186433946903,0
0,0.040804199781834,0.0237196722204408,0.123089957175857,0.118335803920566
0.670227683175015,0.0509565983661227,0,0.205203762170463,0
0.600515056116019,0,0.0307131257872809,0.358412263457834,0
0,0,0,0,0.161704832979784
0,0.0847012979663442,0,0.152271268110906,0.0515084851892555
0,0,0.0389359178565352,0,0.141130804815089
0.652566278010268,0,0.0298197974081754,0,0
0.81957758851163,0,0.0313607937196418,0,0
0,0,0,0.111121039428658,0
0.693088754426263,0.0366707108411402,0,0,0
0.734118648414184,0.0629401360159242,0.03181707577799,0.390694518906826,0
0,0,0.0839883468994938,0.221817808754129,0
0.721946082790906,0,0.0330162329547563,0,0
0.693836240526841,0,0,0.14132496707108,0
0,0,0,0.426386158601563,0.183912643443147
0,0.0429107892838808,0,0.100202537677965,0
0.691413730828618,0.0458339132036618,0,0.198428016388343,0
0,0,0,0.553669175221567,0
0,0,0.0354158426441535,0.329663165280012,0.377365374293966
0,0,0,0,0.223094027142382
0.727069363436472,0,0,0,0.213141181281468
0.639182457537879,0,0,0,0
0,0,0.0247151378324795,0.261373549638278,0
0.726512840938231,0.054581918786586,0.029823812949356,0,0
0.656489216012571,0,0,0.38353752573089,0.155655940910369
0,0.0413337344784834,0.0208276406020695,0.143089560043155,0
0.692537688030947,0.117960927615437,0.113771356769111,0.236103333929032,0.0911576405039998
0,0,0,0.509015574220793,0
0,0,0,0.418350178378772,0.19972141999131
0,0.117933786796742,0,0.240472455537685,0
0,0,0,0.365693029659194,0.051813645308866
0,0.133744757346644,0.121489615519056,0.173730333657658,0.262959081963861
0,0,0.0300500433581297,0.165550723774349,0.240757660950239
0.620118833921683,0,0.0512998986853053,0.261020101533594,0
0,0.0632103892744104,0.0588666031390781,0.231302661450991,0
0,0.0383759627050503,0,0,0
0,0,0,0.425495257573652,0.113680450839574
0,0.0984056790141993,0.104554394423683,0.176613517073397,0.165369821350985
0.638920564597531,0.0456970541817361,0,0,0.114410125999949
0.709315204522018,0,0,0,0.163240217752447
0.717466622290363,0,0,0.443981122958903,0.131117898126613
0,0,0,0.156576186599419,0
0.604661694338202,0,0.0225232352489904,0,0.194881411812815
0,0,0.0247429875535711,0,0.104645129961408
0.719365346107889,0,0.0264556806339063,0.146160719604456,0.0970333784854448
0,0.161375843169955,0.119335471976024,0,0.491752498274849
0.790392893971552,0.051998921296823,0.0289581399909624,0.287056783357492,0.0919122345183633
0,0,0.0288648758087025,0,0
0.653237378669911,0,0.0270789962520104,0.221677488532793,0
0,0,0,0.191616528663053,0
0.679688565645102,0,0.0269485559304329,0,0
0.671051554716528,0,0.0540732127716749,0,0.225611470340174
0.566507166591191,0.0904574613864108,0.0696658182432642,0.256765486520654,0.0750479208730544
0,0,0.0471781399637604,0,0
0.715731581560555,0,0.0187312690386037,0.196911631354951,0.104666215145552
0.634604787184705,0.0536620182721231,0,0,0.142711554680911
0.621646542740382,0,0.0267144887396777,0,0.112575076034452
0.775988782252388,0.0449763788257727,0,0.216490935446079,0
0.615213797393074,0,0,0,0.169420732486518
0.617177994445687,0.0672763149004827,0.0359870857604959,0.321157244693314,0.134324124006441
0.560401787419318,0,0.0261794502607544,0,0.115128300150791
0.638227639526192,0.0626981785045871,0,0,0
0.647475733982246,0,0.0382306074781942,0.378859964390434,0.100689421627009
0.708464052465886,0.0501879934792739,0,0,0
0.702795161527927,0,0.0608096069361609,0.138071126466909,0
0.644616736050109,0,0.0190088595144136,0,0
0,0,0.0199711645283154,0,0.124317606767705
0,0.0527669487194442,0.0246936352571251,0.243243779909057,0.101321977151328
0,0,0.0627726884391469,0,0
0,0,0,0,0.198594321057071
0.723108232713702,0,0,0.394493093200426,0.15467388248524
0.711279401574631,0.0360418522973548,0.0170311407161562,0.160425064368592,0
0,0.0724908168751216,0,0.311225617706823,0.1495246249393
0,0.0836618623567816,0,0,0
0,0.0748797863844329,0.0453167423261551,0.339485580773482,0.126189076596724
0.391305154380432,0,0,0,0.0447261481841184
0.708071213055363,0.062099925564861,0.0327642901290679,0.248538882600954,0.232020727374958
0,0,0,0,0.0789403736550208
0.763712550673556,0,0,0,0
0.627888324485353,0.0483632065202641,0.0237382602900995,0,0
0.75355874313213,0,0,0,0
0.650001909636023,0,0.0241757599784094,0,0
0,0,0.0266063281949734,0,0.179367827842666
0,0,0,0.253415672180192,0.138226160963018
0,0.0470460106172573,0,0,0.0999118255935799
0.622895990309961,0,0,0,0
0.649008898903869,0.0860456346880452,0.0757402957808774,0,0
0.731025038056318,0.0452397025135285,0,0,0
0,0.0505899085816381,0,0,0
0,0,0,0.28637702454942,0.212071587394894
0,0,0,0.136416406875691,0.120968257213689
0.699565148596963,0,0,0,0
0,0,0.0314234879754943,0,0
0.77968802003481,0,0,0,0.127291895621949
0,0.0610368139219696,0.0290056140504045,0,0
0.722038836540613,0.0510380208222051,0.0264425977416726,0.356716506820754,0.164771129910292
0.670047631778526,0,0.0255317823283934,0,0
0,0,0.0227916288401608,0,0
0,0,0,0.331767306712205,0.156929358243668
0.729000823871541,0.0353922050413782,0,0.172613066989668,0.120354870038592
0.666583006421833,0,0,0,0.149970608531193
0,0.0390377367098051,0.0181645595977878,0,0.0854767807396427
0,0,0.0555097402456514,0.323426858084629,0
0,0,0.0585984686150807,0.215522593541298,0
0,0,0.106979263162442,0,0.132302502108518
0,0.0600788007684894,0.038485140975612,0.17027064593634,0.101026145628339
0.696613396915119,0.060197180935134,0.0340104032309304,0,0.185229509034682
0,0,0.0441211473230168,0,0
0.686470501579542,0.0456260260817493,0.0224463570654192,0,0
0,0,0,0,0.143577325120761
0.803242016357397,0.0617390104226518,0.0322513371266381,0,0.153494390063128
0,0.0617147569250954,0,0.373222003799236,0.128664349426227
0,0.0478076859333756,0,0,0.140567894292943
0.739187368030511,0.0548845100418142,0,0.259309783364111,0.194562578270759
0.693072386117492,0,0.0328452486206131,0,0.184777135993048
0,0.142511819249077,0.119443632520728,0.267071742022597,0
0,0,0,0.42945996571421,0
0,0.0667560196314739,0,0.395519681234818,0
0.75140358247718,0,0,0,0.131282745929921
0,0.0472336864912061,0.0243149438170737,0.210221533858872,0.234362460704884
0.672802963755108,0.0812093717824415,0.0671360272994624,0,0
0,0.0467809545368189,0.023660734438596,0,0
0,0.0585658444923483,0,0,0.12730467452143
0,0,0,0.396231872546878,0.132988090065684
0.495627479116766,0.0609842646772639,0,0,0.110375188488767
0.738418057518237,0.0446893791046879,0,0.265483211215028,0
0,0.0475189538196082,0,0.304137460865882,0
0,0,0.0203587290190402,0.150308108787885,0.111851151378843
0.597426901861077,0,0.0332727094559713,0,0
0.767204456544868,0.0538710603224907,0.0272098251743473,0,0
0.778624079964644,0.0683076660108598,0.0484268437373522,0.114771350846886,0.0781365808776548
0,0,0,0.433867476817379,0
0.681074415787779,0,0.0202411772893167,0.227191014210732,0
0,0,0.0387442081485564,0,0
0,0,0,0.454963827829736,0
0,0,0,0,0.103627290617732
0,0,0,0.331172931435039,0.166896899838986
0.559872545435697,0,0.0469048240963041,0.362587451930396,0.0945894139596698
0.685679366655572,0.0417731847556373,0,0,0.114132823881207
0.635614166225632,0.081509075716532,0,0.480140717354037,0.112858767602934
0,0.0379012871100167,0.0179057514920164,0.126276285220706,0.0984032765098269
0.776228850781041,0.0691057215733129,0,0,0.138884274286298
0.746176635876059,0,0.0252220027563452,0.281144139314152,0
0.706292523502163,0,0,0.209760198036841,0.141896899838986
0.709096960405061,0.0774610514815133,0,0.36664151492888,0
0.700247161462454,0.0678895819101246,0,0,0.223478033071792
0,0.0817712444758328,0,0.264326231276848,0.139765379405526
0.687174338856728,0.165512796896014,0,0.178293388402401,0.0552417767781839
0.767340859117966,0.075686503910299,0,0,0
0.798707994827614,0,0.0314995889575467,0,0.174281186904184
0.640355519666523,0.0691270877497316,0,0.263982711489711,0.172626319421371
0,0,0,0,0.122976461267156
0.780915643192693,0,0,0,0.202276560942572
0,0.0583568024419807,0.055704688293292,0.272786481602828,0
0.711770450837785,0.0409785939785495,0,0.1108569461819,0
0.736290177377906,0,0.0522998979728706,0,0.14815344902497
0,0,0,0.433205588980891,0
0.650612993163503,0.0710506210916499,0,0,0
0,0.0543041584931417,0.0294717406613246,0.160370127678164,0.108995706289774
0,0.0499362190760688,0,0.247460667315317,0.182763820379789
0.677298792564423,0,0.0542539121248036,0.313282103214789,0
0.621166405683077,0,0,0,0.162785288930917
0.642385189954223,0.0491358536567056,0,0.219415817795516,0
0,0,0,0.288763792087793,0
0.716620926337154,0.0494511491249396,0,0,0
0,0.0696358337341897,0,0.297783337635604,0
0.748702811529837,0.0575246764901031,0,0,0
0.632078611530928,0.059641082884018,0.033900299682429,0,0
0,0.070685663699848,0,0.484210003772761,0.0907250747565619
0,0.0600066177400476,0.035003925839172,0,0
0.652877275876932,0,0,0,0
0,0.06428331780917,0,0,0
0.736983102449244,0,0,0,0.188209548393692
0.688412874220459,0.0311438007194049,0.0189163077668792,0.158427486878074,0.0874747616735246
0,0,0.0255269895856939,0,0.238008280726864
0.743306725738074,0,0.0268859912081669,0.357840392367109,0
0,0.0499633598947629,0.0292882563360868,0.294783000072808,0
0.708474964671734,0,0.0760498810525459,0,0.204855342857873
0.588789890932503,0,0,0.422364528107067,0
0,0.0581789434599,0.0321379952384749,0.351316825850691,0.122547729189562
0,0,0.0202299726340869,0,0
0,0.0672901740419435,0.0383802187705695,0.4178663383703,0.059272241674547
0,0.0487974596193702,0,0,0
0.696749799488217,0,0.105036907033292,0,0.0798892069414982
0,0,0,0.382127042751335,0
0,0.0701364952194624,0,0,0
0.694731041406365,0,0,0,0.171450660669103
0,0,0.0522105197982048,0,0.160222480639967
0.654939682782176,0.0736619143285621,0,0.49640859659922,0
0,0.08778726679829,0,0.226365640078632,0
0.663363905696717,0.0609242083976003,0.0340673980089781,0.479691295513062,0.200157819408593
0.706892694823795,0.0467041517945567,0,0.186027547771755,0.240020318450175
0.679803143806505,0.201350804321049,0,0,0.666828532726762
0.723910279843519,0,0,0,0.150474736115726
0.638276744452507,0.0619555595079774,0,0,0
0.651791511395071,0.0696831858008476,0,0,0
0.782721613260512,0,0,0.177000059569905,0
0.666735777303703,0,0.0275181151101512,0.370540696173626,0.190314233138242
0,0,0,0.367220666785807,0
0,0,0.0216457747342279,0.135025118643395,0.0491756970889667
0.726938416966298,0.0370460625890378,0,0.201379374251239,0
0.739907573616469,0.0531434553957969,0,0,0
0,0,0.0238046462531665,0.144863419444941,0.124455618882102
0,0,0.0365421371785292,0.397960061687946,0.183497968154982
0.635515956373001,0.106382769853364,0.0862577753344865,0.292137434390368,0
0.669780282735253,0.0512493727294828,0,0,0
0.631843999105199,0.0691969609212633,0.0403504246208115,0.357962179729023,0
0,0.0578705775623964,0.0283291248950535,0.359764500307778,0.136533595726736
0.646973772513245,0.0469807571595459,0,0,0.213541799780203
0,0,0.0286405884037259,0.250524546110416,0.168275743093005
0.608584632340504,0.0521196113203777,0,0,0
0,0.0480461786593475,0.0277141641932768,0,0.0854352493163288
0.817542462121005,0.0726386477173705,0,0.510646465849897,0
0,0.0734788581684336,0.0435013291117474,0.289419722933752,0
0.675203649041635,0,0,0,0
0.750961638140342,0,0.0225941548875839,0.224852564484422,0.09750172515143
0.820494213802849,0.0933222614192107,0.0787584283456793,0.167247142299266,0.12613348838398
0,0,0,0.387270573128678,0
0.642554329144865,0,0.028721546895271,0.244600649973855,0.107641781889744
0.64435484310976,0.0776510372123723,0.0452727009067546,0,0
0.682623949018174,0,0.0426379877579103,0.366020664138255,0
0.680774330126963,0.0761663766833804,0.0432001635231996,0,0.194560661435837
0.6663702184078,0,0,0.330471992216199,0.169559383545889
0,0,0,0.314877252900723,0.154183172745163
0.648785198683988,0,0.037819338341145,0,0.172733662177013
0.640688341944882,0,0.0726936658270516,0.159725448925425,0
0,0,0,0.373351733815188,0
0,0.0416039877369697,0.0193511520166663,0,0
0,0.0659596964617034,0,0,0.109946456411174
0,0,0.0169845086250263,0.156877345565021,0
0.648823391404455,0.0502948243613679,0.0250148137847829,0.279653567906383,0
0.723692035726562,0,0,0.387514809740341,0
0.652746329406758,0,0.0441982198069678,0,0.1397487668362
0.755113732465449,0,0.0413115638324351,0.364729982857105,0
0.672699297799554,0.0535413282485683,0.0285966117511186,0,0
0,0.0432763241399103,0.0200703872555531,0,0.156443760063383
0,0.0519400199456144,0,0.250715831695161,0.0944220103764664
0.637927553865376,0,0.0224148804039064,0.21798878762005,0
0.8085562606053,0.056392846604135,0.0306267916518971,0,0.0806342167812508
0.779191514668733,0,0,0,0
0,0.1014928027746,0.0821923637230569,0,0
0,0,0,0.24863022312239,0.19837069031615
0,0.0788071205958969,0.0445654475246164,0,0.124404503284177
0.72179876801196,0.0834597498771444,0,0,0
0.758321920984717,0,0.0275631280314502,0,0.24526797352212
0.640731990768274,0.0535546099258016,0.0264262117429839,0,0.194853298233956
0,0,0,0,0.160320878165972
0,0,0.0614371971626186,0.477221130107292,0
0,0,0.0280576872646011,0.26018810852313,0.0837969944028421
0.712768917672863,0.0492732901428589,0.0264754345058433,0,0
0,0,0,0.374639767544992,0
0.623163339353234,0.0642844727376251,0,0,0.165486109336264
0,0,0,0.375474408106802,0
0,0,0.0580686762464094,0.217170694254152,0
0,0.0688325809936889,0.0369838467083994,0,0
0,0.0772855023563428,0,0,0
0.754251668203469,0,0.0236247888683499,0.237544263749065,0
0,0.0354539937137244,0,0,0
0.742908430224628,0,0,0.112079453015892,0
0.694360026407538,0,0,0,0
0.742553783534573,0.0486161358519243,0,0.237022034246077,0.105768395225803
0,0.0807774285402455,0,0,0.133828302706571
0.649276247947141,0,0,0,0.14744038643392
0.724941483296141,0,0,0,0.155158841720551
0,0.0795774578754282,0.0420576772905149,0,0.123278043294911
0,0.0539865531679976,0.0309721929602252,0.19797065189333,0
0,0.0571279585657867,0.0299631910884001,0.275954938676092,0
0,0.0482384742471166,0,0.296073681353958,0
0,0.060264166785528,0,0.280356492788732,0
0,0,0.0597739859123158,0,0
0.651076761912037,0.122742908883652,0.138570561899211,0,0
0.6616725137903,0.067288441649261,0.0466574149461422,0.201992282387827,0.22610984741994
0,0.0785640081561048,0,0.455823620129333,0
0.716533628690372,0,0,0,0
0,0.0501175428435147,0.0275592420238561,0,0
0,0.0534021593697324,0.0252484276079855,0.30136613649451,0
0.686044925551476,0,0,0.0793676323610201,0
0,0,0.024258791007338,0,0
0,0.0378319914027126,0.0165615814651945,0.164346749799779,0.113970531857796
0,0,0.0272754987026887,0,0.110853758274337
0.684571777762016,0,0.0229411105989497,0,0.0786931019500601
0,0.0508295562360651,0.047638631863669,0,0.0964992204871317
0.746918665873713,0.0547759467670377,0,0.296768663582269,0.274244128095688
0.739820275969686,0.0775095584766263,0.0473128548936915,0,0
0,0,0,0.288485799196468,0.147455082168324
0,0,0.0354896767884427,0,0.109206558131214
0.577883141187575,0,0.0304776337270744,0.344000979593998,0.116797863368007
0,0,0,0.155502604528637,0.142126920029647
0.687174338856728,0.032523940223213,0.0184937692078069,0.198455815677475,0
0,0.0642226840652789,0,0.424225094815433,0.14459260868454
0,0,0,0,0.114420988064508
0.740906040451547,0,0,0,0
0,0,0.0316980991788153,0,0.0789288726454878
0.7003944762414,0,0.0583368107704069,0,0
0.739411068250391,0,0,0.271963093134237,0
0.651207708382211,0,0.0369695980138874,0.343221275722616,0.196807830909602
0,0,0.0510065051119458,0.265306487162685,0.118867406138983
0.633251673659572,0.0406557914753576,0,0.212211168695353,0.173738722621208
0.593716751872807,0.0644207542953233,0,0.396903688700913,0
0.762430366486433,0.0588320555012418,0,0.348153001992282,0
0,0,0,0,0.0877661205816955
0.714825868475183,0,0.022455359649679,0.196497951457146,0.226946226390983
0.695527632433258,0,0,0.201029235585738,0.225086257571498
0,0,0.11222666875043,0.176393108423846,0.0669135124083114
0,0,0,0.299598895971089,0
0,0.0471031795757832,0,0.175747105895435,0
0.743383111179009,0,0.0449482192726417,0,0
0.637463785116842,0,0.0349326823666123,0,0.13968742811869
0,0,0.0378374730432511,0.45504788758497,0.154261124031998
0.684937336657919,0.0439317460381623,0,0.167670750514618,0.0977943619495489
0,0.0433225212781131,0,0,0.0818213765430521
0.785935257882705,0.0802657952346497,0,0,0.119620083318425
0,0,0.0312888378123565,0,0.118250185294042
0,0,0.130154764786113,0,0.109531142178036
0,0.0720017046743997,0,0,0
0.739405612147468,0,0.0260535436147034,0.284207356221415,0.0808993789454852
0,0.0421837618214146,0.026855291748173,0.324195309862791,0.129975464512996
0,0.172728212419061,0,0,0
0.806428380464969,0,0,0.397881958923241,0
0.679492145939841,0,0,0,0
0,0.0510126123961936,0.0258232328979559,0.312311775646499,0.258090321261533
0,0,0,0.248048423714117,0
0,0,0.029417789922559,0.298842358173984,0
0,0,0.0323245236029949,0,0
0,0,0.0264709008303168,0.341898161937478,0.187799984665321
0,0,0.028753088323577,0.273150519912896,0.131631609885757
0.624014491409366,0,0,0,0
0,0.0620710523534843,0,0.229939834395663,0
0,0,0.0288436970673143,0.16587835825341,0
0.599369274501994,0,0.0418160971517443,0.438453697636399,0.0870843662943747
0,0,0,0.319625636239683,0
0.776114272619639,0,0,0.229509607301947,0
0.64674461619044,0.06166682739421,0,0.397070484435708,0.1248645436655
0.666512077083822,0.045006984429832,0.0506774898023065,0.157181813969805,0
0.721733294776873,0.0546321581743815,0,0.270020452334147,0
0.686028557242704,0.0519088368773276,0,0,0
0.748986528881881,0.0758470389655537,0,0.185549002865974,0
0,0,0,0.558302390076978,0
0.632586029102853,0,0,0,0
0,0,0,0.562439189055023,0.107103790221586
0.731423333569765,0,0,0.268983935982208,0.141226007616224
0.651142235147124,0,0,0,0
0,0.0601654204026196,0.0320084616520027,0.349013456179716,0.091963989061262
0,0.0422882828465984,0.0266012116183078,0.067243170972247,0
0.585270704546571,0.0520809212171329,0,0.239073886539187,0.19665001150101
0.700356283520932,0,0.0299117662545706,0.279333214193523,0.148299767424029
0,0,0.0280726483938386,0.269108370895468,0.157879469420094
0.693705294056667,0.0561301003806067,0,0.115733073873301,0.106531934469803
0,0.0460302510410237,0,0,0.0949012191070105
0.735815496423525,0,0,0,0.232943363917499
0,0,0.0316846276858223,0,0.194562578270759
0.69757367102973,0,0,0.333884024013291,0
0,0,0,0,0.223095305032331
0,0.0575604792722103,0,0,0.177992818258492
0.728302442697279,0,0.0385913585165192,0,0.185516395328034
0.69937964109755,0.0444052667047408,0,0,0.172150305415698
0,0.0656975277024027,0,0,0
0.571374010399332,0.0638115295352741,0.0333964140310522,0.411552590298048,0
0.795794435866238,0.0572394091617009,0.0279065863359813,0.185439129485117,0
0,0.0737213931439982,0.0410758127050557,0,0.177431824571268
0,0.0344734594553704,0.0279104723435754,0,0.133020676259361
0.666326569584409,0.0508803730880881,0.026216108265726,0.207002111422198,0.111393666777417
0,0.0556796782831296,0,0.342945268494801,0.106409895979758
0,0,0,0,0.0800815293786899
0.740360430159154,0.0808386397483641,0,0,0
0,0,0,0.391930263497548,0.140634344570246
0.739258297368521,0.0504813453068616,0.0221975230458061,0,0.182429013213382
0.737152241639886,0,0,0.362847573850135,0
0,0.14679082917511,0,0,0
0.679432128807678,0,0.0302093696694905,0,0.109648708053262
0,0,0.0275700580783265,0,0
0,0.0672664980086146,0.0353646768774971,0.417380512698318,0.212540573005853
0.701572994472968,0.0487339385543414,0.0285542542683422,0.243671359451427,0.131862907966366
0.746176635876059,0.0490036143486001,0.025607948077239,0,0.157561274823012
0.652691768377519,0.0539305391379268,0,0,0.224152120019424
0,0.0503704721751749,0.0281224540578371,0.383378010762296,0.152369846908784
0.682716702767881,0.0830110601723499,0.0472927771877883,0,0.0732563191657934
0.64232517282206,0.0531434553957969,0,0.264741896838162,0.161575766095024
0.621984821121666,0.0563870719618597,0,0.242250948154326,0.0752402433102461
0.749450297630415,0.0583354362655619,0.029849590133064,0,0.124946967567153
0.703280754688156,0,0,0,0.185991770388734
0,0.0496555714614869,0.0242364464636716,0,0
0.682242021813499,0,0,0,0.161797480001022
0.648228676185748,0,0.0536671249780845,0,0.10925000638945
0,0.0535823282087233,0,0.247326965972346,0
0.715376934870499,0.0494268956273831,0.0240166927342215,0,0.165633705625272
0,0.0405518479144013,0,0.177198625920851,0.111973189868888
0.739760258837523,0.0548515945808447,0,0.366764626066467,0.202711682469906
0,0.0405218197745695,0.0195332762392462,0.0885658876246831,0
0,0.066848991372107,0,0,0
0.63547230754961,0,0.0248490755608918,0,0
0,0.0762980385272583,0.0660576601920815,0,0
0,0,0.0404067717309269,0,0.0971713905998415
0.379447405895865,0,0,0.426586710616019,0
0.716053491633066,0.0572249725560126,0,0,0
0.674969036615907,0.0615825176169899,0.0373789241471396,0,0
0,0.0554400306287026,0.029586766486112,0,0
0,0.061859122981979,0,0,0
0,0.059448787296249,0,0,0.11331944692923
0.763756199496947,0.0451265195249317,0,0.258420206111872,0.0857055230403558
0,0,0,0.536941283930025,0
0.621892067371959,0.0412950443752386,0,0.244567555582031,0
0.726698348437645,0,0.0235218096671045,0.239409463672286,0.207462238352033
0,0,0,0,0.0902816469445651
0,0.0814929067181611,0.045321923669614,0.516995955865319,0.190380683415544
0.723413774477442,0.0607382649163341,0.0534197158279227,0.326122727242641,0
0,0,0.140520042375617,0.421884659425614,0
0,0.0538895391777718,0,0.222457854292012,0.168344749150203
0,0.0788463881633693,0.0471476995709394,0.484088216410847,0
0,0.0644097824750001,0.0348420088560818,0.471429611538029,0
0.685968540110541,0.0569027475170482,0.0274747861254762,0.444788626119418,0
0,0.0605494341139302,0.0349961538239837,0,0.184156720423237
0,0.0780766283480654,0.0477144090117552,0.336680500122449,0
0,0,0.0323322956181832,0.346167338482821,0.136925907940808
0,0.0528893711356816,0,0.160772555482748,0
0.66418777723823,0.0571331557438345,0.0318314540060884,0,0.292816980601631
0,0,0.0365278884840173,0.39409662238637,0
0,0.0586461120199757,0.0299658465269228,0,0.15471796968845
0.772234983440728,0,0,0,0.0508973343215682
0.706221594164152,0.0611234335560998,0.0379896750073559,0,0.187118230378
0,0.0561197060245111,0.0264934396743629,0.286948233752308,0
0,0,0.0287320391157753,0.229499678984399,0.13516625348225
0.916319749455754,0.0525717658105375,0.0296606653971944,0.41384536976364,0
0.768028328086381,0,0.0194360612825988,0,0
0,0,0.0245438944311633,0,0
0.670402278468581,0,0.0385570321161041,0.409120152498958,0.129275180821428
0,0,0.0320084616520027,0,0
0.694381850819234,0.0740413083260525,0.041558972982597,0,0
0.717881286112581,0.0418407480702589,0,0.280897917038979,0.119632862217906
0,0,0,0.158036973054546,0
0,0.0736902100757113,0.0506412203980943,0,0.108237917550541
0.724073962931237,0,0.0124091232836557,0,0.0368824596825721
0,0.0494736702298134,0,0.148389957837745,0.0972218672527922
0.640764727385817,0,0,0.369750402096861,0
0.749030177705272,0.0703287908072315,0.0430188165021385,0.412091366996949,0.237416617680885
0,0,0,0.369058729307732,0.155347969432872
0.665693661645233,0,0,0.38108986451156,0
0.700530878814498,0.0544294682305168,0.0445518464980368,0,0
0,0.075429532329046,0,0.50193138870687,0.112828737189153
0.615950371287804,0.0427156063749741,0,0,0.15981994530631
0.651895177350626,0,0,0,0
0,0.0498663459045371,0,0.267848798342633,0
0,0,0,0,0.178097605234237
0,0.109499921753597,0.0990420926513589,0,0
0.651807879703843,0.0714271277680026,0,0,0
0.638047588129702,0.0787239657471319,0.0432182982253057,0.510290370193867,0
0.671537147876758,0.0657090769869533,0.0435369508480272,0,0.167146088378869
0,0.0616905034275389,0,0,0.107349784036599
0,0,0,0.102047219078255,0
0.703378964540787,0.0854808746735162,0.050307023744996,0,0.170117821453216
0.62518755353801,0.0647510638334732,0,0.395058345412786,0
0.723070039993234,0,0,0.205806741989502,0
0,0,0.0298711574752116,0,0.134039793492984
0.72278632264119,0,0.0250803577795379,0,0
0.778967814448852,0,0.0305426595874835,0,0
0.825961228932623,0.0470858556489572,0,0.273359676469226,0
0.820985263066003,0.0563120016122801,0.0277691512007343,0,0.107256498070386
0,0.0763771511264306,0,0,0.0908880057249469
0,0.0375415268962626,0.027306845830615,0,0
0,0.035571218951914,0.0150979814716453,0,0.0933134408464743
0.614679099306529,0.047473334145633,0,0,0.221706238658727
0,0.0573058175478675,0.0297081394566364,0,0.214239527691875
0.785575155089726,0,0,0,0.204411276100902
0.731346948128829,0,0.0397804768403339,0.446222937061086,0.178320597030184
0.699772480508072,0,0,0.301112633453135,0
0.541177208766866,0,0,0,0.113426789684872
0,0,0.0201409182933872,0,0
0.694343658098766,0.0710506210916499,0,0,0.197044240550004
0.574347586492872,0,0,0.395919461488056,0.0807837299051806
0,0,0,0,0.139493188846577
0,0.117841392520337,0,0.327316111011828,0
0,0,0,0.319249022060722,0.135540675237049
0.798189665049841,0,0.0443730901487052,0,0
0.742788395960301,0.0983410030207154,0.0858750035864612,0,0.160092774810233
0.726169106454024,0.0689151583782264,0,0.378908282202498,0
0,0,0,0.453017877590464,0.203678406215657
0,0,0.0353977079420474,0.225372808323901,0
0.744054211838652,0,0.0416697241990307,0,0
0,0,0,0,0.107568303217727
0,0.060786771911447,0,0,0
0.725017868737076,0,0,0.477221130107292,0.148449919492933
0.71504411259214,0.0734638440985177,0,0.450934916569038,0.0832883942034912
0.710308215254173,0,0.028985989712054,0,0.263476627392849
0,0,0,0,0.138937306719145
0.641414003633765,0.0540899192647263,0,0.344853491127394,0.14204705190789
0,0.0942935562499242,0.0709766981383627,0,0.233826385871649
0.750770674538005,0,0,0,0.193671250031947
0,0,0,0,0.118702558335676
0,0.0476153903456066,0,0.213679235916682,0
0,0.0513856542871811,0,0,0.165975541186393
0,0.0773599952416947,0,0,0
0.654688702047675,0,0,0,0
0,0,0.0559857761759366,0,0
0,0,0.0507908316904697,0,0.119030976052342
0,0,0.0325194716506355,0,0.109621233419378
0,0,0.0107023887482982,0.15290734232177,0
0.739269209574369,0.0564546352764812,0.0328219325750481,0,0.155969662892632
0,0.0671117375956353,0.037467654653873,0.393492318791658,0
0,0,0,0.52284638245203,0
0.801408765774958,0.0442643654332223,0,0,0.184962430035525
0,0.239309260389592,0,0,0.546052597950265
0.594049574151167,0.0504472749174371,0,0,0.159673626907251
0.553592570970259,0,0,0.293547255482086,0
0,0.0696935801569432,0.044681380084509,0,0
0.62780102683857,0.0563449170732496,0.0313100165537447,0.381071993539975,0.212346333733739
0,0,0.0326904559847788,0,0.238478544227771
0.611061703067967,0.0647851342228977,0.0325265959978914,0,0.118751118153705
0,0.0573358456876993,0.0262199295065269,0,0.0733470493521098
0,0.0519891044049549,0.024861769852366,0.211005209057273,0
0.603003039049329,0,0,0,0.177272727272727
0.696105979343194,0,0,0.325588583758596,0
0.593323912462285,0,0,0.134060086177796,0
0,0,0,0,0.0770867942852762
0.660270295338851,0,0,0.0996769987357942,0.218531321082628
0.571783218118627,0,0,0,0.234132440514223
0.624963853318129,0.052373695580493,0,0.232376243521773,0.181269328085465
0.645942569060623,0.0800763869680183,0,0,0.137645998926572
0.724297663151118,0.0636879521905817,0,0,0
0,0,0,0.286431961239848,0
0.571330361575941,0,0.0202116436316011,0.129209772112018,0
0,0.0426584374164481,0,0,0.131026528995323
0.698653979408668,0,0,0,0
0.547072527976168,0,0,0,0.200745009839753
0.711781363043632,0.0563166213261004,0,0,0.213017225956501
0.745958391759102,0.0453979277118731,0,0.218104617991435,0
0.68292403467899,0.075237236741277,0,0.470271307824176,0
0.721225877204948,0,0.0367578106000054,0.111023741916695,0.145588723899098
0,0,0,0,0.14911058859611
0.745254554481916,0.0477747704724062,0,0.216371133747675,0
0,0,0,0.162209513975762,0
0.662851032021868,0.0631768963492134,0.0571930292018574,0.25444490776593,0
0,0,0,0.299945725197408,0
0,0.0679548353678361,0,0.389851935690978,0.217592710915736
0.734446014589619,0.0529858076616799,0.0304324912721888,0,0
0.707263709822622,0,0.0147358055638691,0.1013151711311,0.0860333018120479
0,0.0915026716382487,0.0594261882326379,0.387535328263273,0.298449919492933
0.684380814159678,0,0.0846146417900868,0.181747781021028,0
0.769905227492211,0.0273798888843333,0,0.103254502492008,0
0.788897921770396,0.0488378821152977,0.0278248506429173,0,0
0,0.0569114094804612,0,0.5239034173269,0.137800623610295
0.666179254805463,0,0.0349093663210473,0,0
0.653313764110846,0.0668062590192694,0.0452338408308129,0.275914563518066,0.170961867763948
0.617336221430481,0,0.0380531464647272,0.341518238319334,0
0.614569977248051,0.0727368166360514,0,0,0.180524318245713
0,0,0,0.108775970823984,0.0963056201599918
0.787097407805501,0.0711741984363424,0.0547228237078328,0.195469377759245,0
0.746378511684244,0.0537821308314503,0.0458834517669709,0,0
0,0.0792205849828118,0.0439158365884584,0,0
0.682362056077826,0,0.0406910979532333,0,0.160695299920771
0,0.0639189378815956,0,0.329223009868748,0.0482593861016689
0.711252121060012,0.04796360127481,0.0254967434932527,0,0
0,0.0524897658902275,0,0.263028931117333,0.254100109898536
0.755293783861939,0,0.132897638479662,0.176874300880973,0.266601068315997
0.737250451492517,0.0778161919814472,0.0536969177029731,0,0.142900043448258
0,0,0,0.325805682968964,0.0667001047869757
0.72601087946923,0.0598293362221944,0.0348834596037529,0,0.158620645590002
0,0.0568865785186772,0,0,0.266925652362819
0.576409993398115,0,0,0,0.229138446596979
0.612774919386079,0.0621068551355915,0.0407364347084986,0.254810931739507,0
0.637049121294624,0.0560232694985127,0,0,0.220266695632172
0.793977553592571,0.0570471135739319,0.0310369597534613,0.40011119715653,0
0,0,0,0.291267713773224,0
0.713096283848298,0,0.0291556139435393,0.232464274604026,0.204179978020293
0,0.0439629291064492,0,0.210079889861864,0
0,0,0,0,0.113369284637207
0,0,0.0348484855354054,0,0
0,0,0.0595155664073037,0.251069941687682,0.098055690443939
0,0.0530730047600376,0,0.293910631904317,0.127888031282746
0.635908795783524,0,0.040378274341903,0,0.0956903161499731
0,0.0564465507772957,0,0.322405565152929,0.150744370894779
0,0,0.0212139745237228,0.196117365951166,0
0.587240357702108,0,0.0284678553661652,0,0.104177422240397
0.678717379324644,0.448182691202737,0.450617619378639,0.559846574399502,0.366971656400951
0.669321970089644,0.0381830896530537,0,0.201397907110661,0
0.62183750634272,0.0657754853731198,0.035097190021432,0,0
0,0,0,0.232225333095054,0.147602678457331
0.69275047604498,0,0,0.224737396000874,0.174736115725714
0.66311838106514,0.0672624557590219,0.0385965398599781,0.411865663244707,0
0,0,0,0.558633333995221,0
0.648528761846563,0,0.0280635810427855,0.298902589967104,0.138536049275436
0.717248378173406,0.103099885719829,0.078883428256625,0,0
0,0,0,0.328627310815909,0.0971509443606716
0.553085153398334,0.0561641707700312,0,0.275773581408894,0
0,0.0703651710535662,0,0.353348159620871,0.170191300125233
0.737981569284323,0.0406251858712983,0,0.150243905667746,0.164139852275922
0.663593062019522,0.0609750252496233,0,0.386180443861983,0
0.652533541392725,0.0547782566239478,0.0292635801878638,0,0.237588493878907
0.741708087581364,0.0600839979465372,0.0334236160842113,0,0
0,0,0.0261794502607544,0,0.0837816597234646
0,0.0685963981246271,0.0494954958257478,0.167126678713025,0
0,0,0.0362455052655079,0,0
0.648534217949487,0,0.0458646693969325,0.308409946850407,0.180257239246556
0.734369629148684,0,0.0523517114074595,0.379355056492127,0
0,0,0.111173560692411,0.179091625133205,0.168427811996831
0.738412601415313,0.0455908007638697,0.0402817718199812,0,0.0865636261405168
0,0.0823694974155588,0.0471943316620694,0.478326482794226,0.0771551613975004
0,0.132117463153451,0.107785609738231,0.191616528663053,0
0,0.045754223140262,0,0,0.0990665013929
0,0.0605118989391404,0.0335194709382007,0.35686807913531,0.180871265366627
0,0,0.0240459673247642,0,0
0,0,0.124555675510853,0,0
0.732645500624724,0,0,0.313148401871819,0
0.58164239610216,0,0.0452208874721657,0,0
0.690682613036812,0.141530130062268,0.144424832339822,0,0.241101413346283
0,0.0492727126786313,0.0269954470887359,0,0
0.743972370294793,0.060023364202646,0,0,0.106262938635725
0.65408307462312,0.069773270220343,0,0,0.127883558667928
0,0,0.0720712569440527,0,0.135336851790324
0.690944505977161,0,0.0657551992676689,0,0
0,0.0618487286258834,0.0605537781028783,0,0.13464359649347
0,0,0.0380965402161955,0,0.132964449101643
0.705043075932584,0.0517656257488989,0,0,0.139454213203159
0,0.0533513425177094,0,0,0.0746664707235413
0.643689198553042,0,0.101713722872348,0.222404903265093,0.179102026733458
0.748566408956739,0.0493298816371573,0,0,0
0,0,0,0.257742432967309,0
0,0.0451513504867157,0,0.26640985418611,0
0.579519972064753,0,0.337681819009067,0.470165405770338,0.530091752498275
0,0,0,0.224032485455015,0
0.603106705004883,0.0599985332408621,0,0.298989297273684,0.199658164438879
0.549926069805381,0,0,0.423837228543251,0.136359802693792
0.696482450444945,0.0646465428082894,0.0327338497362469,0.390897718472628,0
0,0,0.0403633779794587,0,0
0.675138175806548,0,0,0.317054863882766,0.166679658547806
0.646449986632548,0,0,0.346551233427983,0
0,0,0,0,0.0670080762644721
0.730719496292578,0.0643618529441147,0,0,0
0.688216454515198,0,0.0398549586525554,0,0.208041761443505
0,0.0730336332490043,0,0.109856171773131,0
0.713401825612038,0.0348199379918913,0.0171461665409435,0.203321353163493,0.114898918905104
0,0,0.0273751747974791,0.246553219091493,0.175307332532522
0.702642390646057,0,0,0.165771132423899,0
0.716326296779262,0,0,0.463349284830193,0
0,0,0,0.274848924101322,0.100896439798605
0.628908615732127,0.0394512010967201,0,0,0.119192629130779
0,0.054466425941079,0,0.27637920877928,0.207067370358065
0,0.0491248818363824,0.0258271836723433,0.25199923221011,0
0,0.0681840886661673,0,0.230037793795463,0.112698392414445
0,0,0.0286082050071078,0,0.14411403889897
0.732940130182616,0.0701185938284088,0,0,0
0.609042944986114,0.0644964021091303,0,0,0.120153602371764
0.656347357336549,0.0721362538394153,0,0.455100838611889,0.148272931735119
0,0.0713035504233102,0,0.314603893224254,0
0.666970389729432,0.150415572131345,0,0.206877014621102,0
0,0,0.0416347501306832,0,0.190551281723618
0.648757918169368,0,0,0,0
0.769485107567069,0,0.0203401409493815,0,0
0.691391906416923,0.0567075646081414,0.03383747589299,0.346537333783417,0
0.616255913051544,0,0,0.316627284340396,0.145041787001303
0.684200762763189,0.0632069244890452,0,0.218336940622042,0.29435492115419
0.600902439423617,0,0,0.255957321472303,0.126332839215887
0.736164687010656,0.0553487912807522,0,0,0.199594908886447
0,0,0,0.278454889034504,0
0,0,0.0243289982112059,0.31250570878259,0.191020267334577
0.584599603886928,0,0.0392409694526772,0.395312510341997,0.120381705727503
0,0,0.0608024825889049,0.308798475010425,0
0.657062106819583,0.0648371060033759,0,0,0.108161883098628
0.77981351040206,0,0,0,0.109632734428911
0.664449670178578,0.045828716025614,0,0.183650046663092,0.210950877910394
0,0,0.0284213528086217,0.310170568495463,0
0.701518433443728,0.0604345187326508,0.033376336325149,0.349185547017202,0.192224678610678
0.738194357298356,0,0.0213389744346685,0,0.178397909372045
0,0,0,0.256881978779876,0.152201804380607
0.682356599974902,0,0,0.291022153385887,0
0.742373732138083,0.0710506210916499,0,0,0
0.776425270486302,0,0.0324106634379989,0.385412653971658,0.188436373859483
0.719774553827183,0,0.027306845830615,0,0.138197408439185
0.688472891352622,0.0855380436320421,0,0,0
0.734375085251608,0.0731497035587388,0.0398549586525554,0,0
0.73908915817788,0.0758995882102593,0.0542765805024362,0,0
0,0,0.0422001642356343,0,0
0.671286167142257,0,0,0,0.148028215810054
0,0,0.0212739485742595,0.224515001687814,0.150526490658624
0.601022473687944,0.0495400786159799,0.0216457747342279,0.241920004236082,0.155111559792471
0,0.0463293775108866,0,0.29773899115056,0
0.770374452343669,0.0645541485318838,0.0381613070094315,0,0.0991910956628415
0.785847960235922,0.045786561137004,0.0245926638264701,0,0.107883303089938
0,0,0,0.234839128161342,0.101406317887903
0,0,0.0223473934053544,0,0.136172591816393
0,0.0536649055932608,0,0,0
0,0,0,0.18905634651152,0
0,0,0,0.147390507204649,0.047531180514734
0,0.0558748611920363,0.0294472588134814,0.372331764659161,0
0,0,0,0.245082504318818,0.13214851636977
0.733813106650444,0,0,0,0
0,0,0.0250204484957945,0.30173348424376,0.281537046029596
0.716746416704405,0,0.0208284825703816,0.123867675383729,0.109771385488282
0,0.059241477638564,0.043256510633315,0.160055730955832,0.184632095483937
0.616796067241012,0,0.0440194634576361,0,0
0.685641173935105,0,0,0.291903787984088,0.120246888337976
0.760171539875928,0.0557426218839309,0,0,0
0.565525068064884,0,0,0.288252152790188,0
0.750852516081863,0,0.0322111817148317,0.342982334213644,0
0,0.0490151636331508,0.0213514096589698,0,0
0,0.0689573132668364,0,0.343916919838764,0.18865936565543
0,0,0.0499132416421206,0.344427235360696,0
0,0,0,0.109376964979515,0
0,0,0,0.204289695068274,0.165023513175045
0.680905276597138,0.0664788368022572,0,0.120574121509369,0
0,0.0537064830176432,0.0281466768385075,0.2039944930932,0
0,0,0,0.31406577841319,0
0,0.0452090969094692,0,0,0.121375265162164
0.67299938346037,0,0.0673368043584943,0,0.154932655199734
0.65565443226521,0,0.0374229655665401,0.435800189299921,0
0.6701785782487,0,0.0320084616520027,0,0.192240013290055
0.786322641190303,0.0633686144727549,0,0,0.122773915710379
0.803105613784298,0.0777717272359271,0.0514022302186183,0.400479206793617,0.161938047895315
0.79621455579138,0.0477499395106222,0.0254670155351573,0,0
0.610892563877325,0,0.0260984917692093,0,0
0.682842193135131,0,0,0,0.19687044751706
0.771503865648921,0,0.0422901900782324,0.285190921546435,0.160651851662535
0.719469012063444,0.0630411922557427,0.0342616983886864,0,0
0.702249551235534,0.0462294761995231,0,0.262688720769378,0.189597336877348
0.754606314893524,0,0.0254392305808591,0.221637775262604,0
0,0,0.0282367674478988,0.275326145231429,0
0.661454269673343,0.286700017150688,0,0.583623571149633,0
0,0.0693875241163498,0,0.239543826903093,0.194961918879546
0.66311838106514,0.125494525927855,0,0,0.298072941958239
0.733965877532314,0.0698177349658632,0.0446878567638326,0,0.256515960845452
0,0,0,0.292370418908812,0.280068750479209
0,0,0.0303245250278643,0,0.150158458353567
0.750061381157894,0,0,0.399994043009472,0.200902829248345
0,0.0605696453618939,0,0,0
0,0.0755675462794269,0,0.400254164929211,0
0,0.0765960100686663,0.0378601414208837,0,0.0931875686865847
0,0.0641354869669211,0,0.303437183534878,0
0,0,0.0286206402314091,0.312156232004924,0
0.687518073340936,0,0,0.260452863657725,0.383864083625118
0,0,0.0507908316904697,0,0
0.611443630272641,0,0,0.2748303912419,0.112038362256242
0,0.0606851382074009,0.0334980978964329,0,0.138643392031078
0,0.179497248094224,0,0,0
0.640928410473535,0,0.0396664872842383,0,0.144672476806297
0,0,0,0,0.154183811690137
0,0.0450410548192566,0,0.207401891675437,0
0,0.0565245084480129,0.0325330726772151,0,0
0,0,0,0.307425057749714,0.235205868070642
0.783267223552905,0.0490781072339521,0,0.214385470238213,0
0.724003033593226,0,0.0984948132485139,0,0
0,0.0570471135739319,0.0307131257872809,0,0
0,0,0.0298683725031025,0.244265072840756,0
0,0.0983063551670633,0.0754721612568799,0.0546878206019208,0
0,0,0,0,0.14409678738467
0.660985044821885,0.0429361977098924,0.037492913703235,0,0.124277992179314
0.719970973532445,0,0.176078307198097,0.355608506582475,0.506444399008357
0.666670304068616,0.0479999815211447,0,0,0
0.766713407281715,0,0.030497258065425,0,0
0,0.0495400786159799,0,0,0
0,0,0.0576496350941719,0.197404075905297,0
0.822474779164234,0,0.0312312601331696,0,0.140776829299461
0,0,0,0,0.187001942392721
0.704628412110366,0.0444913088746435,0.0191106081465875,0.195644778035914,0
0.701169242856597,0,0.0291643574606262,0.456731068353157,0
0,0.0686414403343749,0.0450758098553168,0.209565603012913,0.0997661461394945
0.659440967694415,0,0.312707743537229,0.410304269838433,0
0.759342212231492,0.0447471255274414,0,0.200154881753738,0.146372709382268
0.825159181802805,0,0.0420473146035971,0,0.102293812456871
0,0.0742526602333302,0.0410220562666698,0.399516159991528,0.206837350167404
0,0,0,0,0.139804993993917
0.720843950000273,0.192520221353588,0,0,0.525332890331485
0.66317294209438,0.0353922050413782,0.0206742728356865,0.190623696908322,0.128344237994224
0.725383427632979,0,0.053890570414749,0,0.111009021903034
0.629819784920423,0.0836612848925541,0,0.314995068935618,0
0.624510996775443,0.042033043658028,0,0,0
0.65976833386985,0,0.0430622102536067,0,0.167961382165768
0,0.0563564663578003,0.0321483579253927,0,0.342116696910062
0.643590988700411,0,0,0.406193946373848,0
0,0,0.022470709379676,0.274930998193046,0.191670074373195
0,0.0407337491460747,0,0,0.0520798936795563
0,0,0,0,0.072404605515373
0.664406021355187,0,0,0.30494430213856,0
0.689995144068398,0.0449203647957018,0,0,0
0.660952308204342,0.0542360177142927,0,0.297431213306593,0
0,0.0589279145630126,0,0.173405346729943,0
0.720751196250566,0,0.0389598815700326,0.3472263590212,0
0.71311265215707,0,0.0314644205888195,0.364792862201571,0
0.669709353397242,0.0868893099244734,0.0727785103261909,0.232922962874711,0.124689472742607
0.597656058183882,0.071318564493226,0.0412914861265319,0,0
0.782263300614903,0.0513821895018158,0.0267962891995349,0,0
0,0.0504640213800356,0.0299618309857422,0.261300080088428,0.257326143072559
0,0.0684566517815638,0,0,0
0,0,0,0.222524704963497,0.0925454289876556
0,0,0.0317702493864804,0.394929939172508,0
0,0,0.0325019846164618,0.417304395597122,0
0,0,0.110376281467675,0.177561340455246,0.23972832059703
0,0.0535823282087233,0,0,0.362900937971222
0.670134929425309,0.0696687491951592,0.0397111763715712,0,0
0.766822529340193,0.0627928826379028,0,0.422152062111555,0.125097758581031
0.691812026342065,0,0.0388031459304012,0,0.10504383162522
0,0,0,0.515279680705308,0.0904356326833133
0,0,0,0,0.244047588621668
0.679814056012353,0.134138587949823,0,0.222031598525314,0
0,0,0,0.313194734020373,0
0,0,0.0709190556923826,0.281049489353534,0.242181230352442
0,0,0,0,0.0621402739796049
0.724761431899651,0,0,0.185963344651615,0.134219975975669
0.560996502638026,0.0450289280704784,0.026665201210025,0.161748840041567,0.0826935364326424
0,0.0913288549057607,0.0927538846960666,0,0.121683236639661
0.691757465312826,0,0,0.104941654587214,0
0.737714220241051,0,0,0.199571096681956,0.175663224883073
0,0.0418765508523661,0,0,0
