24.8245016036372
6.31148505845858
6.97173127884299
8.97007352019612
8.63642364205942
11.8263258070787
14.4894649071684
15.4528123914868
0.263729773633214
0.292610217867914
19.1020626389415
16.9085292302541
20.9266542043282
15.4936214259431
19.8832211634542
22.5347563018732
23.6231457346143
29.6045689581931
0.515252090883843
0.56932160316278
30.2156793767935
19.634475644519
13.5074160361785
32.445347872619
-676949.194028192
47.8063334810756
36.910866509972
0.705789798601276
7.02237256767827
20.4866100760491
34.2350217107307
33.5069979990632
12.9827871926953
22.8064580464237
-956521.968778955
32.9361845959959
12.54420189509
13.0215724488413
19.7027343498179
25.1175363658961
15.091749757532
16.1474642562207
14.5189108336872
18.7234700913452
15.5379053603038
17.1509691213791
15.6308588622578
12.2819593144877
17.1507487533997
0.247249529652525
12.8150169514747
10.8802494369198
20.9373362944313
32.1237821027921
8.68855895006651
13.8709873835484
25.3701206403367
13.112157682458
19.9114479793557
7.56354980829635
