29.8156969935461
0.0723404255319151
21.7618920540593
113.779144582749
0.0425531914893618
0.468085106382979
0.331914893617021
0.025531914893617
20.1821269983338
7.42504392535018
0.526241134751773
0.457142857142857
0.42080378250591
6.40551797467154
33.7214918660775
0.362850770728247
14.0000477411454
0.480123394042822
0.296032629635642
0.414120890788889
0.415075192256917
2.99833760523784
0.348803849659067
21.1441721149804
0.526134664191409
20.8252093294707
13.9923579469113
23.9051068507478
13.6991335357397
1.53149671789437
2.28735223316983
16.9971783602648
0.607354258133402
0.568425638891204
2.08721491768578
