0.186637521686578,-0.00579336492888516,0.0245414280533692,-0.000794699835619925,0.027855610215916,0.0127010809980951,0.00151216073675711,0.00230604672798922,-0.00382386147009638,0.00630742726589376,-0.0173267644473777,0.0103170695900752,-0.00138977317824789,-0.0101376641537868,-0.0053284455356194,-0.0124006928335548,-0.00227057834634356,0.0101802659417956,0.0115654099682637,-0.00459356257901508,0.0354038579071425,-0.00800797592611823,0.0317798856133762,0.00374488648819814
-0.00579336492888516,0.0270306313456596,-0.0038757324679078,0.0156063148155872,0.00672208588985324,0.00478955316228834,-0.00194415499237058,0.000372799851517832,0.0109144104412597,-0.00203075437202965,-0.00270671407761056,-0.00231822325886751,0.000848797864826884,0.0145865391795314,0.0043481600553644,-0.00404180246699112,0.00836703733719595,-0.00176222017843867,-0.000104345308081348,-0.000311257597498761,-0.00629236127884679,-0.0057726976898501,-0.0131432561497589,-0.00620598887607849
0.0245414280533692,-0.0038757324679078,0.0673053321258187,0.000345460149699732,0.00454814071785496,0.010099409828494,0.00826070380904662,0.0158990821965091,-0.00468019835744668,-4.23459901128561e-05,0.00703680680423682,0.0378337151430234,0.0134158246714365,0.0265931006793874,0.00221622061321454,0.0176328213187346,0.000777429397670501,-0.010515604275375,0.00330222523720222,-0.00869583017993207,0.0075298016292322,-0.00620010400691868,-0.00486248882987643,0.00681976295148243
-0.000794699835619925,0.0156063148155872,0.000345460149699732,0.0185068747825215,0.00557213416067237,0.00192844217142359,-0.00140541255163,-0.00607933060967164,0.0164567846182247,-0.00288163184889418,-0.00397116028024572,-0.00262894112666453,-0.00401904540884689,0.0221312223305465,-0.00120721264565034,-0.00365967995731693,0.020440112717683,0.0015548261569749,0.00249701584396679,-0.00792702320059139,-0.00402404837509789,-0.00893276437797483,-0.0107404022169041,-0.00468760941565532
0.027855610215916,0.00672208588985324,0.00454814071785496,0.00557213416067237,0.15734230127051,0.0384987187821795,0.00715367440647137,0.0290238316614424,0.0156189902332939,0.0158292581531987,0.0178708797521718,0.00543393958820029,-0.00536614931971523,0.0459946904102233,-0.00591211144969337,0.002944330802005,0.0104291473024564,-0.0124637181003676,-0.00268603775355978,0.0132839097708422,-0.026843537121259,-0.00902042356822281,0.00121603706612878,0.0118745194612804
0.0127010809980951,0.00478955316228834,0.010099409828494,0.00192844217142359,0.0384987187821795,0.101674991573343,0.00773824843883104,0.032344219027962,0.00504566357073451,0.0152933544930098,-0.0263108928280264,0.00992451536395361,-0.00358471860357012,0.0155501723171072,-0.00357424616398668,0.00221583915989703,0.00569021160111327,-0.00802429411099585,0.000731119610894926,-0.0108301833640459,0.00565113818625517,-0.0194592508342613,0.00759679556527493,0.0209127626993147
0.00151216073675711,-0.00194415499237058,0.00826070380904662,-0.00140541255163,0.00715367440647137,0.00773824843883104,0.0573192674123727,-0.018664899480521,-0.00120640186982735,-0.00331370430619962,-0.00897967639623606,0.00199521345267401,0.0186593381312898,0.00243634423728929,0.0191467751497914,0.0187237760833568,-0.000956073151437685,-0.00899184807217619,-0.00241458206914168,-0.0187694879912866,0.00968476570383421,0.000141543919090459,0.0159272205553869,-0.00423014726806828
0.00230604672798922,0.000372799851517832,0.0158990821965091,-0.00607933060967164,0.0290238316614424,0.032344219027962,-0.018664899480521,0.141446499149344,0.0311204578907425,0.0297825327255256,0.00216285590179405,0.0151922710088408,0.000988594799954208,-0.000745970064326618,-0.00570704360491693,0.0204706500451585,-0.00716026862402544,-0.00447853135641345,-0.00800629067229615,0.000840956457477727,-0.0259537073365936,0.00337048028386994,-0.00385721166424573,0.00520656173162717
-0.00382386147009638,0.0109144104412597,-0.00468019835744668,0.0164567846182247,0.0156189902332939,0.00504566357073451,-0.00120640186982735,0.0311204578907425,0.120772181229439,0.00653831784468652,-0.0352087373798859,-0.0035855866210562,-0.0178896464952719,0.0471737352568417,-0.00826405387583608,0.0066144234367566,0.0294125122269499,0.0155122883165243,0.00808817532133533,-0.0278028349861763,-0.0459992155887667,-0.0106575456838168,-0.0526608143182241,0.0201271198286013
0.00630742726589376,-0.00203075437202965,-4.23459901128561e-05,-0.00288163184889418,0.0158292581531987,0.0152933544930098,-0.00331370430619962,0.0297825327255256,0.00653831784468652,0.0477458879901521,-0.00795764611163161,-0.00387384718496384,0.00661413924379708,0.011833485434735,-0.000433953550544157,0.0267119987903617,-0.00622648273823702,0.0112904870580075,0.00176439681449401,-0.0154972599119481,-0.0144267472384126,-0.000730118208307547,0.0131303544649806,-0.00581138805964149
-0.0173267644473777,-0.00270671407761056,0.00703680680423682,-0.00397116028024572,0.0178708797521718,-0.0263108928280264,-0.00897967639623606,0.00216285590179405,-0.0352087373798858,-0.00795764611163161,0.142719258053712,0.0186657852046453,-0.00183872403727935,-0.0189540396441695,-0.00175563746247977,0.0100477152564293,-0.0103635492519191,0.00904004761925517,-0.015332684201845,0.0403114657901557,-0.0307920759214451,0.0171681072754486,-0.0257878346128685,0.0238829992760391
0.0103170695900752,-0.00231822325886751,0.0378337151430234,-0.00262894112666453,0.0054339395882003,0.00992451536395361,0.00199521345267401,0.0151922710088408,-0.0035855866210562,-0.00387384718496384,0.0186657852046453,0.0343372707737296,0.0109788263595699,0.00884179153154429,0.00431517270478952,0.00985115100589343,-0.00271982795201898,-0.00829043452624656,0.0043996119201836,0.000262569033190282,0.00368755040810172,0.00180524510922993,-0.00814697464126232,-0.00407139996127469
-0.00138977317824789,0.000848797864826884,0.0134158246714365,-0.00401904540884689,-0.00536614931971523,-0.00358471860357012,0.0186593381312898,0.000988594799954208,-0.0178896464952719,0.00661413924379708,-0.00183872403727935,0.0109788263595699,0.10449276719767,0.0105224424799827,0.0118497610959034,0.0114945450707825,-0.00541600476465519,0.0208990765282587,-0.00795004008230487,-0.00722627542519972,0.00920772074257349,0.00554472872993085,0.0138698164071533,-0.0441417138066399
-0.0101376641537868,0.0145865391795314,0.0265931006793874,0.0221312223305465,0.0459946904102233,0.0155501723171072,0.00243634423728929,-0.000745970064326618,0.0471737352568417,0.011833485434735,-0.0189540396441695,0.00884179153154429,0.0105224424799827,0.256169536301736,-0.0217658593839756,0.00560113001125103,0.0316421449041599,0.0036275457087305,0.0099629666471375,-0.0301250018963064,0.0117960669348115,-0.0158240757026597,-0.0779044947347246,0.0345067252610025
-0.0053284455356194,0.0043481600553644,0.00221622061321454,-0.00120721264565034,-0.00591211144969337,-0.00357424616398668,0.0191467751497914,-0.00570704360491693,-0.00826405387583608,-0.000433953550544157,-0.00175563746247977,0.00431517270478952,0.0118497610959034,-0.0217658593839756,0.0391373692413326,0.0161241878547789,0.00175410514513326,0.00141018336997431,0.00036467794394692,0.00601411545146218,0.00247355008063559,0.00281718728462942,0.027346491971301,-0.0163342620636613
-0.0124006928335548,-0.00404180246699112,0.0176328213187346,-0.00365967995731693,0.002944330802005,0.00221583915989703,0.0187237760833568,0.0204706500451585,0.0066144234367566,0.0267119987903617,0.0100477152564293,0.00985115100589343,0.0114945450707825,0.00560113001125103,0.0161241878547789,0.185546788765673,-0.0189863887458629,-0.000921148599618721,0.003458567129436,-0.0224513323966859,-0.00524215820636929,-0.00327385962920226,0.00108462797780827,-0.0238790655279134
-0.00227057834634356,0.00836703733719595,0.000777429397670501,0.020440112717683,0.0104291473024564,0.00569021160111327,-0.000956073151437685,-0.00716026862402544,0.0294125122269499,-0.00622648273823702,-0.0103635492519191,-0.00271982795201898,-0.00541600476465519,0.0316421449041599,0.00175410514513326,-0.0189863887458629,0.075497944592157,0.00723429536451701,-0.00213298389691857,-0.00110927365543026,-0.0191097222738435,-0.00687504437448947,-0.0194653600876193,-0.00900546867733302
0.0101802659417956,-0.00176222017843867,-0.010515604275375,0.0015548261569749,-0.0124637181003676,-0.00802429411099585,-0.00899184807217619,-0.00447853135641345,0.0155122883165243,0.0112904870580075,0.00904004761925517,-0.00829043452624656,0.0208990765282587,0.0036275457087305,0.00141018336997431,-0.000921148599618721,0.00723429536451701,0.0882529867525408,-0.029776642134702,-0.0110734773077122,0.00232797462072944,7.07684585566142e-05,0.00299116641253579,0.00597987056212896
0.0115654099682637,-0.000104345308081348,0.00330222523720222,0.00249701584396679,-0.00268603775355978,0.000731119610894926,-0.00241458206914168,-0.00800629067229615,0.00808817532133533,0.00176439681449401,-0.015332684201845,0.0043996119201836,-0.00795004008230487,0.0099629666471375,0.00036467794394692,0.003458567129436,-0.00213298389691857,-0.029776642134702,0.0297682924527504,0.00265338759948623,-0.00589394278254535,-0.00265555096395729,0.00325469530977633,-0.00311211225643457
-0.00459356257901508,-0.000311257597498761,-0.00869583017993206,-0.00792702320059139,0.0132839097708422,-0.0108301833640459,-0.0187694879912866,0.000840956457477727,-0.0278028349861763,-0.0154972599119481,0.0403114657901557,0.000262569033190282,-0.00722627542519972,-0.0301250018963064,0.00601411545146218,-0.0224513323966859,-0.00110927365543026,-0.0110734773077122,0.00265338759948623,0.154981608549016,-0.125806997313093,0.0176263240936814,0.0197486916107635,-0.00445554352556305
0.0354038579071425,-0.00629236127884679,0.0075298016292322,-0.00402404837509789,-0.026843537121259,0.00565113818625517,0.0096847657038342,-0.0259537073365936,-0.0459992155887667,-0.0144267472384126,-0.0307920759214451,0.00368755040810172,0.00920772074257349,0.0117960669348115,0.00247355008063559,-0.00524215820636929,-0.0191097222738435,0.00232797462072944,-0.00589394278254535,-0.125806997313093,0.211619134381469,0.00979505932396993,-0.017721132830488,0.0177682659722659
-0.00800797592611823,-0.0057726976898501,-0.00620010400691868,-0.00893276437797483,-0.00902042356822281,-0.0194592508342613,0.000141543919090459,0.00337048028386994,-0.0106575456838168,-0.000730118208307547,0.0171681072754486,0.00180524510922993,0.00554472872993085,-0.0158240757026597,0.00281718728462942,-0.00327385962920226,-0.00687504437448947,7.07684585566141e-05,-0.00265555096395729,0.0176263240936814,0.00979505932396993,0.0332030587113969,-0.00727606195471544,-0.0136289336991997
0.0317798856133762,-0.0131432561497589,-0.00486248882987643,-0.0107404022169041,0.00121603706612878,0.00759679556527493,0.0159272205553869,-0.00385721166424573,-0.0526608143182241,0.0131303544649806,-0.0257878346128685,-0.00814697464126232,0.0138698164071533,-0.0779044947347246,0.027346491971301,0.00108462797780827,-0.0194653600876193,0.00299116641253579,0.00325469530977633,0.0197486916107635,-0.017721132830488,-0.00727606195471544,0.182287365640526,-0.131256013874893
0.00374488648819814,-0.00620598887607849,0.00681976295148242,-0.00468760941565532,0.0118745194612804,0.0209127626993147,-0.00423014726806828,0.00520656173162717,0.0201271198286013,-0.00581138805964149,0.0238829992760391,-0.00407139996127469,-0.0441417138066399,0.0345067252610025,-0.0163342620636613,-0.0238790655279134,-0.00900546867733302,0.00597987056212896,-0.00311211225643457,-0.00445554352556305,0.0177682659722659,-0.0136289336991997,-0.131256013874893,0.22503803706858
