0.2024447578125
19.0903445461477
15.433644744176
13.6001778809186
16.1662235764985
27.8693116893072
28.5032922961709
31.4669265089016
0.261830084615385
0.292387420289855
39.3976861513585
34.1837844410869
43.9560298162827
29.2876839806562
39.8964451059835
48.2937824266262
70.2698693697572
52.9855260036142
0.517510955223881
0.565898553846154
56.5508596779028
31.6707277471262
42.996100181915
47.8536263198837
0.6906494
64.4179972527388
71.3173599001758
0.686901428571429
36.4596299618207
35.9649718871914
58.5347268024141
63.8044233350827
38.0217114603405
39.829536611047
0.394239827586207
55.6955726690195
30.0884303263997
42.9767128198174
45.3549751505183
46.4870816025828
34.2947830192366
41.4077321781198
30.8968405646281
29.9865000136466
44.9363759531768
28.2077810856207
29.8328048113366
18.4887806276184
31.0304293502621
0.263361090909091
0.133374384615385
19.7613469296235
0.228612841269841
51.1903856804086
24.6233326566663
34.7908240062959
38.147087122427
38.8063206079805
47.9423033575918
16.1702294993545
