NaN,0.015002,0.073587,0.09106,0.14278,0.2201,0.3612,0.22558,NaN,NaN,0.26584,0.34174,0.41817,0.36671,0.43756,0.52646,0.58512,0.66005,NaN,NaN,0.88839,0.96606,1,0.98904,NaN,0.88886,0.91428,NaN,0.7779,0.5758,0.35782,0.32532,0.18933,0,NaN,0.17218,0.22108,0.2558,0.19713,0.28301,0.34777,0.30403,0.24143,0.27828,0.18169,0.10532,0.19377,0.28332,0.32105,NaN,NaN,0.23538,NaN,0.30409,0.12698,0.39231,0.24148,0.075515,0.14325,0.055428
0.062684,0.070725,NaN,0.03495,0.034998,NaN,0.28815,0.26924,0.077447,NaN,0.083936,0.25733,NaN,0.20501,NaN,0.20039,0.035644,0.19803,0.37513,0.35499,0.23493,0.35487,NaN,0.47198,0.29713,0.48607,0.50163,NaN,0.19744,0.31384,NaN,NaN,0.59257,NaN,0.38151,0.29556,0.55292,0.87668,1,0.98584,0.66717,0.6044,NaN,0.41252,0.61061,0.5011,0.4808,0.472,NaN,0.35636,0.24004,0.1612,0.08052,NaN,0.17914,NaN,0.13352,0.093822,0.10744,0.25635
0.10914,NaN,0.061433,NaN,0.17373,NaN,0.3934,0.3151,NaN,0.38739,NaN,0.51495,0.53879,NaN,0.10573,0.09943,0.3209,0.52634,0.62866,0.70848,NaN,0.82251,0.86193,0.7783,0.70697,0.52616,NaN,NaN,0.63565,0.72355,0.82692,0.90047,1,0.98824,0.6681,0.38558,0.098185,0.33753,0.63093,0.87135,0.84586,0.65458,0.33803,NaN,0.40006,NaN,0.35947,0.44984,0.61535,0.59758,0.026892,0.098431,0.054546,NaN,0.1746,NaN,0.23011,NaN,NaN,0.062356
0.10841,0.10587,0.081143,0.077984,NaN,0.099436,0.27679,0.29394,0.077447,NaN,0.37998,0.66207,0.7907,0.55863,NaN,NaN,0.89628,1,0.96739,0.8964,NaN,NaN,0.64438,0.58652,0.35564,0,NaN,NaN,0.090909,0.11729,0.30322,0.4727,0.36354,0.51277,0.47151,NaN,0.21518,0.37912,0.34841,0.15174,NaN,0.16349,NaN,0.04857,0.090418,0.060752,0.047809,0.066787,NaN,0.093334,0.13645,0.089871,NaN,0.64912,0.43537,0.17949,0.090909,0.22197,NaN,0.030023
NaN,0.14016,0.095598,0.075607,0.31169,0.45499,0.50758,0.36097,0.26581,0.23052,0.27492,NaN,0.57003,0.50366,0.53546,0.50326,NaN,0.72218,NaN,0.87757,0.98851,1,0.86754,NaN,0.90512,0.85395,0.76363,0.65006,0.55509,0.36252,0.20153,0.085374,0.064895,NaN,NaN,0.18911,0.19342,0.29729,0.39332,0.30741,0.17962,0.20098,NaN,0.19479,NaN,NaN,0.21242,0.29111,0.35487,NaN,NaN,0.20685,NaN,NaN,0.35828,0.13077,0.21307,0.11899,NaN,0.14088
0.74189,0.35319,0.18463,0.13528,0.14405,0.32948,0.25839,NaN,0.16644,0.17961,0.31476,NaN,0.37599,0.27885,0.38038,0.30195,0.37374,0.17849,0.28656,0.28778,0.28162,0.27277,0.32288,0.2384,0.39611,0.40423,NaN,0.71984,0.75558,0.63556,NaN,0.70344,0.46477,0.60943,NaN,NaN,0.091516,0.2976,0.28842,0.13475,0.54997,0.9685,NaN,0.70961,0.83281,1,1,1,NaN,0.57576,NaN,NaN,NaN,0.87427,0.55782,0.21282,0.49432,0.48284,0.62259,0.23095
0.16224,0.091728,0.049934,0.10889,0.1722,0.27385,0.33144,0.36648,0.4441,0.4413,0.37672,NaN,0.33482,0.15809,NaN,0.29076,0.34048,0.36488,0.26152,0.16727,0.1172,0.11492,0.15715,0.3639,0.5667,0.7296,0.83255,NaN,NaN,1,0.9988,0.84341,NaN,0.61198,0.67628,0.7753,0.84551,0.73235,0.6245,0.60904,0.47169,0.40354,0.49075,NaN,0.62169,0.32968,0.20427,0.49536,0.47097,0.27273,0.21315,0.30385,NaN,0.21345,0.11791,0.048718,0.15341,0.11213,NaN,0.034642
0.089971,0.12473,NaN,0.005706,0.044129,0.040581,0.066559,0.016538,0.061306,0.10882,0.11499,NaN,0.13099,0.077344,0.057177,0.075717,NaN,0.24758,0.33305,0.49369,0.55839,NaN,NaN,NaN,0.53115,0.70999,0.9043,1,0.82214,NaN,0.31248,0.053134,0.11793,0.4194,0.64979,0.73689,NaN,0.73932,0.67721,0.50065,0.23104,0.20122,0.35277,0.51739,0.58644,0.47586,0.49602,0.53609,0.46542,NaN,0.16833,0.10414,0.090909,0.043859,0.068027,NaN,NaN,NaN,0.1157,0.062356
0.12906,0.013716,NaN,0.093676,0.067462,0.15802,0.23485,0.30849,0.098475,0.033748,0.16589,0.47436,0.43371,0.26297,0.013542,0.041726,NaN,NaN,0.34978,0.532,0.62943,0.71731,NaN,0.87358,1,0.84382,0.63893,0.49434,NaN,0.41728,0.44022,0.46372,0.51538,0.54012,0.52501,NaN,0.4274,NaN,NaN,NaN,NaN,0.61184,0.5452,0.31938,0.22548,0.15414,0.11789,0.2363,0.16406,NaN,0.025896,0.12126,0.29351,NaN,0.19955,0.34872,0.19602,0.043478,0.14876,0.2679
0.041298,0.041577,0.039422,0.10366,0.047172,0.1892,0.18074,0.15061,0.0062195,NaN,0,0.19314,0.18037,0.078581,NaN,0.10839,NaN,0.17371,NaN,NaN,0.26549,0.14201,0.01102,0.12161,0.015881,NaN,0.30655,0.47046,0.5136,0.52147,0.61253,NaN,0.66019,0.92051,1,0.95131,0.88651,0.69564,0.66688,0.67636,0.54916,0.50122,0.36415,0.21966,NaN,NaN,0.15918,0.25846,0.1792,0.28242,0.251,0.049928,0.11169,0.19298,0.26757,0.25897,0.14489,0.066362,0.19835,NaN
0.83702,0.49593,NaN,0.071327,0.041847,0.31309,0.64502,0.57464,NaN,0.7529,0.50007,0.11064,0.062185,0.15696,0.38881,0.35009,0.27893,NaN,0.37513,0.82823,0.9765,0.45609,0.0049805,0.19506,0.11352,0.21291,0.11934,NaN,0.44856,0.62736,0.25787,0.32487,0.51381,0.67992,0.85947,NaN,NaN,0.89768,0.89142,0.65022,0.28373,NaN,0.1522,NaN,0.74126,0.58036,0.42376,0.57742,0.55124,0.61455,NaN,0.12981,NaN,0.2193,0.36281,0.2718,0.53125,NaN,0.18457,NaN
0.042036,0.0090015,0.02431,0.0007135,0.089525,0.20505,0.31088,0.20816,0.2815,NaN,NaN,NaN,NaN,0.044859,NaN,0.26929,0.4012,0.50951,0.56417,0.58829,0.65778,0.78254,NaN,0.98238,1,NaN,NaN,0.28324,0,0.20379,NaN,NaN,0.5179,0.60933,0.51396,0.37268,0.22064,0.13902,NaN,NaN,0.25651,0.28901,0.34993,0.29928,0.2451,0.19981,NaN,0.25996,0.19788,0.15879,NaN,0.099857,0.17143,NaN,0.063492,0.15385,0.096591,0.075515,0.030303,0.071593
0.43068,0.2006,0.15867,0.078221,NaN,0.18033,0.22186,0.086439,0.1509,0.034034,0.18333,0.26187,0.29999,0.26359,NaN,0.45827,NaN,0.85943,0.93278,0.93226,0.90978,0.91432,0.92699,0.85698,0.72613,0.53332,0.3867,0.39409,0.40605,0.27016,0.26747,0.3106,0.28058,0.41547,0.3857,0.41482,0.45714,0.41967,0.46026,0.361,0.3282,NaN,NaN,0.34141,0.24851,0.12781,0.095979,0.024259,0.17264,NaN,0.027888,0.0071325,NaN,0.6345,0.46032,0.19744,0.32386,0.254,0.30578,0.21709
0.27802,0.04372,0.082786,0.047314,0.086989,NaN,NaN,0.36053,0.30061,0.33719,NaN,0.41222,0.38563,NaN,0.11375,0.19998,0.17749,0.1919,0.28898,NaN,0.4805,0.58532,0.69037,0.75832,0.88504,0.96817,0.98739,0.98065,0.94562,0.84468,0.65123,0.33622,0.35189,NaN,0.11333,NaN,NaN,0.17126,0.13504,NaN,NaN,0.25079,0.31256,0.21013,NaN,0.09915,0.16516,0.24319,0.25038,NaN,0.088645,0.10699,0.19481,0.046783,0.16553,0.097436,0.19318,0.093822,0.057851,0.018476
0.4528,0.45392,0.49639,0.27841,0.34745,0.29239,NaN,0.18787,0.3009,0.49821,NaN,0.72817,0.71153,0.5282,0.65473,0.86943,NaN,0.93091,0.78087,0.71993,0.67411,NaN,0.011445,0.026944,0.25379,0.21126,0.18416,0.16746,0.026786,0.20432,0.16316,0.16704,0.2054,0.18484,0.24997,NaN,0.078941,NaN,NaN,0.011983,0.11036,0.20989,0.20031,0.20948,0.10065,0.01769,0.14397,0.22821,0.059061,NaN,NaN,0.11555,0.66753,NaN,NaN,0.46923,NaN,0.12357,0.30854,NaN
0.10103,0.041148,0.032195,0.04874,0.0076085,0.077668,0.22294,NaN,0.12942,NaN,NaN,0.27535,0.29725,NaN,NaN,NaN,NaN,0.31605,0.37155,0.41706,0.52835,0.59012,0.56067,0.70433,0.94877,0.98436,1,0.95657,0.86222,0.69405,0.58976,NaN,NaN,0.16237,0.055947,0.22349,0.23048,0.28262,0.31004,0.22908,NaN,0.24518,0.2338,0.20922,0.15923,0.11177,0.20228,0.28452,NaN,0.14545,0.047809,0.058488,0.093506,NaN,0.015873,NaN,0.096591,0.018307,NaN,0.062356
0.21534,0.2216,0.20959,0.11008,NaN,0.12765,0.171,0.13429,0.20509,0.3831,NaN,NaN,0.69051,0.48458,0.55933,NaN,0.8166,NaN,0.99737,0.99047,0.8145,0.64196,0.57402,0.47362,0.29816,0.06851,NaN,0,0.087662,0.21551,0.24109,0.28376,0.25706,0.40127,0.35154,0.31169,0.46556,0.41499,0.15275,0.35501,0.67655,NaN,0.24092,0.18294,0.083736,0.078991,0.12169,0.080563,0.12367,0.2303,0.062749,0.4465,0.47792,0.37135,0.61451,0.37949,0.1392,0.27002,NaN,0.11316
0.23968,0.26532,0.12024,NaN,0.094851,0.24859,NaN,0.39581,0.38087,0.57257,0.70268,0.74809,0.773,0.37558,0.29281,NaN,0.27686,0.24353,0.52062,0.77868,0.86836,0.86372,0.69344,0.68354,0.72203,NaN,NaN,0.98106,NaN,0.57899,0.48523,NaN,0.43148,0.28574,0.056357,NaN,0.13678,NaN,0.60574,NaN,0.2271,0.52674,0.49101,0.55682,NaN,0.2607,0.17023,0.40851,0.45734,0.17455,0.32769,0.18973,NaN,0.16667,NaN,0.097436,0.15341,0.10984,NaN,0.12009
0.058997,0.12945,0.17214,0.083927,0.13847,0.25181,0.26596,0.29526,NaN,NaN,0.55863,NaN,0.7514,0.41559,0.33123,NaN,0.31883,0.25725,0.37534,0.66107,NaN,0.65954,0.54466,0.58969,0.63975,NaN,0.98099,NaN,0.84121,0.58176,NaN,NaN,NaN,0.32136,0.029969,NaN,NaN,0.36373,0.56346,NaN,NaN,0.52955,0.55632,0.62239,0.72277,0.26769,0.2787,0.61006,0.53205,0.30424,0.35558,0.24679,0.036363,0.26901,NaN,0.092307,0.1108,0.061785,0.082645,0.062356
0.20575,0.05015,0.033508,0.013076,0.10905,0.2408,0.34984,0.23418,0.43077,NaN,0.55891,NaN,0.72736,0.42539,0.3215,0.28435,0.30432,0.29673,0.42436,NaN,0.68845,0.82763,0.83565,0.84756,NaN,0.99835,1,NaN,0.4583,0.35272,0.36698,0.47967,NaN,NaN,NaN,0.28276,0.40684,0.2898,0.2627,0.27418,0.020961,0.22198,NaN,0.59856,NaN,0.35395,0.23886,0.15124,NaN,NaN,0.040836,NaN,0.25714,0.20175,0.018141,NaN,0.034091,0.006865,0.22039,NaN
0.13864,0.049293,0.11991,0.016643,0.1192,0.20747,0.26732,0.17574,0.15712,0.23366,0.27066,NaN,0.27652,0.14994,0.20152,0.16528,0.1004,0.19584,0.19609,0.26231,0.35772,0.34884,0.44993,0.64461,0.77582,0.82322,0.91386,0.97623,0.89215,NaN,0.65591,0.52404,NaN,0.29645,NaN,0.09123,0.20216,0.19341,0.24932,0.22168,0.24065,NaN,0.27311,0.12767,0.084447,0.26604,0.35078,NaN,NaN,0.21455,0.20817,NaN,0.23117,0.10819,0.088436,NaN,NaN,NaN,NaN,0.023095
NaN,0.15559,NaN,0.075369,0.098402,0.36281,NaN,NaN,NaN,0.21707,0.34312,0.4575,0.5624,0.4256,0.5471,0.71759,0.80696,0.91532,NaN,0.93771,NaN,0.93344,0.73339,0.50271,NaN,0.27778,0.68285,NaN,0.89986,0.78843,NaN,0.10279,0.12937,0.24081,NaN,0.225,0.10792,0.17396,0.22169,0.29118,0.14476,0,0.04539,0.1479,0.18922,0.037849,NaN,0.18898,0.15598,NaN,0.11454,0.079886,NaN,0.32749,0.3288,0.13333,NaN,0.059497,0.28375,0.36259
0.2087,0.26104,NaN,0.20518,0.39259,0.58909,0.57982,0.43616,NaN,0.10568,0.31008,0.49956,0.37325,NaN,0.3216,0.42469,NaN,0.43429,NaN,0.61826,0.36046,0.18096,0.31546,0.91446,0.93555,0.40742,NaN,0.6514,0.79992,0.38212,0.51335,NaN,NaN,0.91966,0.78143,0.71099,0.79423,0.4178,0.27809,0.33181,NaN,NaN,0.06802,0.24053,0.22079,0.22394,0.22673,0.22402,0.22817,0.077576,0.15339,0.032811,0.38442,NaN,0.46712,NaN,0.4233,NaN,0.54821,0.15473
NaN,NaN,NaN,0.18783,0.26883,NaN,0.35606,0.5032,0.44987,0.55541,0.51779,0.45032,0.3947,0.15335,0.17133,0.19143,0.18019,0.23927,0.20408,0.12661,0.24136,0.60863,0.78966,0.82717,0.84016,0.83412,0.9126,NaN,0.78653,0.50687,0.65286,0.68535,0.47065,0.20805,NaN,0.035685,0.14837,NaN,0.15908,0.10795,NaN,NaN,0.082504,NaN,0.090703,0.079676,0.11608,0.31267,0.36951,0.33333,NaN,0.1184,0.1039,0.096491,0.0839,0.24103,0.14489,0.10984,0.17631,NaN
0.14086,NaN,0.17017,0.12149,0.1471,0.35743,NaN,0.43793,0.22153,NaN,0.28895,0.22699,0.19044,0.16943,0.20363,0.2183,0.20837,0.096,0.34904,0.55672,0.42,0.47613,1,0.86426,0.45881,0.48684,0.60048,0.70595,0.55408,NaN,NaN,0.17041,0.095453,NaN,0.27207,0.31734,0.24667,0.1723,0.21347,0.13094,0.037406,0.033944,0.09259,0.12574,0.11189,0.071586,NaN,0.069182,0.11156,0.17455,0.30578,0.53923,0.36883,0.023392,0.21315,NaN,0.21023,0.40503,NaN,0.14781
0.13643,0.15645,NaN,0.035425,0.22496,0.23757,0.40747,0.3409,0.44928,0.28571,NaN,0.19725,0.29567,0.038363,0.063096,0.21484,0.28505,0.27262,NaN,NaN,0.55554,0.49606,NaN,0.5441,0.66301,NaN,NaN,0.80239,0.67441,0.34558,NaN,0.24714,0.48766,0.77742,NaN,0.8495,0.69331,0.59416,NaN,0.28617,0.017371,0.33919,NaN,0.54831,0.37546,0.19007,0.19033,NaN,NaN,0.39273,NaN,0.027104,0.15584,0.43567,0.14966,0.41795,0.50284,0.18535,0.24518,0.060046
0.26475,NaN,0.20138,0.11317,0.047679,0.35474,0.55168,0.59074,0.44351,0.35521,0.45286,NaN,0.63193,0.58544,0.79175,NaN,NaN,0.89371,0.98191,0.89105,0.88301,0.93528,0.90696,0.78855,NaN,0.59445,NaN,0.31947,0.47565,0.34186,0.28262,0.096944,0.027933,0.13757,NaN,0.1751,0.14848,0.058542,0.25912,0.31471,0.14383,0.17424,0.37178,0.26372,0.15127,0.19131,0.19287,0.15783,0.19939,0.22182,0.35159,0.15692,0.15065,0.66374,NaN,NaN,NaN,0.25172,NaN,NaN
0.37684,0.23875,0.39553,NaN,0.045397,0.24725,0.1369,0.084675,0.32815,0.21722,0.31972,0.37676,NaN,0.31845,0.30023,0.21606,NaN,0.097766,0.069114,0.29409,0.53225,0.62979,0.63474,NaN,0.64488,0.49587,NaN,0.72468,0.76928,0.81133,0.90518,0.97776,0.654,NaN,0.74481,0.47329,0.14378,0.35001,NaN,0.21667,0.63995,0.68034,0.33325,0.67573,0.87418,0.70255,0.613,0.44894,0.27562,0.32727,NaN,0.47218,0.37403,0.95029,NaN,0.4359,0.36648,0.22883,1,NaN
0.21239,0.14874,0.15604,0.13077,0.025361,0.33647,0.38745,0.2355,0.27691,0.32046,0.36991,0.37749,NaN,0,0.064399,NaN,0.17832,0.23584,0.24553,0.38923,0.54522,0.69226,0.70817,0.75638,NaN,1,NaN,NaN,0.69886,NaN,0.69875,0.51191,0.22125,0.080233,0.056561,0.028629,0.1335,NaN,NaN,NaN,NaN,0.16007,0.2007,0.19943,0.18752,NaN,0.22782,0.28571,0.24684,0.29212,0.041832,0.11127,NaN,0.33918,NaN,0.079487,0.088068,0.17391,0.096419,0.096998
0.1792,0.18303,NaN,0.14812,0.18184,NaN,0.34172,0.36913,NaN,0.40626,0.31433,0.34657,0.29725,0.18996,0.12429,0.10493,0.14973,0.18805,NaN,NaN,0.01191,0.22104,0.45152,NaN,0.74703,0.88534,0.9938,0.99557,0.93182,0.93012,NaN,0.81847,0.6708,0.6548,0.62954,0.66018,0.61579,0.43485,0.29074,0.4402,0.45918,0.48535,0.54326,0.58709,0.56227,0.40675,0.37939,0.46661,NaN,0.32121,0.12052,NaN,0.14805,0.026316,0.088436,0.19231,0.079545,0.1373,0.12948,0.10162
NaN,0.16331,0.10315,NaN,0.16586,0.33298,0.43101,NaN,0.37539,0.44044,0.45073,0.51319,0.41327,NaN,0.13582,0.19947,0.24961,0.43647,0.63044,NaN,0.79026,0.78775,0.8721,1,0.98617,0.94206,0.94474,0.9295,NaN,0.59657,0.35858,0.27162,0.16434,0.20965,0.20456,0.12571,NaN,0.024436,0.11016,NaN,0.056283,0.12198,NaN,0.24684,NaN,0.32021,NaN,0.38934,0.31954,0.22182,0.13645,0.20257,0.18442,NaN,0.070295,0.17179,NaN,0.01373,0.038567,0.18245
0.3149,NaN,NaN,NaN,0.053513,0.1548,NaN,0.31643,0.13313,NaN,0.11626,0.31345,0.26242,0.19253,0.10813,0.19072,0.21956,0.65527,0.8259,0.81293,NaN,0.89592,0.9644,NaN,NaN,0.25554,0.16525,0.55424,0.56636,0.45425,0.76839,0.80836,NaN,0.4142,0.54587,NaN,0.1077,0.35853,0.44697,0.45893,0.25431,0.17216,0.45118,0.34257,0.13421,0.18788,NaN,0.12459,0.36295,0.77212,0.20916,0.2796,0.54805,0.3655,NaN,0.17692,NaN,0.23341,0.15978,0.22864
0.074484,0.074153,0.14258,0.24679,NaN,0.22091,0.19697,NaN,0.10099,0.1277,NaN,0.54982,0.52181,0.462,0.61531,0.64136,0.79525,NaN,0.98233,NaN,NaN,0.82875,0.81732,NaN,0.60062,NaN,0.40698,0.41406,0.43172,0.34303,0.27793,0.29555,NaN,0.22046,NaN,NaN,0.31161,0.42342,NaN,0.28301,NaN,0.21062,0.28437,0.13605,NaN,0.042101,0.042919,0.14076,0.051489,0.069091,0.030876,0.22111,NaN,0.21637,0.59864,0.7,0.26705,0.11671,0.40496,0.19861
0.023599,0.022718,0.021354,0.11793,0.20695,NaN,0.44399,0.29063,0.42159,0.47991,0.42195,NaN,NaN,0.10106,0.20774,0.22786,0.16361,NaN,NaN,0.026327,0.11014,0.31408,0.49857,0.66602,0.78545,0.88303,0.93644,0.94782,0.9026,0.90956,NaN,0.86295,0.70388,0.68977,0.6366,0.68538,0.644,NaN,0.39774,0.44913,0.48477,0.52943,NaN,NaN,0.66961,0.43829,0.40583,0.54088,0.49975,0.30424,0.12849,NaN,NaN,NaN,NaN,0.1641,NaN,0.09611,0.002755,0.053118
0.15929,0.14788,0.0049275,0.058488,0.068983,0.20371,0.46131,0.28578,0.14631,0.033462,NaN,0.16794,0.30085,NaN,NaN,0.68034,0.74314,NaN,0.75889,0.85306,1,0.88478,0.79411,0.87296,0.9043,0.93722,NaN,NaN,0.28673,0.19282,0.27357,0.2113,0.18902,0.13959,NaN,0.027419,0.078941,0.10294,0.1012,0.14564,0.087435,NaN,0.098538,NaN,0.11814,0.089687,0.15284,NaN,0.25088,0.37939,0.15339,0.1398,0.23896,0.035087,0.10431,0.17436,0.15057,NaN,0.1157,0.055428
NaN,0.14574,0.050263,0.028293,NaN,0.41064,0.53977,0.36141,0.33363,0.36765,NaN,0.39522,0.30099,0.074353,0.17755,0.20741,0.24692,0.25839,NaN,0.11601,0.38132,0.68091,0.80078,0.84151,0.88924,NaN,0.99863,1,0.80763,0.59508,0.60589,0.57774,0.38675,0.13355,0.064028,0.053226,0.06757,NaN,0.13757,0.11797,0.097394,0.11966,0.25566,0.17251,0.12823,0.14879,0.27544,NaN,0.43311,0.35152,0.20219,0.15407,0.24156,0.55263,0.061225,NaN,0.17614,0.25629,0.52893,NaN
0.23156,0.090013,0.12188,NaN,0.27669,0.37087,0.54681,0.34179,0.36384,0.36594,0.39232,0.42863,0.30661,0.18501,0.17785,0.26929,NaN,0.57891,NaN,0.55522,NaN,0.46723,NaN,NaN,NaN,1,0.9542,0.59757,0.50406,0.36082,NaN,0.16266,0.17946,NaN,0.1569,NaN,0.14137,NaN,0.34546,NaN,0.40521,0.33663,0.16009,0.12278,0.17074,0.11314,0.11192,0.042228,0.054518,NaN,0.10359,0.12411,0.37922,NaN,0.020408,0.12564,0.036932,NaN,0.14325,0.15704
0.2677,0.13373,0.13403,0.069425,0.43622,0.41199,0.23106,NaN,0.25233,0.27742,0.40352,0.42233,NaN,0.37249,0.58371,0.78425,0.97296,1,0.98348,NaN,0.8359,0.904,NaN,NaN,0.58463,0.64677,NaN,0.48559,0.55134,0.44934,0.46289,0.32734,0.36669,NaN,0.21387,NaN,0.10507,NaN,0.23171,0.33355,0.26508,NaN,0.22152,0.075238,0.17486,0.3017,0.39804,0.32165,0.21353,0.19636,0.092629,0.054208,0.1013,0.19883,0.21769,0.15641,0.16477,NaN,0.1157,NaN
0.32743,NaN,0.10907,0.094627,0,0.21177,0.47754,0.37177,0.22553,0.18518,0.34085,0.443,0.62775,0.56842,0.44538,0.21056,0.18806,NaN,NaN,0.38303,0.4161,NaN,0.62011,NaN,NaN,0.72783,0.66782,0.83429,1,NaN,0.53896,0.46877,0.79702,0.71659,0.37762,0.14899,0.13634,0.18488,0.50675,0.50817,0.22976,NaN,0.36014,NaN,0.050042,0.064866,0.058312,0.12219,0.082282,0.10667,0.12052,0.084166,0.07013,0.28947,0.35828,0.37692,NaN,0.18764,0.31956,0.11547
0.13053,NaN,0.11925,0.17023,0.33502,0.19,0.14475,0.036163,NaN,0.15344,NaN,0.20003,0.48021,0.43374,0.37496,0.56981,0.62968,0.66649,0.70093,0.51477,0.51507,0.62805,0.77207,0.77011,NaN,0.43408,0.3887,0.22365,0.058036,0,0.14539,0.45933,0.57744,0.3787,0.23238,0.57369,0.92948,0.83456,0.33723,NaN,0.66427,0.77192,0.35032,0.18281,0.17913,0.17663,0.14306,0.24828,NaN,0.26182,0.35857,0.46077,0.32727,0.32164,0.23129,0.051282,0.11932,0.077803,0.30578,0.15935
NaN,0.30133,0.14389,0.065383,0.029927,0.31121,0.26569,NaN,0.48675,0.54154,0.62172,0.79074,0.76609,0.41972,NaN,0.3389,0.37571,0.36364,0.50347,0.70013,0.7578,0.85298,0.86097,0.92173,1,NaN,0.9813,0.72828,0.40726,0.24555,0.30496,NaN,0.31219,0.28097,0.065562,0.36734,0.46993,0.32287,0.15243,NaN,0.099594,0.31319,0.57688,0.60886,NaN,0.19515,NaN,0.12159,NaN,0.10424,0.15339,0.057061,0.051948,NaN,0.14966,0.23333,0.2358,0.18764,0.10744,0.10393
0.085545,NaN,0.096255,0.060152,0.004565,NaN,NaN,0.129,NaN,0.11268,0.065362,0.089097,NaN,0.13881,NaN,0.28211,0.32919,0.34099,0.28687,0.26081,0.37648,0.4157,0.43446,0.5857,NaN,0.82223,NaN,0.62989,0.32102,0.29956,0.48371,NaN,0.26851,0.44028,0.50649,NaN,0.48054,0.4699,NaN,0.47309,NaN,0.34396,0.29691,0.12226,NaN,0.072271,0.069359,0.032046,0.054518,0.093334,0.10857,0.077033,0.05974,0.08772,0.15646,0.089743,NaN,NaN,0.1405,0.039261
0.087758,0.071153,0.053548,0.072516,0.095612,NaN,0.20752,0.088423,NaN,0.16259,0.30001,0.30613,0.33669,0.12365,0.063999,0.095461,NaN,0.30203,0.41258,0.48277,0.63196,0.77436,NaN,0.77318,0.85523,0.92521,0.94264,0.86054,0.71794,0.45137,NaN,NaN,0.44503,NaN,0.80393,0.9869,0.92379,0.62681,0.41166,0.28159,0.26427,0.40122,0.56058,0.58516,0.56298,0.34627,0.19631,0.11141,0.14437,NaN,NaN,0.12268,0.11169,0.10819,0.022676,0.010257,0.1108,NaN,NaN,NaN
0.47124,0.27561,0.23719,0.25535,0.61248,0.3104,0.47727,0.20595,0.35318,NaN,0.26074,0.1672,NaN,NaN,0.23744,NaN,NaN,0.56073,0.80812,0.87532,0.49916,0.62918,0.82781,0.66182,0.77008,NaN,0.82141,0.68053,0.32752,NaN,0.72545,0.87598,0.64895,0.53439,0.27994,0.062903,0.06768,0.36997,0.59635,0.37081,0.41274,0.58022,0.59511,0.53646,0.7731,NaN,0.57859,NaN,0.65573,1,NaN,0.28816,NaN,NaN,NaN,1,NaN,1,0.66667,NaN
0.086283,NaN,0.056833,0.019734,0.093583,0.15211,0.15584,0.016759,0.12202,0.11569,NaN,0.18156,0.27393,0.23564,0.258,0.18553,0.2119,NaN,0.37692,0.41449,0.46174,0.5569,0.60093,NaN,0.82398,NaN,0.91554,0.89347,0.75132,0.65229,0.65188,0.51707,0.33456,0.22109,0.1165,NaN,0.22349,0.23812,0.26291,0.21166,NaN,0.31465,NaN,0.2185,0.20856,0.17636,NaN,0.21444,NaN,0.31273,0.13546,NaN,0.05974,0.032164,0.036281,0.11282,0.38352,0.3135,NaN,0.13395
0.076696,0.24689,0.19974,0.12886,0.33731,0.47863,0.37581,NaN,NaN,0.10739,NaN,NaN,0.35713,0.18975,0.10753,0.099125,0.16423,0.39138,0.29297,0.59568,0.73314,0.7624,0.77398,0.82102,1,0.94283,0.74146,0.58913,0.53703,0.50858,0.55989,0.53213,0.58879,0.57329,0.58638,0.60464,0.51104,0.25434,0.011174,NaN,0.3546,0.62161,0.56537,0.31822,0.24282,0.18417,NaN,0.22612,0.15346,0.089697,NaN,0.024251,0.25455,0.18713,0.26531,NaN,0.20739,0.16018,0.07989,0.30485
NaN,0.17788,0.18331,0.017118,0.029419,0.24644,0.27624,0.22381,0.32978,0.30688,0.29548,0.45237,0.5244,0.47097,0.68021,0.75239,0.95047,0.98192,0.88123,NaN,0.74294,0.81771,0.67861,0.63569,NaN,NaN,0.58536,0.59695,NaN,0.84628,NaN,NaN,0.33193,0.48479,NaN,0.08256,0.185,NaN,0.003795,0.12734,0.1414,0.26068,0.21997,NaN,0.31518,NaN,0.33937,0.31806,0.33569,NaN,0.11255,0.028531,0.08052,0.27778,0.2585,0.21282,0.16477,0.13272,0.07989,0.16628
0.22714,0.04072,NaN,NaN,0.17575,0.23005,0.25893,0.21235,0.14142,0.29186,0.39643,0.46732,NaN,0.11643,0.12077,0.13963,0.16081,NaN,0.17105,0.18611,0.29089,NaN,NaN,0.90216,0.98852,0.99031,0.94201,1,0.90787,0.7243,0.78572,0.7541,0.50688,0.20339,NaN,0.12268,0.088344,0.087657,0.14727,0.024836,0.1392,NaN,0.14858,0.21824,0.13563,0.010971,0.14306,0.37586,0.3266,0.21697,0.050797,NaN,NaN,0.3655,0.12925,0.15128,0.088068,0.066362,NaN,NaN
0.18068,0.079726,0.078515,0.0007135,0.07228,0.16098,NaN,0.22602,0.21442,NaN,0.10506,0.2859,0.19548,0.24306,0.2918,0.28659,0.036266,0.1066,0.26257,0.34878,0.32525,0.22329,0.38625,0.55691,0.59979,0.595,0.63746,0.7605,1,0.83626,NaN,0.45383,0.4927,0.42989,0.1615,0.071674,0.020118,0.15837,0.23087,0.22179,0.27898,0.34005,0.2241,0.105,0.047626,0.12795,0.18435,0.092543,NaN,0.38545,0.13147,0.15692,0.2987,0.11988,0.14512,0.028205,NaN,0.011441,0.11846,0.16397
0.23599,0.10802,NaN,0.12173,0.11717,0.26579,0.45346,0.35921,0.26507,0.36422,0.41103,0.48608,0.42205,0.17449,0.17544,0.26786,0.26122,0.3734,0.53703,0.67209,0.78594,0.7395,0.80958,0.92429,0.87807,0.86937,0.92657,0.99537,NaN,0.58123,NaN,0.23141,0.12265,0.098357,0.074972,NaN,0.038378,NaN,0.055134,NaN,NaN,NaN,0.25398,NaN,0.25789,0.27592,0.30569,0.31057,0.2529,0.16485,0.12948,NaN,0.088311,0.12573,0.12698,0.10769,0.11932,0.043478,0.01102,0.057737
0.12979,0.071582,NaN,0.057775,0.10043,NaN,0.14692,0.23109,NaN,0.432,0.6376,0.73315,0.60587,NaN,0.28468,NaN,NaN,0.3654,0.37808,0.46554,0.71237,0.93712,1,0.98269,0.99303,0.90759,0.81479,NaN,0.44562,0.28422,0.22234,0.39991,0.38612,0.32814,NaN,0.18579,0.31238,0.31028,NaN,0.58693,0.33248,NaN,0.40489,NaN,0.58715,0.49904,0.37468,0.25726,0.30288,0.32364,0.1245,0.045649,NaN,0.37135,0.37642,0.3282,NaN,0.27231,0.31129,0.14319
0.15929,0.13245,0.05092,NaN,0.086989,NaN,0.051407,NaN,0.33911,0.33576,0.27733,0.18816,NaN,0.29143,0.43625,0.55292,0.6705,0.60145,0.66369,0.83251,0.99167,1,0.78627,0.5314,0.38033,NaN,0.54302,0.28386,0.17624,0.35656,0.19662,0.35273,0.38958,0.23169,0.1661,0.37097,0.43516,0.33722,NaN,NaN,NaN,NaN,0.25747,0.14172,NaN,0.041552,0.12206,0.2351,NaN,NaN,0.1504,0.1669,0.08052,0.33041,0.0839,0.28205,0.1392,NaN,NaN,0.19861
NaN,0.050579,0.052234,0.022349,0.13721,0.24832,0.29924,0.18126,NaN,0.10768,NaN,0.079719,0.11703,0.066206,0.063296,NaN,0.14413,0.22836,NaN,0.34825,0.51918,NaN,0.68443,0.75515,0.79232,0.90142,NaN,0.7889,0.79606,NaN,0.64578,0.66367,NaN,0.63127,NaN,0.67379,0.64531,0.49225,0.37097,0.34379,NaN,0.17998,0.17108,0.21348,0.17273,NaN,0.081854,0.081761,0.090359,0.11151,0.017929,0.062767,0.11429,0.25146,0.29025,NaN,0.125,0.034325,NaN,0.039261
0.025811,0.004715,0.083771,NaN,0.22597,0.19565,NaN,0.25689,0.28165,0.31017,NaN,0.47597,0.44983,0.24141,0.17564,0.19265,NaN,0.32935,0.60215,0.7073,0.82567,0.82292,0.82685,NaN,NaN,NaN,0.99727,1,0.90219,0.61745,0.36785,0.28129,0.16413,NaN,0.15813,0.10685,NaN,0.058022,NaN,0.03366,0.024551,0.12357,0.24686,NaN,0.31319,0.31061,0.31981,0.32854,0.28168,NaN,NaN,0.22397,0.13247,0,0.047619,NaN,0.059659,0.1373,NaN,0.050808
0.16519,0.07844,0.14816,NaN,0.14963,0.172,0.36445,NaN,0.19384,0.18061,0.092017,NaN,NaN,0.26586,0.57298,0.82597,NaN,0.80582,0.89954,0.8979,NaN,0.99755,0.98644,0.97552,0.89846,0.9696,NaN,NaN,NaN,0.34186,0.46267,0.40474,0.30495,0.31373,NaN,0.065827,0.25596,0.15649,0.035948,0.10294,0.03868,NaN,0.11548,0.18797,0.19164,0.053621,0.098877,0.14046,0.10146,0.11515,0.15438,0.1184,0.37922,0.20468,0.027211,0.18974,0.11932,NaN,0.096419,0.041571
NaN,NaN,0.17707,0.17237,0.14025,0.20666,0.31602,0.58478,0.16748,0.023738,0.27818,0.34862,NaN,0.35434,NaN,0.54865,0.44213,0.35553,0.31096,NaN,NaN,NaN,0.21119,0.50507,NaN,0.34817,NaN,NaN,0.44643,0.3883,NaN,0.3971,0.43936,0.39873,0.2016,0.175,0.073474,0.17937,0.30382,NaN,0.29554,0.36068,0.33144,0.24826,NaN,0.24013,NaN,0.30997,0.32357,NaN,0.080678,NaN,0.45974,0.4386,0.64399,0.22051,0.67898,0.50572,0.52066,NaN
0.30457,0.23532,0.22766,0.13314,0.29115,0.38216,0.40855,NaN,0.079224,0,0.13696,0.32781,NaN,0.35825,0.4503,NaN,0.64646,0.70005,0.74774,NaN,NaN,0.79286,0.82886,0.93003,NaN,0.57727,0.38428,0.30722,0.30073,NaN,NaN,0.45619,0.47496,0.51924,0.50844,0.45756,0.42456,0.41479,NaN,NaN,0.3868,0.39902,0.33157,0.32556,0.30381,0.24534,0.1829,0.15813,NaN,0.14303,NaN,0.19116,0.45195,0.20175,0.12245,0.32564,0.24432,0.18535,0.30854,0.099307
0.056047,0.088727,0.062746,0.10628,0.14963,0.18624,0.25352,0.18015,NaN,0.10353,0.1829,0.09701,0.017993,0.16325,NaN,0.19031,0.094809,0.13299,0.12276,NaN,NaN,0.4336,0.64332,NaN,0.76055,0.8024,0.68999,0.74887,0.7429,0.61511,0.47564,NaN,NaN,0.90397,0.85404,0.66915,0.3384,0.28772,0.24573,0.27026,0.27585,0.43199,0.56666,0.31693,0.10776,0.025645,0.14433,0.22402,0.18526,0.18788,0.2988,NaN,0.27792,0.26901,0.045351,0.23846,NaN,0.091533,0.19284,0.23557
NaN,0.24689,0.35611,0.2437,NaN,0.58533,0.64881,0.8194,NaN,0.86958,0.85694,NaN,0.77156,0.52047,0.6468,0.68889,0.66418,0.74556,0.88733,0.8522,NaN,0.66639,0.39525,0.34925,NaN,0.16434,0.48209,0.84901,NaN,0.8417,NaN,NaN,NaN,0.26465,NaN,0.29869,0.63033,NaN,NaN,0.50131,0.49647,0.30904,0.27531,0.28627,NaN,0.024136,NaN,0.22282,NaN,0.12849,0.032869,0.31954,0.41818,0.24854,0.39456,0.61538,0.8892,NaN,0.25895,NaN
NaN,0.055722,0.12911,0.13671,NaN,0.18973,0.55655,0.75193,0.77018,0.83684,0.84574,0.62588,0.50511,0.2672,0.1609,0.02646,NaN,0.41756,NaN,0.79634,0.84718,0.86883,0.85175,0.91814,0.86977,0.78896,NaN,0.83646,0.57315,0.33461,0.3273,0.47574,0.63194,0.70896,0.55671,0.51492,0.51487,0.36415,0.35747,NaN,0.25999,0.18742,NaN,0.29206,NaN,NaN,0.15991,0.25457,0.1792,0.26545,0.085657,0.16405,0.14286,0.51754,0.2381,0.31282,NaN,0.34783,0.43802,0.18245
NaN,0.1916,0.090013,NaN,0.25564,0.24644,0.4256,0.45513,0.44217,0.40369,0.39912,0.4682,0.32705,0.16644,0.11566,0.1952,NaN,0.30119,0.19461,0.06464,0.0067455,0.10449,0.28356,0.42188,0.56291,0.76044,0.92142,0.933,0.93385,1,0.96196,0.90699,0.7485,0.72369,0.74829,0.79738,0.80057,0.57939,0.45962,0.51449,0.46091,0.47595,0.6255,NaN,NaN,0.3667,0.27907,0.40701,0.47501,NaN,0.078686,NaN,NaN,0.30117,0.034013,0.23846,0.19602,0.13044,NaN,0.069284
0.17257,0.048436,0.086071,NaN,0.29191,0.38592,NaN,0.25888,0.30268,0.34577,NaN,0.39933,0.45444,0.41394,0.51901,0.60299,0.71361,0.74826,0.76078,0.79645,0.89408,0.92301,0.93271,0.98494,NaN,1,NaN,0.9049,0.72666,0.5481,0.43455,NaN,0.16822,0.078749,0.027104,0.13367,NaN,0.17375,0.13104,0.23039,0.16364,NaN,0.32601,0.18861,0.095678,0.13234,0.27019,0.33783,0.23372,NaN,0.13944,0.027104,0.16364,0.40936,0.013605,0.33077,0.12784,0.55149,NaN,0.15704
0.14159,NaN,0.1048,0.18069,NaN,NaN,0.23945,0.22381,0.21887,0.1603,0.21367,0.22729,0.15302,0.2376,0.33494,0.38958,0.13449,0.19647,0.28666,NaN,0.80597,NaN,0.86235,0.68128,NaN,NaN,0.54901,NaN,0.42177,0.15394,0.056458,0.20703,0.19227,0.39905,0.31646,0.16593,0.11787,0.18561,0.16825,0.22037,0.38379,NaN,NaN,0.11917,NaN,0.46626,0.46976,0.33004,0.45987,0.56,0.17032,0.035664,0.11688,0.52632,NaN,0.3,NaN,NaN,0.19008,0.21478
0.18363,NaN,NaN,0.17475,NaN,0.18302,NaN,0.24719,0.055975,NaN,0.11952,0.088511,0.076724,NaN,NaN,0.41003,0.4871,NaN,0.7814,0.82673,0.8692,0.94091,NaN,0.99293,0.95646,0.85098,NaN,0.56783,0.48904,0.4552,0.39204,NaN,NaN,0.23953,NaN,0.37117,0.27968,0.20048,0.29486,0.3744,0.39155,0.53565,0.4217,NaN,0.12283,NaN,0.36056,NaN,0.31701,0.39152,NaN,0.29387,0.66753,NaN,0.070295,0.1641,0.33523,0.16934,NaN,0.13857
NaN,0.089584,0.074573,0.092012,NaN,NaN,0.12608,NaN,0.17089,0.1533,0.068907,0.12676,0.12351,NaN,0.042632,NaN,NaN,0.26722,0.334,NaN,NaN,0.81208,0.91915,0.86784,0.80041,0.86298,1,0.98538,0.94186,0.79908,NaN,NaN,0.64202,NaN,0.72282,NaN,0.60857,0.46959,0.32342,0.24499,0.15704,0.11685,NaN,0.10886,0.036963,0.045666,0.037124,0.092543,0.050984,0.11515,0.046812,NaN,0.12727,0.035087,0.022676,0.064103,NaN,0.10755,0.063361,NaN
0.0073745,NaN,0.051248,0.040419,0.093077,NaN,NaN,NaN,0.19147,0.18833,0.099957,0.29514,0.32532,NaN,0.30174,NaN,0.001865,0.13475,0.26762,0.36526,0.32683,0.18147,0.42895,0.67718,0.72049,0.68631,0.69556,0.84726,1,0.75392,0.4751,0.37216,0.59005,0.51913,NaN,0.084274,0.065165,0.19798,0.32775,0.21547,0.17846,0.35226,0.28592,0.19634,0.10606,0.083105,NaN,0.13357,0.17365,0.099394,0.10757,0.20114,0.18701,NaN,0.2449,NaN,0.27841,NaN,0.07438,0.018476
NaN,0.092585,0.083443,0.077508,0.29166,0.52674,NaN,0.19272,0.18881,0.2411,0.3115,NaN,0.50209,NaN,0.52433,0.67097,0.73081,0.82171,0.89827,0.95548,1,NaN,0.88333,NaN,0.62777,0.64137,0.70659,0.67281,0.54464,0.44487,NaN,NaN,0.064265,0.12485,0.23811,0.3247,0.26974,0.18291,0.19977,NaN,0.23092,0.34371,0.3357,0.248,0.17856,0.13755,NaN,NaN,0.36749,0.21091,0.21215,0.37233,0.38182,NaN,0.20635,0.094872,0.13352,0.32494,0.28099,0.04388
0.23451,NaN,0.083771,0.10057,0.15521,0.23623,0.21916,0.24631,0.10129,0.1154,0.16816,0.041911,0.13459,0.071878,NaN,NaN,0.13398,0.086234,0,0.095034,0.31334,0.60597,NaN,0.93484,0.86445,0.86474,0.84799,NaN,NaN,0.81847,0.66692,NaN,0.55014,NaN,NaN,0.51028,0.2623,0.10138,0.12439,0.27549,NaN,0.22308,0.3551,NaN,0.081746,0.09531,0.10829,0.13657,0.010601,0.082424,0.035857,0.019971,0.07013,NaN,0.10884,NaN,0.39773,0.29519,0.13774,0.080832
0.20354,0.16888,0.24836,0.17855,0.11514,NaN,NaN,0.13649,0.18051,0.14772,0.092585,0.08177,NaN,NaN,0.10172,0.19214,0.12506,0.24052,0.3461,0.36045,0.31176,0.12023,0.068348,0.26514,0.1291,0.1878,0.41885,0.74475,0.90219,0.76691,0.46692,NaN,0.51402,NaN,0.35021,0.45282,NaN,0.63336,0.5428,0.34161,0.22374,0.072894,0,0,0,0,0,0,0,0,0,0.068474,0.6026,0.56725,0.099773,NaN,0.45739,NaN,0.38017,0.24249
NaN,0.12945,0.05979,0.13409,0.003297,0.18463,0.38068,0.30783,NaN,0.34449,0.32865,0.50909,0.53577,0.2474,0.26933,0.40922,0.68791,NaN,0.1822,0.21137,NaN,0.72017,0.29988,0.26483,0.59559,0.54808,0.47127,0.85755,0.83147,0.36977,0.19466,0.15064,NaN,0.14584,0.28812,0.12994,NaN,NaN,0.038267,0.0092595,0.148,0.18645,0.23665,0.24298,0.1433,0.090921,NaN,0.12099,0.054518,0.17333,NaN,0.042796,0.23636,0.38597,0.41723,0.34872,0.27273,0.20366,0.1405,0.15935
0.18142,0.11144,0.068331,0.16429,0.32894,0.3792,0.34713,0.35259,0.26492,0.2717,0.36878,0.50029,0.47877,0.33227,0.43074,0.53287,0.61009,0.67543,0.71902,NaN,0.83094,0.86014,0.86723,NaN,0.9709,0.90318,0.8504,0.87629,0.76867,0.54309,0.41221,0.27589,0.27691,0.1965,NaN,0.010584,0.10398,0.21805,0.13346,0.10741,0.2066,0.24139,NaN,0.1765,NaN,NaN,0.067548,0.18149,NaN,0.20485,NaN,0.30528,0.44156,0.34211,0.036281,0.30769,NaN,0.04119,0.07438,0.039261
0.191,0.10116,0.19908,NaN,0.26934,NaN,0.48431,0.37266,0.20213,0.24239,0.29448,0.098183,0.22528,0.38558,NaN,0.72766,0.90281,0.92312,NaN,0.40743,NaN,0.68838,0.76211,NaN,0.72162,0.60337,0.55447,0.39749,0.34,0.40737,0.23793,0.18198,0.15384,0.058611,NaN,0.58095,0.48939,NaN,0.066203,0.34063,0.42038,0.35641,NaN,0.22687,0.23927,NaN,0.2155,0.38844,0.37759,0.081212,0.25398,0.14979,NaN,0.2193,NaN,0.17949,0.28693,0.36156,0.60331,0.38568
NaN,0.15817,0.15407,0.099144,0.1471,0.13142,NaN,0.009482,0.090182,0.19648,0.12293,0.2078,0.52526,0.34289,0.16872,0.099125,0,NaN,0.72659,NaN,0.97913,0.88651,0.65158,0.41461,0.32111,NaN,0.95913,0.72756,0.47808,NaN,0.2752,0.41474,0.28279,0.32782,NaN,0.2123,0.23092,0.24363,0.13799,0.29139,0.25455,0.20562,NaN,NaN,0.14003,NaN,0.26422,0.34861,0.39223,0.53212,NaN,0.19544,NaN,0.39474,0.11791,0.11538,0.17614,0.20595,0.15978,0.036952
0.37168,0.23232,0.27168,NaN,0.27669,0.22037,0.26894,0.12304,0.20583,0.38968,0.3563,0.41764,0.35598,0.36382,0.56124,0.42886,0.235,NaN,0.65033,0.936,0.7715,0.52479,0.66186,0.91538,0.75543,0.80394,0.8815,NaN,0.28642,NaN,0.091117,0.024713,NaN,0.40212,0.35215,0.097782,0.171,0.36883,0.41292,0.2646,0.091604,NaN,0.24298,0.18513,0.30509,NaN,NaN,NaN,0.14387,0.21576,0.051793,0.10414,0.2987,0.10234,0.26077,0.23846,0.23295,0.10069,0.12948,0.10855
0.14454,0.052293,0,NaN,0.16333,0.39264,0.40179,NaN,0.2356,0.17618,NaN,0.019197,0.15014,0.24141,0.42622,NaN,0.73422,NaN,0.89543,0.95751,0.91168,0.91207,0.77228,0.50149,0.32777,NaN,0.21956,0.35004,NaN,0.59412,NaN,0.36071,0.41552,NaN,0.29355,0.20746,0.083206,0.10429,NaN,0.095751,0.1487,0.2254,0.16979,0.22881,0.28433,0.10491,0.13166,0.22432,0.22665,0.16242,0.17331,0.15549,NaN,NaN,0.097506,0.069231,0.059659,0.08238,0.13774,0.020785
0.17552,0.34376,0.16163,0.044222,0.42024,1,NaN,0.77795,NaN,NaN,0.33518,0.43772,0.77703,0.68506,0.79366,0.71138,0.32774,0.16966,NaN,0.38988,NaN,0.33432,NaN,0.53417,NaN,NaN,NaN,NaN,0.80448,0.81996,NaN,0.52179,0.098289,0.2708,NaN,NaN,0.10988,0.19923,NaN,0.40479,0.29797,0.13419,0.22048,0.16671,0.12923,0.10971,0.10268,0.059299,0.057547,0.18303,0.084662,0.24251,0.17662,0.20175,0.072562,0.28718,NaN,0.08238,0.22039,0.10855
0.7028,0.34934,0.20171,NaN,0.13949,0.29696,0.24648,0.91907,0.83948,0.70242,0.45357,0.21454,0.27235,0.29019,0.4206,NaN,0.21625,0.15678,0.14875,0.82031,1,0.39434,0.042069,0.17304,0.22326,NaN,0.25339,0.32596,0.36861,0.49004,0.19989,NaN,0.45196,0.62576,0.66298,0.73538,0.76591,0.77041,0.67647,0.56013,0.27817,0.18181,0.26109,0.28743,0.60009,0.4206,0.24067,0.40401,0.53357,0.60485,0.20518,0.092724,0.1974,0.85672,NaN,0.53333,0.34943,NaN,0.57576,0.080832
0.062684,0.1153,0.05749,0.074418,0.088512,0.026606,0.076028,0.13142,0.26966,0.36537,0.43769,0.44637,NaN,0.10261,0.12509,0.43548,NaN,0.69361,0.78603,0.93589,0.98493,0.81525,NaN,NaN,0.69703,0.6558,0.37819,0.15716,0.19481,0.35198,0.36065,0.184,0.18377,0.33164,0.38468,0.50373,0.5667,0.30872,NaN,NaN,0.19502,0.23565,0.10798,0.11698,0.19619,0.26714,0.2193,0.25247,0.29732,0.29939,0.11753,0.11412,0.25714,NaN,0.18594,0.11026,0.32386,0.038901,0.24793,0.12009
0.084809,0,0.023981,NaN,NaN,0.18167,0.24297,0.19537,0.24226,0.19591,0.17624,0.12661,NaN,NaN,0.11696,0.10004,NaN,0.2559,NaN,NaN,0.64935,0.79337,0.92296,0.90032,0.91721,NaN,NaN,0.90655,NaN,NaN,0.59052,0.5665,0.48987,0.5487,0.54291,0.52802,0.48928,NaN,0.15391,NaN,0.15275,0.075458,0.078753,0.048312,0.075775,0.038124,0.032416,0.034142,0.03685,0.14061,0.091633,NaN,0.093506,0.008772,NaN,0.10513,0.10227,NaN,0.060606,0.023095
0.27507,NaN,0.22109,0.19971,0.30434,0.37974,0.56845,0.56406,0.40826,0.37252,NaN,0.54191,NaN,0.45416,0.53496,0.47435,0.46482,0.57008,0.74532,0.67862,NaN,0.86024,0.90537,0.933,0.7832,0.84415,NaN,0.69947,0.57173,0.49025,0.43847,0.30611,0.10196,0.088394,0.16334,0.14506,NaN,0.1097,0.17025,NaN,0.28002,NaN,0.17212,0.14687,NaN,0.19652,0.113,0.029949,0.04947,0.15879,0.15139,NaN,0.17143,0.73977,0.16553,0.27436,0.29545,0.14874,0.26446,0.14088
NaN,0.21989,0.19908,0.10937,0.25488,0.66783,0.61445,0.44366,0.49474,0.59645,0.3865,0.14229,0.44839,0.56038,0.69526,0.97588,1,0.92655,0.6013,0.42059,0.47312,NaN,0.69079,0.83813,0.80625,NaN,0.80092,NaN,0.22443,NaN,0.63401,0.71422,0.25475,0.44314,NaN,NaN,0.48655,NaN,NaN,0.29946,NaN,0.13565,0.35394,0.36228,0.29542,0.09051,0.088917,0.10332,0.086825,0.34788,0.026892,0.28531,0.11169,0.55263,0.27211,0.046154,0.096591,NaN,0.31129,0.16397
0.038348,0.038577,0.0029565,0,0.03297,0.13867,0.10795,0.19757,0.11269,0.15258,0.097689,0.098623,NaN,0.033,0.080349,0.11551,0.17501,NaN,0.41626,0.48887,0.56903,0.64891,0.60877,0.59,0.4834,0.52054,0.67497,0.84695,1,NaN,0.78409,NaN,NaN,0.56216,0.53595,0.54788,0.46031,0.32058,0.31763,0.29804,0.24806,0.19353,NaN,0.19209,0.18851,0.094213,0.10902,0.16801,0.15447,0.18667,0.028884,0.057061,NaN,0.02924,0.077097,NaN,0.088068,NaN,NaN,0.057737
NaN,0.089584,0.084757,0.019258,0.073548,0.18355,0.2362,0.18809,NaN,0.12298,0.12959,0.1269,0.1451,NaN,NaN,NaN,0.16371,NaN,0.02651,0.065175,0.15736,0.13823,0.21638,0.5273,0.84016,1,0.86175,0.66468,0.54718,0.42878,NaN,NaN,0.12002,0.19926,0.29426,0.22823,0.077302,NaN,NaN,0.12789,0.21783,0.22698,0.20522,0.12136,0.11942,0.091882,NaN,NaN,0.18021,0.16485,0.081674,0.1883,0.1013,0.12281,0.15193,0.04359,NaN,0.048055,NaN,NaN
