0.18463968925571,-0.00832676965661659,0.0206756802984458,-0.00689188837721677,0.0361898172777859,0.023661855885071,0.0123645455404181,-0.00986304581538361,-0.0196313442043738,9.0923638138621e-05,0.0092440167449261,0.0168603391536783,0.000517172043034329,0.0114067905641092,0.00536944054694889,0.00851020608767479,0.00450679186606685,0.0228311653509375,-0.00992123313312588,-0.00459546182143766,0.0236480261865751,-0.00735034910959423,-0.0102849741483361,0.01530621399009
-0.00832676965661659,0.032412155806409,-0.000619727831080849,0.0169879152093169,0.00133188091045446,-0.00188305449968178,-0.00243167098819658,-0.000645897862300817,0.0186030871098561,-0.00275359794395465,-0.00440902703124,-0.000854422465559375,0.00187548154430436,0.00938746411079332,-0.00632854896985498,-0.0180997944650604,0.011375575400344,-0.00129822000198916,0.000827521345095899,-0.000508490028813909,0.00240716590888589,-0.00341163286272672,-0.00591065864556788,0.00574986858193516
0.0206756802984458,-0.000619727831080849,0.0779082638480527,0.000518410655471028,0.00189908280472157,0.0140644356305253,0.00557095656658556,0.01440105420586,-0.00108298756057951,0.00791542107174559,0.0132028501910337,0.025171584139626,-0.000755477201649539,0.0243180140386353,0.00359555522007639,0.0101194280262585,0.0119160823591584,-0.00352536601894982,0.00416318490381974,-0.00305982833936197,0.00819345567080959,-0.00436976910046925,-0.00850441989492231,0.005194364647216
-0.00689188837721677,0.0169879152093169,0.000518410655471028,0.0263895676860559,0.00334501762900838,-0.00691334240314239,-0.00734705350870506,-0.00224569405620201,0.0183033238266078,-0.00277995962903191,0.00077322141001722,0.000188824966724575,0.00713312558880899,0.00963834340620894,-0.00277247371053393,-0.00800176955344314,0.0146882347227481,-0.00484865009327862,0.00589228279742077,0.00105705873535795,-0.00569502752782486,0.00502985950497763,-0.00626971865630192,-0.00547674775948795
0.0361898172777859,0.00133188091045446,0.00189908280472157,0.00334501762900838,0.155484565638926,0.0142951035690688,0.00603369699487963,0.0141397534048362,0.00197237053117421,0.000988087705618666,-0.00114078324863446,-0.00124055512868519,-0.013963408831688,-0.00166618658845859,0.00572943888869208,0.0111606194486931,0.0139577427691097,0.00795994474986876,-0.00200917165343425,-0.00287213379880226,0.0076052214728061,0.0122224365789591,-0.0128078914852183,0.00707719508574501
0.023661855885071,-0.00188305449968178,0.0140644356305253,-0.00691334240314239,0.0142951035690688,0.0934694165752195,0.00344372875701372,0.0368353889158268,0.000761942172745228,0.0157566415003888,-0.0103861065657116,0.0048908158835067,0.0100148421421202,0.027824830311744,-0.00491398044292512,0.0113617259042964,0.00313032702298338,-0.0018057367620506,-0.00320303072065812,-0.00944923020981818,0.00913524442372205,-0.0172176165484056,0.0142629469996812,-0.00241838325156116
0.0123645455404181,-0.00243167098819658,0.00557095656658556,-0.00734705350870506,0.00603369699487963,0.00344372875701372,0.0545999419033305,-0.0157700961280464,-0.0043509511669866,0.00614210932870992,0.000919050862938818,0.00100456896033877,0.0114308629886248,0.00341353238702418,0.0078670099026635,0.0136155309898645,0.00285006396836879,-0.00400526361926478,0.00364355903810966,-0.0144300358388826,0.0125326944523876,-0.00247731077115246,0.000967352490079963,0.00858861255029357
-0.00986304581538361,-0.000645897862300817,0.01440105420586,-0.00224569405620201,0.0141397534048362,0.0368353889158268,-0.0157700961280464,0.146673959377284,0.0086625359505396,0.026228035215583,-0.00654074382563821,0.00317897835215397,0.0142055970440159,0.00377181424857998,-0.00261919594860811,-0.00192614605048067,0.00880694527084544,-0.00181564569304868,-0.000560466616940403,0.0288674841027996,-0.0422764334625551,-0.00639592403898624,0.0175343480263906,-0.0298191154770952
-0.0196313442043738,0.0186030871098561,-0.00108298756057951,0.0183033238266078,0.00197237053117421,0.000761942172745228,-0.0043509511669866,0.0086625359505396,0.125048395581929,0.00204721851137309,-0.00873138388981684,-0.00169237316576621,0.0227720408136164,0.0108593891068896,-0.0106903280632279,-0.00812338505852909,0.016971186483354,0.0161454655434466,-0.000310107973526818,-0.0171209297929341,-0.0414774609409992,-0.00196641952610743,-0.0222492907732923,0.0024676071939441
9.0923638138621e-05,-0.00275359794395465,0.00791542107174559,-0.00277995962903191,0.000988087705618665,0.0157566415003888,0.00614210932870992,0.026228035215583,0.00204721851137309,0.0424721978374861,-0.00287025097094743,0.00447954547378553,0.00532017566393169,0.00861470133208942,0.00163508721809962,0.00833454809594145,0.000921528161765111,0.000127810933026765,0.00198130914712504,-0.0134237169028336,0.00195019690114152,-0.00161873125536674,0.00811693352010576,-0.0165551872258469
0.0092440167449261,-0.00440902703124,0.0132028501910337,0.00077322141001722,-0.00114078324863446,-0.0103861065657116,0.000919050862938818,-0.00654074382563821,-0.00873138388981684,-0.00287025097094743,0.124137639872196,-0.0013790842516703,-0.0151857021556217,0.00267144035512362,0.00657263011573981,-0.00290258045054676,0.00366775582183576,0.000860501090091217,0.00418734104270624,0.0063016224764644,-0.00647092668302965,0.00115958591680109,-0.0144747080503601,0.00858696595737404
0.0168603391536783,-0.000854422465559375,0.025171584139626,0.000188824966724575,-0.00124055512868519,0.0048908158835067,0.00100456896033877,0.00317897835215397,-0.00169237316576621,0.00447954547378553,-0.0013790842516703,0.0364297194367755,-0.00169385009403733,0.0129840969995674,-0.0013503352744502,0.00854401082840662,-0.000560796139617969,-0.000671264438844721,0.0022152325037222,-0.00560336268222334,0.00674586946876332,0.00275263112020195,-0.00331488440173601,0.00314005123142768
0.000517172043034329,0.00187548154430436,-0.000755477201649539,0.00713312558880899,-0.013963408831688,0.0100148421421202,0.0114308629886248,0.0142055970440159,0.0227720408136164,0.00532017566393169,-0.0151857021556217,-0.00169385009403733,0.139276408916795,0.0227275868810213,0.00896313268936525,-0.0103556900932825,0.00914146535124356,-0.00307546506559608,0.00238358874344081,-0.0148651711999914,0.00356582192012413,-0.00931080966606449,0.0142226470984388,-0.0398444370188541
0.0114067905641092,0.00938746411079332,0.0243180140386353,0.00963834340620894,-0.00166618658845859,0.027824830311744,0.00341353238702418,0.00377181424857998,0.0108593891068896,0.00861470133208942,0.00267144035512362,0.0129840969995674,0.0227275868810213,0.241410978475126,-0.00687195358377279,-0.0210503375881118,-0.00543719851485303,0.00533297037283873,-0.00919246544770199,-0.00867884616149264,-0.0162307489006215,-0.0082400395872792,-0.0264395083352665,-0.00953803586205777
0.00536944054694889,-0.00632854896985498,0.00359555522007639,-0.00277247371053393,0.00572943888869208,-0.00491398044292512,0.0078670099026635,-0.00261919594860811,-0.0106903280632279,0.00163508721809962,0.00657263011573981,-0.0013503352744502,0.00896313268936525,-0.00687195358377279,0.0287667349842952,0.00811258379130161,-0.00255373339482853,-0.00292297796417575,0.000379327139399715,0.001483277457023,0.00272337100622684,0.00578931345082322,-0.00156519019864015,-0.00431730801752369
0.00851020608767479,-0.0180997944650604,0.0101194280262585,-0.00800176955344314,0.0111606194486931,0.0113617259042964,0.0136155309898645,-0.00192614605048067,-0.00812338505852909,0.00833454809594145,-0.00290258045054676,0.00854401082840662,-0.0103556900932825,-0.0210503375881118,0.00811258379130161,0.17114484903017,-0.0276009771728093,0.0106010913100275,0.00438360374883914,0.00430718883357207,-0.0187127330978722,0.0126453822209223,-0.00404387482114487,-0.00406688093532712
0.00450679186606685,0.011375575400344,0.0119160823591584,0.0146882347227481,0.0139577427691097,0.00313032702298338,0.00285006396836879,0.00880694527084544,0.016971186483354,0.000921528161765111,0.00366775582183576,-0.000560796139617969,0.00914146535124356,-0.00543719851485304,-0.00255373339482853,-0.0276009771728093,0.096765712272336,0.0121099463110963,-0.0108915765614533,0.0117785541974477,-0.0180282898163569,-0.00597638519085147,-0.000377856389757271,-0.0165440159413343
0.0228311653509375,-0.00129822000198916,-0.00352536601894982,-0.00484865009327862,0.00795994474986876,-0.0018057367620506,-0.00400526361926478,-0.00181564569304868,0.0161454655434466,0.000127810933026765,0.000860501090091217,-0.000671264438844721,-0.00307546506559608,0.00533297037283873,-0.00292297796417575,0.0106010913100275,0.0121099463110963,0.10187884662574,-0.0466538071702022,-0.0132768330462091,-0.00158313413729395,-0.00302546899530332,-0.0164409216519879,0.00340252426745209
-0.00992123313312588,0.000827521345095899,0.00416318490381974,0.00589228279742077,-0.00200917165343425,-0.00320303072065812,0.00364355903810966,-0.000560466616940403,-0.000310107973526818,0.00198130914712504,0.00418734104270624,0.0022152325037222,0.00238358874344081,-0.00919246544770199,0.000379327139399715,0.00438360374883914,-0.0108915765614533,-0.0466538071702022,0.0471249171492599,0.00299183936602439,0.000476865511260634,0.00639502351018468,0.00622698106249249,-0.00551695780791817
-0.00459546182143766,-0.000508490028813909,-0.00305982833936197,0.00105705873535795,-0.00287213379880226,-0.00944923020981818,-0.0144300358388826,0.0288674841027996,-0.0171209297929341,-0.0134237169028336,0.00630162247646439,-0.00560336268222334,-0.0148651711999914,-0.00867884616149264,0.001483277457023,0.00430718883357207,0.0117785541974477,-0.0132768330462091,0.00299183936602439,0.14568372731527,-0.127710115436996,0.00307581073742941,0.00471133443309781,-0.00852939119872845
0.0236480261865751,0.00240716590888589,0.00819345567080959,-0.00569502752782486,0.0076052214728061,0.00913524442372205,0.0125326944523876,-0.0422764334625551,-0.0414774609409992,0.00195019690114152,-0.00647092668302965,0.00674586946876332,0.00356582192012413,-0.0162307489006215,0.00272337100622684,-0.0187127330978722,-0.0180282898163569,-0.00158313413729395,0.000476865511260634,-0.127710115436996,0.212934946665875,-0.00485975298790707,-0.00109681748783824,0.0212860393728915
-0.00735034910959423,-0.00341163286272672,-0.00436976910046925,0.00502985950497763,0.0122224365789591,-0.0172176165484056,-0.00247731077115246,-0.00639592403898624,-0.00196641952610743,-0.00161873125536674,0.00115958591680109,0.00275263112020195,-0.00931080966606449,-0.0082400395872792,0.00578931345082322,0.0126453822209223,-0.00597638519085147,-0.00302546899530332,0.00639502351018468,0.00307581073742941,-0.00485975298790707,0.0327057828367471,-0.00540324009058252,-0.02287965170049
-0.0102849741483361,-0.00591065864556788,-0.00850441989492231,-0.00626971865630192,-0.0128078914852183,0.0142629469996812,0.000967352490079963,0.0175343480263906,-0.0222492907732923,0.00811693352010576,-0.0144747080503601,-0.00331488440173601,0.0142226470984388,-0.0264395083352665,-0.00156519019864015,-0.00404387482114487,-0.000377856389757271,-0.0164409216519879,0.00622698106249249,0.00471133443309781,-0.00109681748783824,-0.00540324009058252,0.150630837411072,-0.121333771233434
0.01530621399009,0.00574986858193516,0.005194364647216,-0.00547674775948795,0.00707719508574501,-0.00241838325156116,0.00858861255029357,-0.0298191154770952,0.0024676071939441,-0.0165551872258469,0.00858696595737404,0.00314005123142768,-0.0398444370188541,-0.00953803586205777,-0.00431730801752369,-0.00406688093532712,-0.0165440159413343,0.00340252426745209,-0.00551695780791817,-0.00852939119872845,0.0212860393728915,-0.02287965170049,-0.121333771233434,0.231379968952235
