0.222633322792971,0.00171783153937454,0.00444423867793903,-0.00457299474181728,0.000866978336203371,0.018101077624744,0.00610496386288968,0.00617233115677903,-0.0253927057297544,-0.000532060839436652,-0.00469087156773889,-0.00800148954791086,-0.0015824876631853,0.000119101584497532
0.00171783153937454,0.0364353364844318,0.00707088558910835,0.000952072812385337,-0.00886480259547199,0.00431535246801577,0.00989264504249645,0.0216191945816655,0.00468896133352684,0.00239852557108574,0.00593166809241297,0.00297575567155359,-0.00208638360224403,0.000178038201169038
0.00444423867793903,0.00707088558910835,0.0319203582659506,0.000547381129751201,-0.00156695201640621,0.00714629830420654,0.00801248458586722,0.0228928693741706,0.0173839808971641,0.00365441885281147,0.00373311544348947,0.00232425353150304,-0.00492651315551479,0.000161778008401029
-0.00457299474181728,0.000952072812385337,0.000547381129751201,0.0447151436372864,0.00851220044302876,0.00230206087485183,0.00144511236067848,0.0098652474148322,0.00731384223499521,0.00041939851930864,0.00298018460684291,-0.00147565816860661,-0.000604371417339889,-5.91251490825104e-05
0.000866978336203371,-0.00886480259547199,-0.00156695201640621,0.00851220044302876,0.079525678979359,0.0286113905739474,0.00292485841746239,0.0366997975937706,0.022184981175362,0.0012143076897617,0.00228092522963002,0.00232258799747583,0.00271974986957037,0.000779829423875105
0.018101077624744,0.00431535246801577,0.00714629830420654,0.00230206087485183,0.0286113905739474,0.06182809008268,0.00707401720556411,0.0356918039464193,0.0154483339456536,0.00200507883554811,0.0143853474573859,0.00134156093809859,0.000199666728529966,0.000445022183056441
0.00610496386288968,0.00989264504249645,0.00801248458586722,0.00144511236067848,0.00292485841746239,0.00707401720556411,0.0167942145102954,0.0227341727071449,0.00927038373509613,0.00328031370664465,0.00617120453593801,-0.0010861287551882,-0.00171976677662013,0.000108025337623762
0.00617233115677903,0.0216191945816655,0.0228928693741706,0.0098652474148322,0.0366997975937706,0.0356918039464193,0.0227341727071449,0.256111706019007,0.091145476572704,0.0124113999099229,0.018941354379047,0.00370340637624889,-0.00424014168060323,0.00267065182764834
-0.0253927057297544,0.00468896133352684,0.0173839808971641,0.00731384223499521,0.022184981175362,0.0154483339456536,0.00927038373509613,0.091145476572704,0.244825114915706,0.0188369100631528,0.00431934909276103,0.016038658426057,-0.00272456462797237,0.00198981247876754
-0.000532060839436652,0.00239852557108574,0.00365441885281147,0.00041939851930864,0.0012143076897617,0.00200507883554811,0.00328031370664465,0.0124113999099229,0.0188369100631528,0.00513445685768035,-0.00380139804871224,0.00119633712330077,-0.000560573228682041,0.000212316540491543
-0.00469087156773889,0.00593166809241297,0.00373311544348947,0.00298018460684291,0.00228092522963002,0.0143853474573859,0.00617120453593801,0.018941354379047,0.00431934909276103,-0.00380139804871224,0.249118637637198,0.00182861475078579,0.00298946757386018,-0.000154574944271286
-0.00800148954791086,0.00297575567155359,0.00232425353150304,-0.00147565816860661,0.00232258799747583,0.00134156093809859,-0.0010861287551882,0.00370340637624889,0.016038658426057,0.00119633712330077,0.00182861475078579,0.0232741280507332,-0.00237338186223773,0.000294174202571611
-0.0015824876631853,-0.00208638360224403,-0.00492651315551479,-0.000604371417339889,0.00271974986957037,0.000199666728529966,-0.00171976677662013,-0.00424014168060323,-0.00272456462797237,-0.000560573228682041,0.00298946757386018,-0.00237338186223773,0.0101802372611365,-3.60432100175136e-05
0.000119101584497532,0.000178038201169038,0.000161778008401029,-5.91251490825104e-05,0.000779829423875105,0.000445022183056441,0.000108025337623762,0.00267065182764834,0.00198981247876754,0.000212316540491543,-0.000154574944271286,0.000294174202571611,-3.60432100175136e-05,0.000424803596083309
