NaN,NaN,NaN,NaN,NaN,0.162813102119461,NaN,NaN,0.321800255614388,0.292522596548891,0.410631741140216,0.270963364993216,0.191515429971667,0.410643214790089,NaN,0.40087783467447,NaN,0.666111567054174,NaN,0.346660093332343,0.296792783206131,NaN
0.218068136832545,NaN,NaN,NaN,NaN,0.365125240847784,NaN,0.365066623856157,0.340971334672266,0.276910435497124,0.401964560862866,NaN,NaN,NaN,NaN,0.284158335365358,0.733676947881497,NaN,0.507293227767439,NaN,NaN,NaN
0.147765642828866,0.0291864417159129,NaN,NaN,NaN,NaN,NaN,NaN,0.0472886616761001,NaN,0.0564329738058552,0.0454545454545455,NaN,0.05655411477725,0.0131457491167202,NaN,0.288587221552052,NaN,NaN,0.418433250266197,NaN,0.27988849031125
0.645594159700068,NaN,0.728954368026529,0.0231893265565438,NaN,NaN,0.0246516613076099,0.0317868036602986,NaN,NaN,0.00943759630200308,NaN,NaN,NaN,NaN,0.914370478745022,NaN,NaN,0.0510575663904576,0.376041997303132,0.302428345436654,0.0496284391128932
NaN,NaN,0.619129043029696,0.0470139771283354,NaN,NaN,NaN,0.0481618237277252,NaN,NaN,NaN,0.0587516960651289,NaN,0.0721530363332906,0.00636598020180157,0.726204990652687,NaN,0.733217532648622,NaN,NaN,0.426740805065066,0.240565998657907
NaN,0.144350204639865,NaN,0.0991105463786531,NaN,NaN,0.0937834941050375,0.0789853909134693,0.290578784005843,NaN,NaN,NaN,0.291446511984072,0.301579150083451,NaN,0.4491587417703,0.86902359180645,0.496677370262065,NaN,0.520797174366697,NaN,NaN
0.166913117388166,0.0863896628800637,NaN,NaN,0.0909090909090909,NaN,0.067524115755627,NaN,NaN,0.0493015612161052,NaN,0.0667571234735414,NaN,NaN,0.0167106980297291,NaN,NaN,NaN,NaN,NaN,0.200037991554664,0.245592633401543
0.663280394942132,NaN,NaN,NaN,0.00790513833992095,0.0120423892100193,NaN,0.0118799165195055,NaN,NaN,NaN,NaN,0,NaN,NaN,0.985247500609608,0.261245832176415,NaN,NaN,NaN,0.0539720303861258,0.0240292609376424
0.608277251240016,0.249617767435214,0.594821928218591,NaN,0.604743083003953,NaN,1,0.834323326376626,NaN,1,1,1,NaN,1,NaN,NaN,NaN,NaN,1,1,NaN,1
NaN,0.124906865897098,0.470655290338181,NaN,0.0909090909090909,0.0751445086705202,NaN,0.0751324450152513,0.63949242285923,NaN,0.76386748844376,0.595929443690638,0.380657018148403,NaN,0.0507050323073495,0.456108266276518,0.570410260837508,0.55806634104364,0.280871488150415,0.452213885493417,0.40998359334267,NaN
NaN,NaN,NaN,NaN,0.0513833992094862,0.119460500963391,0.102357984994641,0.119601862257184,NaN,NaN,0.13886748844376,0.0842605156037992,0.0478597136074738,0.138978045962254,NaN,0.511216776396001,0.268950326776035,0.286387576392596,0.143787698069392,0.150880534150948,0.375086526433047,NaN
0.455673800153692,0.212015064760097,0.0722880467949382,NaN,0.130434782608696,NaN,NaN,NaN,0.519079788205222,0.451109285127362,NaN,NaN,NaN,NaN,0.275646942738008,0.134235552304316,NaN,NaN,0.624847110434676,0.862092796571061,0.842709180432303,0.533136023594323
0.786088535966281,0.330132582136624,0.127592202378896,0.0584498094027954,0.0513833992094862,NaN,0.0514469453376206,NaN,NaN,0.115036976170912,NaN,NaN,NaN,NaN,0.0454530986408632,0.484637893196781,NaN,NaN,NaN,NaN,NaN,0.39003951717796
NaN,0.695426477642712,NaN,NaN,0.0909090909090909,NaN,0.0546623794212219,0.0430245625301011,NaN,NaN,0.0312018489984592,0.0236092265943012,0.0330806340454859,NaN,0.0251774516981252,0.673778753149639,0.498976856183545,NaN,0.551775977846856,NaN,NaN,0.429620900196343
NaN,0.327754472988559,NaN,0.167090216010165,0.0909090909090909,NaN,0.162915326902465,0.165516134210949,NaN,0.139687756778965,NaN,NaN,NaN,0.192515085376813,NaN,NaN,NaN,NaN,NaN,0.345811412839163,NaN,NaN
NaN,NaN,0.76884636199293,NaN,0.0909090909090909,0.144508670520231,NaN,NaN,NaN,NaN,NaN,NaN,0.0450264185619113,0.0957119013994094,NaN,NaN,NaN,NaN,NaN,0.400937375483714,0.480032190502289,NaN
NaN,0.194112904048909,NaN,0.119440914866582,NaN,0.108863198458574,0.12593783494105,0.109006261037085,NaN,0.132292522596549,NaN,0.167571234735414,NaN,0.198164077545256,0.0550338988445746,NaN,0.855471894461024,NaN,0.438375267336388,0.182097118763493,NaN,NaN
0.0811540879770859,NaN,0.117597614195079,0.234752223634053,0.328063241106719,NaN,NaN,0.204848290255258,0.169800985941209,0.153656532456861,0.216486902927581,NaN,0.103683283559231,0.216459108999872,0.121494732151383,0.406648784849224,0.967863717710305,0.399512362254289,0.910440750445719,NaN,0.505872675797689,0.668341521204238
0.668624688540624,0.223278932810762,0.752380623395166,0.00317662007623888,0.00790513833992095,0.01252408477842,0.007502679528403,NaN,NaN,0,NaN,0.00542740841248304,NaN,NaN,0,1,0.194824315590285,0.667780849860163,0,NaN,NaN,0
NaN,0.0592322687977791,NaN,NaN,0.288537549407115,NaN,0.352625937834941,NaN,0.342066824904145,0.304847986852917,0.360747303543914,0.401085481682497,NaN,0.360829374759276,NaN,NaN,0.370977714831035,NaN,0.672961241941488,NaN,NaN,0.648752764959779
NaN,NaN,0.131121397400025,NaN,0.1699604743083,NaN,NaN,NaN,NaN,NaN,0.0758859784283513,NaN,NaN,0.0760046219026833,NaN,NaN,NaN,NaN,NaN,0.616045238947456,0.561844823628434,NaN
0.230520690217265,0.0747257009298101,NaN,NaN,0.1699604743083,NaN,0.121114683815648,0.121688874618719,0.208234434909622,0.208709942481512,0.174306625577812,NaN,NaN,0.174284247015021,NaN,NaN,NaN,NaN,0.445949911344392,NaN,NaN,0.356439560257483
0.119192883589875,0.0663645549465691,NaN,NaN,NaN,0.135356454720617,0.211146838156484,0.135174185262482,NaN,NaN,0.197996918335901,NaN,NaN,NaN,NaN,NaN,NaN,NaN,NaN,0.448616560750441,NaN,NaN
NaN,0.234073302918032,0.55191313459302,0.412325285895807,0.288537549407115,0.376204238921002,NaN,NaN,0.465218185137849,0.437962202136401,NaN,0.47910447761194,0.431886055593843,NaN,NaN,NaN,0.516714460043726,NaN,NaN,0.786688547765854,0.764758873741696,0.60382993529787
NaN,0.0591281627320698,0.265288380715511,0.280177890724269,NaN,0.229287090558767,NaN,NaN,NaN,NaN,0.443374422187982,NaN,NaN,NaN,0.0395963968552058,NaN,0.40441596804338,1,NaN,NaN,NaN,0.596682462491819
0.402358940921687,NaN,NaN,NaN,NaN,NaN,0.0562700964630225,NaN,NaN,0.162695152013147,0.2615562403698,0.18168249660787,NaN,0.26158685325459,NaN,NaN,0.444991728518063,NaN,0.310598914870548,0.392270479200575,0.409748704105401,0.249316526796292
NaN,0.290921338681527,NaN,0.0346251588310038,0.0118577075098814,NaN,0.0326902465166131,0.0414191684058436,0.136388533868906,NaN,NaN,0.116146540027137,0.0690711386783061,0.184041597124149,NaN,0.635495407624157,0.497824215259193,0.214935101152961,0.207721526471116,0.373680549458713,NaN,NaN
0.128775353375405,0.0519836288108434,0.230739115916497,0.103557814485388,NaN,NaN,NaN,NaN,NaN,0.241577649958915,NaN,NaN,NaN,0.341764026190782,NaN,0.376574819149801,0.925978986469302,NaN,0.475752551142633,0.71084307514987,NaN,NaN
0.283142770649465,NaN,0.0030398286642026,0.239834815756036,NaN,NaN,NaN,NaN,0.196914369180208,0.183237469186524,0.227850539291217,NaN,0.144268320698369,NaN,NaN,NaN,0.563634412164795,0.616658565930695,0.477387893189474,NaN,NaN,NaN
0.313403814358568,NaN,NaN,0.0638500635324015,0.0909090909090909,NaN,NaN,NaN,NaN,NaN,NaN,NaN,NaN,0.0611118243676981,NaN,NaN,NaN,NaN,0.474578069999872,0.45903259428345,NaN,0.393618431408286
NaN,0.0603937658838299,NaN,NaN,NaN,0.0544315992292871,0.07502679528403,NaN,0.1891546467044,0.149548069022186,NaN,0.168521031207598,NaN,NaN,0.0560842855778719,0.421035519791921,NaN,0.485115893643977,NaN,0.510549976475567,0.454812738114516,NaN
NaN,0.0217030527572798,NaN,NaN,0.209486166007905,NaN,NaN,NaN,0.363155011867811,NaN,NaN,NaN,NaN,0.429195018615997,NaN,NaN,0.889549466728576,0.676406141685856,NaN,NaN,NaN,NaN
NaN,NaN,0.00191716466890047,0.296378653113088,0.288537549407115,0.278901734104046,NaN,NaN,NaN,0.322925225965489,NaN,NaN,0.204686423156444,NaN,NaN,0.483499959359506,NaN,NaN,NaN,0.327631190921595,NaN,0.292114376133944
NaN,0.253549302387295,NaN,NaN,0.0513833992094862,0.11271676300578,NaN,0.112538128110451,NaN,NaN,0.12557781201849,0.0968792401628223,0.0677693544681828,0.125561689562203,NaN,0.545517353491019,NaN,NaN,0.223337822613933,NaN,0.673894997393085,0.147000588201181
NaN,NaN,NaN,0.10705209656925,0.209486166007905,NaN,NaN,0.0897415315459945,NaN,NaN,0.120184899845917,0.104748982360923,NaN,NaN,0.0350447210109177,0.515199544826465,0.827304523532308,0.804259659131654,NaN,0.866077317719413,0.437759690515635,NaN
NaN,0.0794533410902559,0.292871371492395,1,1,1,0.766345123258307,NaN,NaN,0.66228430566968,0.944337442218798,0.572727272727273,NaN,NaN,NaN,0.0173128505242624,0.967679388493657,0.328932376118499,NaN,NaN,NaN,0.67606269727522
0.238705959062012,NaN,NaN,0.102287166454892,NaN,0.0467244701348748,0.0487674169346195,0.0467169690158934,0.140953076501735,0.117502054231717,0.181240369799692,NaN,0.0940347652959645,0.181281294132751,NaN,0.690400715272698,0.382221797046533,NaN,0.203974432615862,NaN,NaN,NaN
NaN,NaN,0.363541630683846,NaN,NaN,0.00385356454720617,0.00428724544480171,NaN,NaN,0.00739523418241577,NaN,NaN,0.0116394823493376,0.00269610989857492,NaN,0.811509387954158,NaN,NaN,NaN,0.311796658855204,0.285688483487465,NaN
NaN,0.0427937168927401,0.248471449791012,0.0520965692503177,NaN,NaN,NaN,0.0443088778295071,0.0501186781084535,0.0427280197206245,0.0687596302003082,0.0492537313432836,0.0317022742935906,0.0688149955064835,0.0106948467390266,0.713809639925222,NaN,0.744894544353521,NaN,0.431462859535499,NaN,0.288980755051488
NaN,0.196374659358829,NaN,0.106099110546379,0.0909090909090909,0.102119460500963,0.0862808145766345,NaN,NaN,NaN,NaN,NaN,NaN,NaN,NaN,0.700520198325612,NaN,0.595663051879238,0.24033019264492,NaN,NaN,0.187857787866487
NaN,NaN,NaN,NaN,NaN,0.0486512524084778,NaN,NaN,0.0225488406061713,NaN,NaN,NaN,0.0150088061873038,NaN,0.0266734570455486,NaN,NaN,NaN,NaN,NaN,NaN,0.388689139817906
NaN,NaN,0.181393715384527,NaN,NaN,NaN,0.0535905680600214,NaN,0.0556874201205039,0.0419063270336894,NaN,0.0569877883310719,NaN,NaN,0.0213896934780533,0.640412907420954,NaN,0.318912695314056,0.428931506017137,NaN,NaN,0.351692528188092
0.583837878117505,0.233028159670127,0.578638294932467,NaN,NaN,NaN,0.5010718113612,NaN,NaN,NaN,0.581471494607088,NaN,0.467493682517804,0.581461034792656,NaN,NaN,NaN,NaN,0.829451814181028,NaN,NaN,NaN
NaN,0.303677393674026,0.961224912777644,0.0133418043202033,0.00790513833992095,0.0197495183044316,NaN,NaN,0.0424502464853022,0.0336894001643385,0.0620184899845917,NaN,0.0240447201163948,NaN,NaN,NaN,0.424017863601046,NaN,0.164006998432277,NaN,0.403684291070472,0.0972002452219009
0.168205528258389,NaN,0.237083606802768,NaN,0.130434782608696,0.0568400770712909,0.0953912111468382,0.0568309519987157,0.0871827642870184,NaN,0.0787750385208012,0.0886024423337856,0.0941879163795084,0.0788291179869046,NaN,0.594895553929936,0.80952025404766,0.379604471606256,0.424142819510489,0.417141094820348,NaN,0.354546546596303
NaN,NaN,0.238954713461605,0.105463786531131,0.130434782608696,0.0973025048169557,NaN,0.0972868839300048,0.277980646339237,0.217748562037798,0.377118644067797,0.225373134328358,0.152002450417337,0.377070227243549,0.0267371168475666,0.606721937738763,NaN,0.859322087918217,NaN,NaN,0.260084666893252,0.309383465747637
NaN,NaN,NaN,0.222045743329098,NaN,0.146917148362235,NaN,0.147054101781987,0.207321526383056,NaN,0.260015408320493,NaN,0.137835975189524,NaN,0.0343126332877105,NaN,0.679929814900801,NaN,0.606735041863491,0.484979255727468,NaN,NaN
NaN,NaN,NaN,NaN,0.130434782608696,NaN,NaN,NaN,0.129998174182947,0.102711585866886,NaN,NaN,NaN,0.158364359994865,0.0398192061622688,0.522799317239698,NaN,NaN,0.558429623249375,NaN,NaN,NaN
NaN,0.347152903232391,NaN,0.0898983481575604,0.0513833992094862,NaN,0.0777063236870311,0.1016214480655,NaN,NaN,0.121147919876733,NaN,0.0410444903897695,NaN,0.0313206225928637,NaN,NaN,0.28898113989307,NaN,NaN,0.298927695042591,0.107038117093458
0.474122674242601,NaN,NaN,NaN,NaN,NaN,0.457663451232583,NaN,0.656289939748037,0.604765817584223,0.645030816640986,0.658887381275441,NaN,NaN,0.237610211032244,0.159229456230188,0.711744104381669,0.873393464698055,NaN,NaN,NaN,NaN
0.665411126376825,NaN,0.643557060117218,NaN,NaN,0.409922928709056,0.466773847802787,0.409696580510515,0.567463940113201,0.614626129827444,NaN,0.501356852103121,0.439620185312811,NaN,0.249037145494478,NaN,NaN,NaN,0.555508065246622,NaN,NaN,0.467317554077228
0.152650024451016,NaN,NaN,NaN,NaN,NaN,NaN,0.143361695296195,NaN,0.233360723089564,NaN,0.185888738127544,NaN,0.271408396456541,0.0840945984657988,0.427253515402747,1,0.578846720795519,0.440276928767972,NaN,NaN,NaN
NaN,NaN,0.239202275265697,0.115946632782719,0.1699604743083,0.0963391136801541,NaN,0.0964841868678761,0.136388533868906,NaN,0.176810477657935,NaN,NaN,0.176916163820773,0.0177610847630264,0.639559457042998,0.589286505934701,0.85754922193095,NaN,NaN,NaN,NaN
NaN,0.047458076895598,NaN,NaN,0.130434782608696,0.0761078998073218,0.10075026795284,NaN,NaN,0.0920295809367297,0.159668721109399,0.0853459972862958,NaN,NaN,NaN,0.706291148500366,0.403456989460569,0.964351449766141,0.465372784762409,0.549949461864531,0.157755704516457,0.389797194860281
NaN,0.151974442981516,NaN,NaN,NaN,0.224470134874759,0.206859592711683,NaN,0.367354391090013,0.327033689400164,0.441833590138675,NaN,0.231028409525997,NaN,0.10491135372569,NaN,NaN,0.633251794777814,0.498467262332549,0.492050092409375,0.542286735698003,NaN
0.786111822648627,NaN,0.191071654749157,NaN,0.0118577075098814,NaN,NaN,0.0412586289934179,0.0869088917290488,NaN,0.107473035439137,0.0985074626865672,NaN,0.10752343047888,0.00751185663812586,0.71921482565228,0.446611025687093,0.446132761766651,0.121350335104999,0.180311963243355,0.399611098160568,0.111874207792423
0.34788556924295,NaN,NaN,0.18869123252859,NaN,NaN,0.140407288317256,NaN,NaN,0.338537387017255,NaN,NaN,0.22329427980703,NaN,0.0753095457873126,0.539583841339511,NaN,0.609670685162904,0.308055953467694,NaN,0.317539997900232,NaN
NaN,NaN,NaN,0.0864040660736976,0.130434782608696,0.0703275529865125,NaN,0.070155723230053,NaN,NaN,0.0159861325115562,NaN,0.00704494984302013,NaN,NaN,NaN,0.46892186074511,NaN,NaN,NaN,0.402704251317248,0.14149345108403
NaN,NaN,NaN,0,NaN,NaN,NaN,0,0.010041993792222,0.00986031224322103,0.012904468412943,NaN,0.0160042882303392,0.0130311978431121,0.00534742336951332,0.865845728684061,0.181064956215978,0.41293036819837,NaN,0.401324571889091,0.314358761279577,0.128954824492366
0.177060289220595,0.0440470722720639,NaN,NaN,NaN,NaN,0.0423365487674169,0.0481618237277252,NaN,0.0115036976170912,0.00674114021571648,0.00691994572591588,0.0140898996860403,NaN,0.0139733265429544,0.698122409168496,NaN,0.592870289953228,NaN,NaN,NaN,0.200657376954112
0.210232168222993,NaN,NaN,NaN,0.0909090909090909,NaN,NaN,NaN,NaN,0.0920295809367297,NaN,NaN,NaN,NaN,0.0131775790177293,0.678452409981306,0.691967212732249,0.803371234153765,NaN,0.558787444931442,NaN,NaN
NaN,NaN,0.734786463550842,NaN,NaN,NaN,0.0230439442658092,0.0216728206774763,NaN,0.0213640098603122,0.0356317411402157,0.0345997286295794,0.0177655256910943,NaN,NaN,0.907664797203934,NaN,0.655048086499924,NaN,0.380233623505523,0.0395877337993156,0.10724523018549
NaN,0.0716474274574645,0.284085806072749,NaN,NaN,NaN,0.0589496248660236,0.0420613260555466,0.0597042176373927,NaN,0.0624036979969183,NaN,0.0483957423998775,NaN,0.0172518063468823,NaN,0.792078976902849,NaN,0.421385247714092,NaN,0.191958780497787,NaN
NaN,0.200006123886218,NaN,0.0756035578144854,NaN,NaN,0.0814576634512326,0.0730454326537165,NaN,0.202136400986031,0.318181818181818,NaN,NaN,0.318205161124663,NaN,NaN,NaN,NaN,NaN,NaN,0.745136725110193,NaN
0.350051230701162,NaN,0.440556380761569,0.0727445997458704,0.0909090909090909,0.0645472061657033,0.0766345123258307,NaN,NaN,0.0640920295809367,0.0953389830508475,NaN,NaN,0.0953267428424702,NaN,NaN,NaN,NaN,0.408777836296928,0.472582217329741,NaN,0.31723719419752
NaN,0.988848403196669,NaN,0.903113087674714,NaN,0.860308285163777,NaN,0.860330711189597,NaN,0.694330320460148,NaN,0.601763907734057,NaN,0.981512389266915,NaN,0.0832317320978623,0.792830293456779,NaN,0.84894899667381,0.595127628489551,NaN,NaN
NaN,NaN,NaN,NaN,0.0513833992094862,NaN,NaN,0.0661422379194092,NaN,NaN,NaN,NaN,0.0591163182479516,NaN,0.00875322277747716,NaN,0.198013911022654,0.83401990390668,0.354110765359966,0.427935320191167,NaN,NaN
0.222265561325478,NaN,NaN,0.561626429479034,NaN,0.525529865125241,0.481243301178993,0.525284957457056,0.527661128354939,0.47165160230074,0.607858243451464,0.460379918588874,0.387778543533195,NaN,NaN,NaN,0.891255095302872,NaN,NaN,0.532590906737443,0.538886625015348,0.691641744057925
NaN,NaN,NaN,NaN,NaN,0.167148362235067,NaN,0.167282067747632,NaN,0.113393590797042,0.144453004622496,NaN,0.0805574699440998,NaN,0.0995002705541586,0.589774851662196,0.828569161955383,NaN,NaN,0.50483657835437,NaN,NaN
0.168484968446545,NaN,0.258650270015084,0.185514612452351,NaN,NaN,0.202036441586281,0.111414352223471,NaN,0.111750205423172,0.141371340523883,NaN,NaN,0.14148157658236,0.0196072190215488,0.584247744452573,0.639223390677608,NaN,NaN,NaN,0.266165095103449,0.559050013669464
NaN,NaN,NaN,NaN,0.1699604743083,0.100674373795761,0.105573419078242,0.100658211590946,0.115117765199927,NaN,NaN,NaN,NaN,0.159648221851329,0.0129547697106662,NaN,NaN,0.928005705042907,NaN,NaN,0.195209416211272,0.381264135468531
NaN,0.239127550343448,0.479089663431091,NaN,NaN,0.0549132947976879,0.0659163987138264,NaN,0.234891363885339,NaN,NaN,0.204341926729986,NaN,NaN,NaN,0.417012110867268,0.815955443661758,0.348409998167374,NaN,NaN,NaN,0.342407648272263
NaN,NaN,0.109583520443999,0.167090216010165,0.24901185770751,0.154624277456647,0.173097534833869,NaN,0.280262917655651,NaN,NaN,0.255223880597015,NaN,NaN,NaN,0.431358205315777,NaN,0.781590878305698,0.637044827536954,NaN,0.543925177101146,0.587039276926773
NaN,0.0637476142359942,0.231666033369028,0.0594027954256671,NaN,0.0472061657032755,0.052518756698821,0.0473591266655964,0.0368815044732518,0.0361544782251438,NaN,0.0293080054274084,NaN,NaN,NaN,NaN,NaN,NaN,0.296775799758197,0.478617528741454,0.342602412597181,0.239913592418004
0.164305008965373,1,NaN,NaN,NaN,NaN,0.0916398713826367,NaN,0.0644513419755341,NaN,NaN,0.0545454545454545,NaN,NaN,NaN,0.630618548321548,NaN,NaN,NaN,0.330998899191615,NaN,0.15754264458565
NaN,NaN,NaN,NaN,0.288537549407115,0.252890173410405,0.193997856377278,NaN,0.173270038342158,0.148726376335251,NaN,0.137177747625509,NaN,0.20124534600077,NaN,NaN,NaN,0.211369449335873,0.523397685715283,0.616400919366349,NaN,0.42492150413812
0.498131243741704,NaN,NaN,0.0889453621346887,0.0909090909090909,NaN,0.0868167202572347,0.0812329426874298,NaN,0.464256368118324,0.641949152542373,NaN,NaN,0.641866735139299,0.132062259286374,NaN,NaN,0.675900177684995,0.394454988136764,0.660752916917106,NaN,0.309660997290961
0.557261951889714,0.192681955969258,NaN,0.0285895806861499,0.0118577075098814,0.0317919075144509,0.0294748124330118,0.0319473430727244,NaN,0.0386195562859491,0.0552773497688752,NaN,NaN,NaN,NaN,NaN,0.116367734453931,0.736719440969538,NaN,0.128625745409359,0.417393281100136,0.147445881349052
