0.175516818181818
0.2063065
0.16701785
0.208174333333333
0.176587357142857
0.250350944444444
93.5219523062924
0.340389266666667
159.391679454252
0.312646611111111
0.309285194444444
0.39314
0.461323266666667
0.309436555555556
0.275715615384615
0.39855076
0.590678
0.4365115
0.44720695
0.419814125
0.668302142857143
0.559392
0.601305380952381
0.71714
0.642633473684211
0.693683809523809
0.629522352941176
0.623844
157.940322507896
0.56023
0.421770533333333
0.512132307692308
176.178446872355
0.4067631875
0.468570583333333
0.32155335
0.368565111111111
0.3527145
0.385465789473684
0.400464368421053
0.259118214285714
0.377223076923077
0.321913
0.34737
0.292817894736842
0.226880833333333
0.198713176470588
0.301904529411765
96.4072955810093
0.280759
0.173013411764706
126.886362099835
91.3959860259591
0.281398904761905
0.2553282
99.9796180802043
187.59403256169
273.261164113648
121.184649623376
0.120526125
