0.666666666666667,NaN,0.130044843049327,0.463345195729537,0.271009112386095,NaN,NaN,0.692307692307692
0.568181818181818,NaN,0.103139013452915,NaN,0.214984812689841,0.256274768824306,NaN,NaN
NaN,NaN,0.0807174887892377,NaN,0.0506243671954101,0.071994715984148,NaN,0.192307692307692
0.348484848484849,NaN,NaN,NaN,0.106648666891664,NaN,0.0975,0.115384615384615
0.856060606060606,NaN,0.161434977578475,NaN,NaN,0.559445178335535,NaN,NaN
NaN,NaN,NaN,NaN,NaN,NaN,0.3,NaN
NaN,0.768518518518518,0.147982062780269,NaN,0.51974350320621,NaN,0.3555,0.269230769230769
NaN,NaN,NaN,NaN,0.484643941950726,NaN,NaN,NaN
0.492424242424242,NaN,NaN,NaN,0.123523455956801,NaN,NaN,NaN
NaN,NaN,NaN,NaN,NaN,0.150594451783355,NaN,0.153846153846154
0.363636363636364,0.351851851851852,0.0807174887892377,NaN,0.092473844076949,NaN,NaN,0.346153846153846
0.734848484848485,0.703703703703704,0.147982062780269,NaN,0.436382045224435,NaN,NaN,0.230769230769231
NaN,NaN,NaN,NaN,NaN,NaN,0.32,NaN
NaN,NaN,0.125560538116592,NaN,0.174822814714816,NaN,0.21,0.615384615384615
0.537878787878788,NaN,0.112107623318386,NaN,NaN,NaN,0.19,0.269230769230769
NaN,0.611111111111111,0.121076233183857,NaN,NaN,NaN,0.2435,0.230769230769231
0.742424242424243,0.722222222222222,NaN,0.5144128113879,0.399595005062437,NaN,NaN,0.307692307692308
NaN,NaN,NaN,NaN,NaN,NaN,NaN,NaN
NaN,0.462962962962963,NaN,NaN,NaN,NaN,0.19,NaN
NaN,NaN,NaN,NaN,0.21970975362808,NaN,NaN,NaN
NaN,0.666666666666667,NaN,0.400711743772242,0.300371245359433,NaN,NaN,NaN
NaN,0.472222222222222,NaN,NaN,NaN,0.210700132100396,NaN,NaN
NaN,NaN,NaN,0.525444839857651,NaN,0.511889035667107,NaN,0.346153846153846
NaN,0.731481481481481,NaN,0.40729537366548,NaN,0.357992073976222,0.344,0.307692307692308
NaN,NaN,NaN,0.764946619217082,0.741815727303409,NaN,NaN,0.269230769230769
NaN,NaN,NaN,0.323665480427046,NaN,NaN,NaN,0.346153846153846
NaN,0.444444444444444,NaN,NaN,NaN,0.134081902245707,NaN,NaN
NaN,0.444444444444444,NaN,0.158185053380783,0.113061086736416,NaN,0.13,0.192307692307692
NaN,NaN,NaN,NaN,0.135335808302396,0.147952443857332,0.169,NaN
0.878787878787879,0.888888888888889,NaN,0.619395017793594,NaN,0.445838837516513,NaN,0.692307692307692
0.643939393939394,0.62962962962963,NaN,NaN,NaN,0.229194187582563,NaN,NaN
NaN,NaN,NaN,NaN,NaN,0.204755614266843,NaN,0.423076923076923
NaN,0.435185185185185,NaN,NaN,0.0799865001687479,0.103038309114927,NaN,NaN
NaN,0.555555555555555,NaN,NaN,NaN,NaN,NaN,0.384615384615385
NaN,0.638888888888889,0.139013452914798,0.379537366548043,NaN,NaN,NaN,0.230769230769231
NaN,NaN,0.112107623318386,NaN,NaN,NaN,0.212,NaN
NaN,0.685185185185185,0.125560538116592,NaN,NaN,0.490092470277411,NaN,NaN
0.598484848484849,NaN,NaN,NaN,NaN,0.284015852047556,0.1895,0.192307692307692
NaN,NaN,NaN,0.216192170818505,0.188322645966925,0.165785997357992,0.17,NaN
0.704545454545455,NaN,0.143497757847534,NaN,0.363482956463044,NaN,NaN,0.269230769230769
NaN,NaN,NaN,NaN,0.430982112723591,NaN,NaN,NaN
0.765151515151515,NaN,0.161434977578475,0.551601423487544,NaN,NaN,NaN,0.230769230769231
NaN,0.648148148148148,0.121076233183857,0.423665480427046,0.387782652716841,0.281373844121532,NaN,NaN
NaN,NaN,NaN,NaN,0.536955788052649,NaN,0.43,0.269230769230769
0.454545454545455,0.444444444444444,0.0852017937219731,NaN,NaN,0.142668428005284,NaN,0.192307692307692
0.643939393939394,NaN,NaN,NaN,NaN,NaN,NaN,0.576923076923077
NaN,NaN,0.147982062780269,0.525444839857651,NaN,0.471598414795244,0.35,NaN
NaN,0.611111111111111,NaN,NaN,0.27033412082349,NaN,0.25,NaN
0.477272727272727,0.490740740740741,0.0941704035874439,0.192526690391459,0.1481606479919,NaN,NaN,NaN
0.75,0.740740740740741,NaN,NaN,NaN,0.412813738441215,0.3835,0.269230769230769
0.477272727272727,0.472222222222222,0.0941704035874439,NaN,NaN,NaN,NaN,0.230769230769231
0.553030303030303,NaN,NaN,0.243594306049822,NaN,NaN,NaN,0.384615384615385
NaN,NaN,NaN,0.339679715302491,NaN,0.282034346103038,0.345,0.307692307692308
NaN,NaN,NaN,0.324377224199288,NaN,0.258256274768824,0.31,NaN
0.53030303030303,0.546296296296296,NaN,NaN,NaN,NaN,0.28,NaN
0.666666666666667,NaN,NaN,NaN,0.265946675666554,0.263540290620872,NaN,0.230769230769231
NaN,NaN,0.10762331838565,0.37135231316726,NaN,NaN,NaN,0.230769230769231
0.643939393939394,0.648148148148148,0.147982062780269,0.401957295373665,NaN,NaN,0.32,0.307692307692308
0.598484848484849,0.555555555555555,0.103139013452915,0.304270462633452,NaN,NaN,NaN,0.230769230769231
0.613636363636364,NaN,0.197309417040359,NaN,0.220047249409382,0.203434610303831,NaN,NaN
0.863636363636364,NaN,NaN,0.536476868327402,NaN,NaN,NaN,NaN
NaN,NaN,0.112107623318386,0.354982206405694,NaN,NaN,NaN,NaN
NaN,NaN,NaN,0.537722419928826,NaN,NaN,0.34,0.269230769230769
NaN,0.722222222222222,0.143497757847534,NaN,NaN,NaN,NaN,NaN
NaN,NaN,0.0717488789237668,0.0845195729537367,0.0604117448531893,0.071994715984148,NaN,NaN
0.765151515151515,0.842592592592592,NaN,NaN,NaN,NaN,NaN,0.5
NaN,NaN,NaN,0.227758007117438,NaN,0.233817701453104,NaN,NaN
0.712121212121212,NaN,NaN,NaN,NaN,NaN,NaN,0.423076923076923
NaN,NaN,NaN,NaN,NaN,NaN,0.162,NaN
NaN,0.648148148148148,NaN,0.335053380782918,0.282821464731691,0.256935270805812,NaN,NaN
NaN,NaN,NaN,NaN,0.144785690178873,0.150594451783355,0.165,0.192307692307692
0.666666666666667,0.685185185185185,0.121076233183857,NaN,NaN,0.297225891677675,0.325,0.269230769230769
0.734848484848485,0.731481481481481,NaN,0.463701067615658,0.413094836314546,NaN,NaN,NaN
NaN,0.638888888888889,NaN,NaN,NaN,0.258256274768824,NaN,NaN
NaN,0.916666666666667,NaN,0.724199288256228,0.535943300708741,NaN,NaN,0.307692307692308
NaN,NaN,NaN,NaN,0.117786027674654,0.16116248348745,NaN,NaN
0.553030303030303,NaN,NaN,0.232562277580071,0.156598042524468,0.223249669749009,0.2,NaN
NaN,0.759259259259259,NaN,NaN,NaN,NaN,NaN,NaN
NaN,NaN,NaN,0.33914590747331,NaN,NaN,0.2335,NaN
NaN,NaN,0.152466367713004,NaN,0.592980087748903,0.486789960369881,NaN,NaN
0.378787878787879,0.361111111111111,NaN,0.107829181494662,0.0789740128248397,NaN,NaN,0.153846153846154
NaN,0.842592592592592,NaN,NaN,NaN,NaN,NaN,NaN
NaN,NaN,NaN,0.391459074733096,NaN,NaN,0.3015,NaN
0.598484848484849,0.574074074074074,NaN,0.295729537366548,NaN,0.313738441215324,0.24,0.384615384615385
NaN,0.537037037037037,NaN,0.255160142348755,NaN,NaN,NaN,0.307692307692308
NaN,NaN,0.143497757847534,NaN,NaN,NaN,NaN,NaN
NaN,0.666666666666667,0.125560538116592,NaN,0.338845764427945,0.418758256274769,0.287,NaN
NaN,NaN,0.165919282511211,0.613879003558719,NaN,0.388375165125495,NaN,0.307692307692308
0.484848484848485,0.462962962962963,NaN,0.204982206405694,0.214647316908539,0.141347424042272,0.122,0.115384615384615
0.734848484848485,0.722222222222222,NaN,0.393060498220641,0.330070874114074,NaN,NaN,0.346153846153846
NaN,0.712962962962963,NaN,NaN,NaN,NaN,0.33,0.384615384615385
0.643939393939394,NaN,0.143497757847534,NaN,0.282483968950388,NaN,NaN,NaN
0.659090909090909,NaN,NaN,NaN,NaN,NaN,NaN,NaN
NaN,NaN,NaN,NaN,0.227809652379345,0.303170409511229,0.25,NaN
NaN,0.5,0.121076233183857,0.209786476868327,0.141073236584543,0.180977542932629,NaN,NaN
NaN,NaN,NaN,NaN,0.0276746540668242,NaN,NaN,NaN
NaN,NaN,NaN,NaN,NaN,NaN,NaN,0.307692307692308
NaN,0.462962962962963,NaN,0.147864768683274,0.111711103611205,NaN,NaN,NaN
0.583333333333333,0.574074074074074,NaN,NaN,0.193385082686466,NaN,0.375,0.269230769230769
NaN,0.638888888888889,NaN,NaN,0.195410057374283,NaN,NaN,NaN
0.295454545454545,NaN,NaN,0.0674377224199288,0.0458994262571718,0.0574636723910172,NaN,NaN
NaN,0.592592592592593,NaN,0.537010676156584,0.436382045224435,NaN,0.405,NaN
NaN,0.824074074074074,0.179372197309417,NaN,NaN,NaN,NaN,NaN
NaN,NaN,NaN,NaN,NaN,0.610964332892999,0.336,NaN
0.666666666666667,NaN,NaN,0.451067615658363,NaN,NaN,0.44,0.423076923076923
NaN,0.675925925925926,NaN,NaN,NaN,NaN,0.275,0.423076923076923
0.613636363636364,0.574074074074074,NaN,0.586832740213523,NaN,NaN,NaN,0.230769230769231
NaN,0.490740740740741,NaN,NaN,NaN,NaN,NaN,0.115384615384615
0.560606060606061,NaN,NaN,NaN,0.208909888626392,NaN,NaN,NaN
0.666666666666667,0.694444444444444,0.121076233183857,NaN,NaN,0.301188903566711,0.271,NaN
NaN,NaN,0.112107623318386,NaN,NaN,NaN,0.29,0.346153846153846
0.712121212121212,NaN,NaN,0.410498220640569,NaN,NaN,NaN,0.307692307692308
NaN,NaN,0.0538116591928251,NaN,NaN,NaN,0.025,0.115384615384615
NaN,NaN,NaN,NaN,0.246034424569693,0.35336856010568,NaN,0.192307692307692
NaN,0.574074074074074,NaN,NaN,NaN,0.233157199471598,NaN,NaN
NaN,0.611111111111111,NaN,0.383096085409253,0.276409044886939,NaN,NaN,NaN
0.712121212121212,NaN,0.134529147982063,NaN,NaN,0.341479524438573,NaN,NaN
0.674242424242424,0.648148148148148,NaN,0.340925266903915,0.283833952075599,NaN,0.295,0.192307692307692
NaN,NaN,NaN,NaN,NaN,0.507265521796565,0.485,0.307692307692308
NaN,NaN,NaN,NaN,0.16672291596355,NaN,NaN,0.269230769230769
0.492424242424242,0.472222222222222,NaN,0.208540925266904,NaN,NaN,NaN,0.153846153846154
NaN,NaN,NaN,NaN,NaN,0.244385733157199,0.295,0.307692307692308
NaN,NaN,NaN,NaN,0.320283496456294,NaN,NaN,NaN
NaN,0.509259259259259,NaN,NaN,0.161660479244009,0.128797886393659,NaN,NaN
0.575757575757576,0.648148148148148,0.116591928251121,NaN,0.224772190347621,0.260898282694848,0.195,0.192307692307692
NaN,0.611111111111111,NaN,NaN,NaN,0.311756935270806,NaN,NaN
NaN,NaN,NaN,NaN,NaN,NaN,NaN,NaN
0.901515151515152,NaN,0.197309417040359,0.887188612099644,NaN,0.681638044914135,NaN,NaN
NaN,NaN,NaN,0.309786476868327,0.286871414107324,0.261558784676354,NaN,0.269230769230769
NaN,0.694444444444444,NaN,NaN,NaN,NaN,NaN,NaN
0.560606060606061,NaN,NaN,0.305338078291815,NaN,NaN,0.2175,NaN
0.757575757575758,NaN,0.125560538116592,0.460320284697509,0.349308133648329,NaN,NaN,NaN
0.287878787878788,NaN,NaN,NaN,0.0482618967262909,NaN,0.05,0.115384615384615
NaN,0.240740740740741,NaN,0.0560498220640569,0.0492743840701991,0.0462351387054161,NaN,NaN
0.621212121212121,NaN,NaN,NaN,0.199460006749916,NaN,NaN,NaN
NaN,NaN,0.125560538116592,NaN,0.222409719878502,0.229194187582563,0.24,NaN
NaN,0.638888888888889,NaN,0.251601423487545,NaN,NaN,0.23,0.230769230769231
NaN,0.490740740740741,NaN,0.17864768683274,0.135673304083699,0.149933949801849,NaN,NaN
0.727272727272727,NaN,NaN,NaN,0.400607492406345,0.351387054161163,NaN,NaN
NaN,0.805555555555556,0.152466367713004,0.606049822064057,NaN,0.525759577278732,NaN,0.307692307692308
0.772727272727273,NaN,NaN,NaN,NaN,NaN,NaN,NaN
NaN,0.657407407407407,0.152466367713004,NaN,0.38643266959163,0.400924702774108,NaN,0.346153846153846
0.507575757575758,0.5,NaN,NaN,NaN,NaN,NaN,0.269230769230769
NaN,NaN,0.170403587443946,NaN,0.5555180560243,NaN,0.59,NaN
NaN,0.638888888888889,NaN,NaN,NaN,NaN,NaN,0.230769230769231
NaN,0.75,0.139013452914798,NaN,0.424569692878839,0.386393659180978,NaN,NaN
0.681818181818182,0.675925925925926,0.112107623318386,NaN,NaN,0.33553500660502,NaN,NaN
0.545454545454546,0.527777777777778,NaN,0.352846975088968,NaN,NaN,NaN,0.192307692307692
NaN,NaN,NaN,0.518683274021352,NaN,NaN,NaN,0.307692307692308
0.636363636363636,NaN,NaN,0.354982206405694,NaN,NaN,NaN,NaN
NaN,0.777777777777778,0.134529147982063,0.41779359430605,0.31724603442457,NaN,NaN,NaN
0.712121212121212,NaN,NaN,NaN,0.330408369895376,NaN,0.43,NaN
NaN,0.675925925925926,0.125560538116592,0.341103202846975,NaN,NaN,0.28,0.269230769230769
NaN,NaN,0.139013452914798,0.470284697508897,NaN,NaN,0.3525,0.269230769230769
NaN,NaN,NaN,0.203202846975089,NaN,NaN,NaN,NaN
0.348484848484849,NaN,0.0986547085201794,NaN,0.0941613229834627,NaN,NaN,NaN
NaN,NaN,0.062780269058296,NaN,NaN,NaN,0.08,0.192307692307692
NaN,NaN,NaN,0.324733096085409,NaN,0.23778071334214,0.27,NaN
NaN,0.481481481481481,NaN,NaN,NaN,0.194848084544254,NaN,NaN
NaN,0.638888888888889,NaN,NaN,0.226459669254134,0.269484808454425,0.345,NaN
NaN,NaN,0.116591928251121,NaN,NaN,NaN,0.25,NaN
NaN,0.638888888888889,NaN,NaN,0.289571380357746,NaN,NaN,0.307692307692308
NaN,NaN,0.125560538116592,NaN,0.397907526155923,0.334874504623514,0.48,0.423076923076923
0.590909090909091,NaN,NaN,0.342526690391459,NaN,NaN,0.295,0.307692307692308
0.765151515151515,0.777777777777778,0.143497757847534,NaN,NaN,NaN,NaN,NaN
NaN,0.333333333333333,NaN,0.0927046263345196,0.0749240634492069,NaN,0.08,NaN
0.674242424242424,NaN,0.139013452914798,0.381672597864769,0.326695916301046,0.322985468956407,NaN,NaN
NaN,NaN,NaN,0.557829181494662,NaN,NaN,0.3815,NaN
0.636363636363636,NaN,NaN,NaN,0.2345595680054,NaN,NaN,NaN
NaN,NaN,NaN,NaN,NaN,NaN,0.105,NaN
0.734848484848485,NaN,0.161434977578475,NaN,0.327370907863652,NaN,NaN,NaN
NaN,0.62037037037037,NaN,0.325800711743772,0.235909551130611,NaN,NaN,0.346153846153846
0.583333333333333,NaN,NaN,0.382562277580071,NaN,NaN,0.35,0.461538461538462
0.287878787878788,0.268518518518519,0.0762331838565023,0.0645907473309609,0.0435369557880526,NaN,NaN,NaN
0.742424242424243,0.722222222222222,NaN,NaN,NaN,NaN,0.39,NaN
NaN,NaN,NaN,NaN,NaN,NaN,0.39,NaN
0.886363636363636,NaN,NaN,NaN,0.546068174147823,NaN,NaN,0.346153846153846
NaN,NaN,0.0896860986547085,NaN,NaN,0.239762219286658,NaN,NaN
0.734848484848485,0.731481481481481,0.15695067264574,0.434163701067616,NaN,0.406208718626156,NaN,0.423076923076923
NaN,NaN,0.125560538116592,NaN,NaN,0.35667107001321,0.2905,NaN
NaN,NaN,NaN,0.613879003558719,NaN,0.45442536327609,0.444,NaN
NaN,NaN,NaN,0.0405693950177936,NaN,NaN,NaN,0.230769230769231
0.742424242424243,NaN,NaN,0.53202846975089,NaN,NaN,0.3725,NaN
NaN,NaN,NaN,0.45729537366548,NaN,NaN,NaN,0.307692307692308
NaN,0.361111111111111,NaN,NaN,0.0877489031387108,0.0944517833553501,NaN,NaN
NaN,NaN,0.130044843049327,NaN,0.287208909888626,NaN,NaN,NaN
NaN,0.796296296296296,0.161434977578475,NaN,NaN,0.473579920739762,0.465,0.307692307692308
NaN,NaN,NaN,NaN,NaN,NaN,NaN,0.307692307692308
NaN,0.481481481481481,0.147982062780269,0.175978647686833,0.124873439082011,NaN,NaN,NaN
NaN,0.814814814814815,0.130044843049327,0.576868327402135,0.464056699291259,NaN,NaN,0.384615384615385
NaN,NaN,0.134529147982063,NaN,0.261221734728316,NaN,NaN,NaN
0.901515151515152,0.898148148148148,NaN,NaN,NaN,NaN,NaN,0.346153846153846
NaN,NaN,0.130044843049327,NaN,NaN,NaN,0.3055,0.269230769230769
NaN,NaN,NaN,NaN,NaN,0.129458388375165,NaN,NaN
NaN,NaN,NaN,NaN,NaN,0.410832232496697,0.34,NaN
0.522727272727273,0.518518518518518,0.103139013452915,NaN,NaN,NaN,NaN,NaN
NaN,0.731481481481481,NaN,0.424199288256228,NaN,NaN,0.385,NaN
NaN,NaN,NaN,0.0300711743772242,0.021599730003375,NaN,0.025,NaN
0.371212121212121,0.361111111111111,0.130044843049327,0.125444839857651,NaN,NaN,NaN,0.153846153846154
0,NaN,NaN,NaN,NaN,NaN,NaN,0.0769230769230769
NaN,0.62962962962963,0.130044843049327,NaN,NaN,NaN,0.295,NaN
NaN,NaN,NaN,0.250711743772242,NaN,0.249009247027741,0.195,0.423076923076923
0.553030303030303,0.537037037037037,NaN,0.238790035587189,NaN,NaN,NaN,0.230769230769231
NaN,NaN,NaN,0.267259786476868,NaN,0.217965653896962,0.27,NaN
0.590909090909091,0.601851851851852,NaN,NaN,0.244346945663179,0.160501981505945,NaN,0.307692307692308
NaN,NaN,NaN,NaN,0.344920688491394,NaN,0.365,NaN
0.681818181818182,0.722222222222222,NaN,NaN,NaN,NaN,NaN,NaN
NaN,NaN,0.134529147982063,NaN,NaN,0.289299867899604,NaN,NaN
0.712121212121212,NaN,NaN,NaN,NaN,NaN,0.3195,0.384615384615385
NaN,NaN,NaN,0.0366548042704626,0.0327370907863652,NaN,0.035,NaN
NaN,0.490740740740741,NaN,0.216725978647687,NaN,0.184940554821664,NaN,NaN
NaN,NaN,NaN,0.11779359430605,NaN,0.0878467635402906,NaN,0.269230769230769
NaN,0.444444444444444,NaN,0.187544483985765,0.114748565642929,0.158520475561427,0.17,NaN
NaN,0.527777777777778,NaN,NaN,0.131623354708066,NaN,NaN,NaN
0.674242424242424,NaN,NaN,0.322597864768683,NaN,NaN,0.3,NaN
0.75,NaN,NaN,NaN,0.352008099898751,NaN,0.365,0.307692307692308
0.757575757575758,NaN,NaN,0.401779359430605,NaN,NaN,0.343,NaN
NaN,0.787037037037037,0.130044843049327,0.608540925266904,0.420857239284509,NaN,NaN,0.615384615384615
0.568181818181818,NaN,0.121076233183857,0.31085409252669,0.269321633479582,NaN,0.21,0.192307692307692
0.272727272727273,0.277777777777778,0.0538116591928251,0.0727758007117438,NaN,NaN,0.08,NaN
NaN,0.787037037037037,0.130044843049327,0.49626334519573,NaN,NaN,NaN,0.5
0.78030303030303,NaN,NaN,0.601957295373665,NaN,0.507265521796565,NaN,NaN
0.704545454545455,NaN,NaN,NaN,0.30982112723591,NaN,NaN,NaN
NaN,NaN,NaN,NaN,0.163685453931826,NaN,NaN,0.153846153846154
NaN,0.675925925925926,0.143497757847534,NaN,0.271684103948701,NaN,NaN,NaN
0.492424242424242,0.481481481481481,NaN,NaN,NaN,NaN,0.156,NaN
NaN,0.592592592592593,0.139013452914798,0.521174377224199,NaN,0.424042272126816,NaN,0.269230769230769
NaN,NaN,0.130044843049327,NaN,NaN,0.398282694848085,NaN,0.269230769230769
0.757575757575758,NaN,NaN,0.444128113879004,NaN,NaN,NaN,NaN
NaN,NaN,0.103139013452915,NaN,0.22342220722241,NaN,0.22,NaN
NaN,0.768518518518518,0.125560538116592,0.399288256227758,NaN,0.30779392338177,0.365,NaN
0.598484848484849,NaN,0.130044843049327,0.47153024911032,0.422544718191023,NaN,NaN,NaN
0.666666666666667,NaN,NaN,0.400355871886121,NaN,NaN,0.266,0.115384615384615
NaN,0.361111111111111,NaN,NaN,0.0661491731353358,NaN,0.085,0.346153846153846
NaN,0.759259259259259,NaN,NaN,NaN,NaN,0.407,0.307692307692308
NaN,NaN,NaN,NaN,0.0192372595342558,NaN,NaN,0.0769230769230769
0.727272727272727,NaN,NaN,0.516548042704626,NaN,0.396301188903567,0.415,NaN
NaN,0.703703703703704,NaN,NaN,0.317583530205872,NaN,0.335,0.230769230769231
0.628787878787879,NaN,0.116591928251121,NaN,0.26054674316571,NaN,NaN,NaN
0.659090909090909,NaN,NaN,NaN,NaN,NaN,0.325,NaN
0.560606060606061,NaN,0.125560538116592,NaN,0.323658454269322,NaN,0.28,NaN
NaN,0.490740740740741,NaN,NaN,NaN,0.156538969616909,0.1895,NaN
NaN,0.648148148148148,NaN,0.390747330960854,NaN,0.305812417437252,NaN,NaN
0.590909090909091,0.611111111111111,NaN,0.293238434163701,NaN,NaN,NaN,NaN
NaN,NaN,NaN,NaN,0.402969962875464,0.342140026420079,NaN,0.269230769230769
NaN,0.657407407407407,0.139013452914798,NaN,NaN,0.313077939233818,0.265,0.269230769230769
0.696969696969697,0.675925925925926,0.134529147982063,NaN,NaN,0.254293262879789,0.2985,0.346153846153846
NaN,NaN,0.134529147982063,0.493772241992883,0.384070199122511,NaN,NaN,0.307692307692308
NaN,NaN,NaN,NaN,0.416807289908876,NaN,NaN,NaN
NaN,NaN,NaN,NaN,0.389132635842052,NaN,0.395,0.192307692307692
0.71969696969697,NaN,NaN,NaN,NaN,NaN,0.31,NaN
0.886363636363636,0.842592592592592,0.170403587443946,0.748576512455516,0.647316908538643,NaN,NaN,0.346153846153846
0.78030303030303,NaN,NaN,0.543060498220641,0.399595005062437,NaN,NaN,NaN
NaN,NaN,0.170403587443946,NaN,0.760377995275059,NaN,0.491,0.269230769230769
0.71969696969697,0.703703703703704,0.121076233183857,0.419928825622776,NaN,0.33553500660502,NaN,0.230769230769231
NaN,0.592592592592593,0.130044843049327,NaN,NaN,NaN,NaN,NaN
0.871212121212121,NaN,0.174887892376682,NaN,0.622342220722241,NaN,NaN,0.307692307692308
NaN,0.648148148148148,NaN,NaN,NaN,NaN,NaN,NaN
NaN,0.842592592592592,NaN,0.75693950177936,NaN,NaN,0.498,0.423076923076923
NaN,NaN,0.0672645739910314,NaN,NaN,NaN,NaN,0.230769230769231
NaN,NaN,NaN,NaN,NaN,NaN,NaN,NaN
NaN,NaN,0.103139013452915,0.180604982206406,0.140060749240634,NaN,0.14,NaN
0.666666666666667,NaN,0.112107623318386,NaN,NaN,0.245706737120211,NaN,NaN
NaN,0.62962962962963,NaN,0.375266903914591,NaN,0.227212681638045,NaN,NaN
NaN,NaN,NaN,0.201957295373665,0.161660479244009,0.16776750330251,NaN,NaN
NaN,0.712962962962963,0.152466367713004,NaN,0.350995612554843,NaN,NaN,0.461538461538462
NaN,NaN,0.179372197309417,NaN,0.595342558218022,NaN,0.4145,NaN
0.590909090909091,0.611111111111111,0.134529147982063,NaN,0.189672629092136,0.26552179656539,NaN,NaN
0.712121212121212,0.685185185185185,0.152466367713004,NaN,0.391832602092474,NaN,0.281,0.192307692307692
0.621212121212121,NaN,NaN,NaN,NaN,NaN,0.345,0.538461538461539
0.674242424242424,NaN,NaN,0.37135231316726,0.293283833952076,NaN,NaN,NaN
NaN,0.657407407407407,0.125560538116592,NaN,NaN,NaN,NaN,NaN
NaN,0.685185185185185,NaN,NaN,NaN,NaN,NaN,0.230769230769231
NaN,NaN,0.0717488789237668,NaN,0.0600742490718866,NaN,NaN,NaN
NaN,0.712962962962963,0.143497757847534,NaN,NaN,NaN,NaN,NaN
NaN,0.444444444444444,NaN,NaN,NaN,NaN,0.12,0.384615384615385
NaN,NaN,NaN,0.459608540925267,NaN,NaN,NaN,0.230769230769231
NaN,NaN,NaN,NaN,NaN,0.0508586525759577,0.055,NaN
NaN,NaN,NaN,NaN,NaN,0.579920739762219,NaN,NaN
0.643939393939394,0.722222222222222,0.134529147982063,0.323665480427046,0.245359433007087,NaN,NaN,NaN
NaN,NaN,NaN,0.542348754448399,NaN,NaN,0.4595,NaN
NaN,NaN,NaN,NaN,NaN,0.391017173051519,NaN,NaN
NaN,NaN,0.143497757847534,NaN,0.317583530205872,0.299867899603699,NaN,NaN
NaN,0.546296296296296,0.112107623318386,NaN,NaN,0.1889035667107,NaN,NaN
NaN,NaN,NaN,NaN,0.268309146135673,NaN,NaN,0.192307692307692
0.53030303030303,NaN,NaN,NaN,NaN,NaN,0.19,NaN
NaN,NaN,0.152466367713004,NaN,NaN,NaN,NaN,0.384615384615385
0.734848484848485,NaN,NaN,NaN,0.295646304421195,0.344121532364597,NaN,0.5
NaN,NaN,NaN,0.458362989323843,0.333783327708404,NaN,0.405,NaN
NaN,NaN,NaN,NaN,NaN,NaN,0.228,NaN
0.590909090909091,NaN,NaN,NaN,0.267634154573068,0.240422721268164,0.165,0.153846153846154
NaN,0.453703703703704,0.0896860986547085,NaN,NaN,0.118229854689564,0.126,0.307692307692308
NaN,0.731481481481481,NaN,NaN,NaN,NaN,0.355,NaN
0.712121212121212,0.703703703703704,NaN,0.321886120996441,NaN,NaN,0.275,0.269230769230769
NaN,NaN,NaN,0.483274021352313,0.480593992575093,0.383091149273448,0.315,NaN
0.575757575757576,0.611111111111111,0.121076233183857,0.235231316725979,NaN,0.179656538969617,NaN,0.346153846153846
NaN,NaN,NaN,NaN,0.503881201484982,NaN,NaN,0.346153846153846
NaN,NaN,0.10762331838565,NaN,NaN,0.177675033025099,0.257,NaN
NaN,0.611111111111111,0.10762331838565,NaN,NaN,NaN,0.233,0.230769230769231
0.575757575757576,NaN,NaN,NaN,NaN,0.223910171730515,NaN,NaN
0.742424242424243,NaN,NaN,NaN,NaN,0.402906208718626,NaN,NaN
NaN,NaN,NaN,NaN,0.0847114411069862,NaN,0.185,NaN
NaN,0.62037037037037,NaN,NaN,NaN,NaN,NaN,NaN
0.477272727272727,0.490740740740741,0.0941704035874439,NaN,NaN,0.188243064729194,NaN,NaN
NaN,NaN,NaN,0.314768683274021,NaN,0.202113606340819,NaN,NaN
0.742424242424243,0.75,NaN,NaN,NaN,NaN,0.41,NaN
NaN,0.851851851851852,NaN,NaN,NaN,0.395640686922061,NaN,0.384615384615385
NaN,NaN,0.152466367713004,0.549644128113879,NaN,NaN,NaN,0.307692307692308
0.636363636363636,NaN,0.125560538116592,NaN,NaN,NaN,NaN,NaN
NaN,NaN,0.165919282511211,NaN,NaN,NaN,0.485,NaN
NaN,NaN,NaN,0.32508896797153,0.252109348633142,NaN,0.25,0.269230769230769
NaN,0.787037037037037,NaN,NaN,NaN,NaN,NaN,NaN
NaN,NaN,0.0582959641255605,NaN,NaN,NaN,0.0295,NaN
NaN,NaN,0.121076233183857,0.386476868327402,NaN,0.317040951122853,0.3,0.269230769230769
0.674242424242424,0.740740740740741,NaN,NaN,NaN,NaN,NaN,0.230769230769231
NaN,NaN,NaN,0.442526690391459,NaN,NaN,NaN,NaN
NaN,NaN,NaN,0.232740213523132,NaN,NaN,0.175,0.269230769230769
0.666666666666667,NaN,0.134529147982063,NaN,NaN,0.303170409511229,0.3295,NaN
0.386363636363636,NaN,0.0762331838565023,NaN,0.0941613229834627,NaN,NaN,0.230769230769231
NaN,NaN,0.0582959641255605,0.0405693950177936,NaN,NaN,NaN,NaN
NaN,NaN,NaN,0.270818505338078,0.199460006749916,NaN,NaN,0.5
NaN,0.62037037037037,NaN,0.291992882562278,NaN,0.210700132100396,NaN,NaN
NaN,NaN,0.0941704035874439,0.224377224199288,0.191022612217347,NaN,NaN,NaN
NaN,NaN,0.0582959641255605,NaN,0.0411744853189335,NaN,NaN,NaN
NaN,NaN,NaN,NaN,0.392845089436382,0.288639365918098,0.3695,0.269230769230769
0.818181818181818,0.833333333333333,0.15695067264574,0.526156583629893,0.392507593655079,0.448480845442536,NaN,0.461538461538462
NaN,NaN,0.130044843049327,NaN,NaN,0.35336856010568,0.2575,0.230769230769231
0.856060606060606,0.861111111111111,NaN,0.588967971530249,NaN,NaN,NaN,0.346153846153846
0.787878787878788,NaN,0.125560538116592,NaN,0.419507256159298,NaN,NaN,NaN
0.674242424242424,0.722222222222222,NaN,0.39661921708185,NaN,0.348745046235139,NaN,0.307692307692308
NaN,NaN,0.10762331838565,0.214056939501779,0.164360445494431,0.173712021136063,NaN,0.192307692307692
NaN,NaN,NaN,NaN,NaN,0.17107001321004,NaN,NaN
NaN,0.490740740740741,0.0896860986547085,0.14626334519573,NaN,0.0957727873183619,NaN,0.192307692307692
0.946969696969697,NaN,NaN,NaN,NaN,NaN,NaN,NaN
NaN,0.240740740740741,NaN,NaN,0.0496118798515019,NaN,0.05,NaN
0.568181818181818,0.601851851851852,0.125560538116592,NaN,NaN,NaN,0.2,0.269230769230769
NaN,0.472222222222222,NaN,NaN,NaN,0.324966974900925,NaN,NaN
NaN,0.537037037037037,NaN,NaN,NaN,0.200792602377807,NaN,0.230769230769231
NaN,0.518518518518518,NaN,NaN,0.175835302058724,0.194187582562748,NaN,NaN
NaN,NaN,0.121076233183857,0.183985765124555,0.136348295646304,0.23447820343461,0.12,0.269230769230769
NaN,NaN,0.165919282511211,NaN,0.378332770840364,0.416116248348745,NaN,NaN
0.575757575757576,NaN,0.139013452914798,0.30729537366548,0.194735065811677,NaN,NaN,NaN
0.598484848484849,NaN,NaN,0.281316725978648,0.226122173472832,NaN,0.21,0.230769230769231
0.621212121212121,NaN,0.152466367713004,NaN,0.217684778940263,0.175693527080581,NaN,0.384615384615385
0.871212121212121,NaN,NaN,0.595729537366548,NaN,0.255614266842801,NaN,NaN
0.659090909090909,NaN,NaN,NaN,NaN,NaN,NaN,NaN
NaN,0.666666666666667,NaN,NaN,0.331758353020587,NaN,NaN,0.230769230769231
NaN,NaN,0.0807174887892377,NaN,NaN,NaN,0.19,NaN
NaN,0.722222222222222,NaN,0.461387900355872,0.352683091461357,0.324306472919419,NaN,NaN
NaN,0.888888888888889,NaN,0.737188612099644,NaN,NaN,NaN,NaN
0.325757575757576,0.314814814814815,NaN,NaN,NaN,NaN,NaN,NaN
NaN,0.814814814814815,0.165919282511211,NaN,0.463381707728653,NaN,0.4355,NaN
NaN,NaN,NaN,NaN,0.157610529868377,0.219286657859974,NaN,NaN
0.575757575757576,NaN,NaN,NaN,NaN,NaN,0.295,NaN
NaN,NaN,0.143497757847534,NaN,0.34694566317921,NaN,0.342,NaN
NaN,NaN,0.103139013452915,NaN,NaN,NaN,NaN,0.461538461538462
NaN,NaN,NaN,0.316903914590747,NaN,NaN,NaN,NaN
0.833333333333333,NaN,NaN,NaN,NaN,NaN,NaN,NaN
0.78030303030303,NaN,0.161434977578475,0.499822064056939,0.382382720215997,NaN,0.3855,0.269230769230769
0.742424242424243,0.722222222222222,NaN,NaN,0.376645291933851,0.376486129458388,0.381,NaN
0.628787878787879,NaN,NaN,0.318327402135231,NaN,NaN,NaN,0.423076923076923
NaN,0.564814814814815,NaN,0.223843416370107,NaN,NaN,0.215,NaN
0.507575757575758,0.509259259259259,NaN,NaN,0.211609854876814,NaN,NaN,NaN
0.590909090909091,NaN,NaN,0.255516014234875,0.184272696591293,NaN,0.2135,NaN
NaN,NaN,0.103139013452915,0.160142348754448,NaN,0.134081902245707,0.13,0.192307692307692
0.454545454545455,NaN,0.0852017937219731,NaN,NaN,NaN,0.12,NaN
0.416666666666667,NaN,NaN,0.13202846975089,NaN,0.136723910171731,0.105,NaN
NaN,NaN,0.161434977578475,NaN,NaN,0.349405548216645,NaN,NaN
NaN,NaN,0.112107623318386,0.229181494661922,0.163347958150523,NaN,0.155,NaN
NaN,0.657407407407407,NaN,NaN,NaN,NaN,NaN,NaN
NaN,0.657407407407407,0.130044843049327,0.361565836298932,0.287208909888626,NaN,NaN,NaN
0.424242424242424,NaN,NaN,NaN,NaN,NaN,NaN,NaN
NaN,0.685185185185185,0.134529147982063,NaN,NaN,NaN,NaN,NaN
0.325757575757576,NaN,0.0762331838565023,0.0756227758007118,NaN,NaN,0.076,0.269230769230769
0.666666666666667,NaN,NaN,NaN,NaN,NaN,NaN,NaN
NaN,0.787037037037037,NaN,0.565302491103203,NaN,0.558124174372523,0.448,0.423076923076923
NaN,0.851851851851852,NaN,0.717615658362989,NaN,NaN,NaN,0.538461538461539
0.53030303030303,0.509259259259259,NaN,0.213701067615658,NaN,NaN,NaN,NaN
0.446969696969697,NaN,0.0986547085201794,NaN,0.132973337833277,NaN,NaN,NaN
NaN,0.703703703703704,0.134529147982063,NaN,NaN,NaN,NaN,0.269230769230769
NaN,0.555555555555555,NaN,0.241281138790036,NaN,NaN,0.205,NaN
NaN,NaN,0.103139013452915,NaN,0.137698278771515,0.152575957727873,0.16,0.269230769230769
0.598484848484849,NaN,NaN,0.297508896797153,0.239959500506244,NaN,0.265,NaN
0.560606060606061,0.583333333333333,0.0941704035874439,NaN,NaN,NaN,NaN,NaN
NaN,NaN,NaN,0.318683274021352,NaN,NaN,0.273,NaN
NaN,NaN,0.130044843049327,NaN,NaN,NaN,NaN,0.192307692307692
NaN,NaN,0.116591928251121,NaN,NaN,NaN,NaN,0.346153846153846
NaN,NaN,0.112107623318386,NaN,NaN,0.194187582562748,0.207,NaN
0.696969696969697,0.685185185185185,NaN,0.392348754448399,NaN,NaN,NaN,NaN
NaN,0.611111111111111,NaN,NaN,NaN,NaN,NaN,0.192307692307692
NaN,0.5,NaN,NaN,NaN,NaN,0.1465,0.192307692307692
NaN,NaN,NaN,NaN,NaN,0.144649933949802,0.139,0.307692307692308
NaN,NaN,NaN,NaN,0.125548430644617,0.169749009247028,0.1635,NaN
NaN,0.833333333333333,0.161434977578475,0.586654804270463,NaN,NaN,NaN,0.307692307692308
NaN,NaN,0.139013452914798,NaN,NaN,NaN,NaN,NaN
NaN,NaN,NaN,NaN,0.512993587580155,0.426023778071334,0.4635,0.346153846153846
NaN,NaN,0.134529147982063,0.403024911032028,0.295308808639892,0.278731836195509,0.365,NaN
0.325757575757576,NaN,NaN,0.0706405693950178,0.0563617954775565,0.0634081902245707,0.065,0.115384615384615
NaN,NaN,0.161434977578475,0.288612099644128,NaN,0.224570673712021,NaN,0.230769230769231
0.696969696969697,0.675925925925926,0.125560538116592,NaN,0.322308471144111,0.275429326287979,NaN,NaN
NaN,NaN,NaN,0.377580071174377,NaN,NaN,NaN,0.384615384615385
NaN,NaN,0.116591928251121,NaN,0.218022274721566,NaN,0.198,NaN
NaN,NaN,NaN,NaN,NaN,0.508586525759577,0.41,NaN
0.674242424242424,0.685185185185185,NaN,0.373309608540925,NaN,0.320343461030383,NaN,NaN
NaN,NaN,NaN,NaN,0.162672966587918,0.165125495376486,NaN,0.423076923076923
NaN,NaN,NaN,NaN,NaN,NaN,0.215,NaN
NaN,0.648148148148148,NaN,NaN,NaN,0.269484808454425,0.2935,NaN
0.696969696969697,0.675925925925926,0.143497757847534,0.419395017793594,NaN,NaN,NaN,NaN
NaN,NaN,NaN,NaN,NaN,0.1221928665786,0.13,0.192307692307692
NaN,NaN,0.134529147982063,0.437010676156584,NaN,NaN,0.367,NaN
0.840909090909091,0.824074074074074,NaN,0.756049822064057,NaN,0.488110964332893,0.429,NaN
NaN,NaN,NaN,NaN,NaN,NaN,0.72,0.692307692307692
0.742424242424243,NaN,0.130044843049327,0.436298932384342,NaN,NaN,0.31,0.230769230769231
NaN,NaN,NaN,0.167437722419929,NaN,0.132760898282695,NaN,NaN
0.75,NaN,NaN,0.61797153024911,NaN,NaN,NaN,NaN
NaN,NaN,0.134529147982063,0.373487544483986,0.33209584880189,NaN,0.2765,NaN
0.893939393939394,NaN,NaN,NaN,0.776240296996288,NaN,NaN,NaN
NaN,NaN,NaN,0.301245551601424,NaN,0.197490092470277,NaN,0.423076923076923
NaN,NaN,NaN,NaN,NaN,0.511889035667107,NaN,0.269230769230769
NaN,NaN,NaN,NaN,0.479244009449882,NaN,0.4665,0.346153846153846
NaN,0.731481481481481,NaN,NaN,0.452919338508269,NaN,NaN,NaN
NaN,NaN,NaN,NaN,0.610867364157948,0.560105680317041,0.441,0.269230769230769
NaN,NaN,NaN,1,NaN,NaN,NaN,NaN
0.689393939393939,0.712962962962963,0.152466367713004,0.404804270462633,NaN,0.379788639365918,NaN,0.192307692307692
0.5,NaN,NaN,NaN,NaN,NaN,NaN,NaN
NaN,0.657407407407407,NaN,NaN,NaN,NaN,NaN,NaN
NaN,NaN,0.116591928251121,NaN,NaN,NaN,NaN,NaN
0.46969696969697,NaN,NaN,NaN,NaN,NaN,0.185,NaN
NaN,NaN,NaN,NaN,NaN,NaN,0.385,NaN
0.53030303030303,0.509259259259259,0.121076233183857,0.222775800711744,NaN,0.196829590488771,NaN,NaN
NaN,NaN,NaN,NaN,NaN,0.308454425363276,0.26,0.230769230769231
NaN,0.722222222222222,NaN,0.352135231316726,NaN,NaN,NaN,NaN
NaN,0.75,NaN,NaN,NaN,NaN,0.34,0.307692307692308
0.484848484848485,NaN,0.0896860986547085,0.155338078291815,NaN,NaN,0.15,NaN
NaN,NaN,NaN,NaN,NaN,NaN,NaN,NaN
0.734848484848485,NaN,0.143497757847534,0.55355871886121,0.418832264596693,0.354029062087186,NaN,NaN
0.704545454545455,NaN,NaN,NaN,0.326020924738441,0.313077939233818,NaN,NaN
NaN,NaN,NaN,NaN,NaN,NaN,0.29,NaN
NaN,NaN,0.134529147982063,NaN,NaN,NaN,NaN,NaN
0.712121212121212,0.675925925925926,0.143497757847534,0.401423487544484,NaN,NaN,0.344,NaN
0.446969696969697,NaN,0.134529147982063,NaN,NaN,NaN,0.26,NaN
0.568181818181818,0.555555555555555,NaN,0.249110320284698,0.184947688153898,0.218626155878468,NaN,NaN
0.287878787878788,0.268518518518519,0.0672645739910314,NaN,NaN,0.0350066050198151,0.058,0.230769230769231
NaN,NaN,NaN,NaN,NaN,NaN,0.11,0.230769230769231
0.757575757575758,0.759259259259259,NaN,NaN,NaN,0.506605019815059,0.378,NaN
NaN,NaN,NaN,NaN,NaN,0.410171730515192,0.464,NaN
0.742424242424243,0.740740740740741,0.15695067264574,0.519217081850534,0.403982450219372,0.451783355350066,NaN,NaN
NaN,NaN,0.121076233183857,NaN,NaN,NaN,NaN,NaN
0.621212121212121,0.601851851851852,0.121076233183857,NaN,0.386770165372933,NaN,NaN,0.192307692307692
0.727272727272727,0.712962962962963,NaN,NaN,NaN,NaN,0.365,0.307692307692308
NaN,0.759259259259259,0.161434977578475,NaN,0.460681741478232,NaN,0.427,0.307692307692308
0.613636363636364,0.592592592592593,0.121076233183857,0.308540925266904,0.229497131285859,0.223249669749009,NaN,NaN
NaN,0.314814814814815,NaN,0.0891459074733096,NaN,0.083223249669749,0.085,0.346153846153846
NaN,0.601851851851852,NaN,NaN,NaN,NaN,NaN,NaN
NaN,NaN,NaN,NaN,NaN,NaN,NaN,NaN
0.818181818181818,NaN,NaN,0.648754448398577,NaN,NaN,NaN,NaN
NaN,NaN,0.0807174887892377,0.140925266903915,NaN,NaN,NaN,0.153846153846154
NaN,0.583333333333333,NaN,NaN,NaN,0.221268163804491,0.19,0.192307692307692
0.856060606060606,NaN,NaN,NaN,0.605467431657104,NaN,NaN,NaN
NaN,NaN,0.116591928251121,NaN,NaN,NaN,0.285,NaN
NaN,NaN,NaN,NaN,NaN,NaN,NaN,NaN
0.765151515151515,0.777777777777778,NaN,NaN,NaN,0.35336856010568,NaN,0.307692307692308
0.628787878787879,0.574074074074074,0.112107623318386,NaN,NaN,NaN,NaN,NaN
0.598484848484849,NaN,NaN,NaN,0.218359770502869,NaN,NaN,0.230769230769231
NaN,0.398148148148148,NaN,0.152846975088968,NaN,0.127476882430647,NaN,NaN
NaN,NaN,0.121076233183857,NaN,0.346270671616605,NaN,0.287,NaN
NaN,0.722222222222222,0.143497757847534,0.447508896797153,NaN,NaN,NaN,0.230769230769231
0.560606060606061,0.592592592592593,0.10762331838565,0.294661921708185,NaN,0.233817701453104,NaN,NaN
NaN,0.638888888888889,0.125560538116592,0.327402135231317,0.279784002699966,NaN,NaN,NaN
NaN,NaN,NaN,NaN,0.188997637529531,NaN,NaN,NaN
NaN,0.657407407407407,0.125560538116592,0.359608540925267,0.309146135673304,NaN,NaN,0.346153846153846
NaN,NaN,NaN,NaN,NaN,NaN,NaN,0.346153846153846
NaN,0.175925925925926,NaN,0.0279359430604982,0.0182247721903476,NaN,NaN,NaN
NaN,NaN,0.0672645739910314,0.0638790035587189,0.0482618967262909,NaN,NaN,0.230769230769231
NaN,0.648148148148148,NaN,NaN,NaN,NaN,NaN,NaN
NaN,NaN,0.152466367713004,NaN,NaN,NaN,0.3205,0.307692307692308
NaN,0.62962962962963,NaN,0.353736654804271,0.297333783327708,NaN,0.2595,0.230769230769231
0.659090909090909,NaN,NaN,0.298042704626335,NaN,NaN,0.24,NaN
0.704545454545455,NaN,0.134529147982063,NaN,NaN,0.310435931307794,NaN,0.384615384615385
NaN,0.703703703703704,NaN,0.390213523131673,0.309483631454607,NaN,0.336,0.269230769230769
0.507575757575758,0.527777777777778,0.10762331838565,0.191814946619217,0.139385757678029,NaN,NaN,NaN
0.492424242424242,NaN,NaN,0.17491103202847,0.124873439082011,NaN,NaN,NaN
NaN,NaN,NaN,0.25729537366548,NaN,0.196829590488771,0.21,NaN
NaN,NaN,NaN,NaN,0.406682416469794,NaN,NaN,0.269230769230769
NaN,0.75,0.147982062780269,0.536476868327402,0.360107998650017,NaN,NaN,NaN
NaN,NaN,0.112107623318386,0.376156583629893,0.326020924738441,0.299207397622193,NaN,NaN
0.871212121212121,0.87037037037037,NaN,NaN,NaN,0.57001321003963,0.515,0.307692307692308
0.659090909090909,NaN,0.125560538116592,NaN,0.301721228484644,0.317701453104359,0.305,0.230769230769231
0.78030303030303,NaN,0.165919282511211,0.446085409252669,0.384407694903814,0.390356671070013,NaN,NaN
NaN,NaN,NaN,0.154982206405694,NaN,0.0891677675033025,NaN,0.5
NaN,NaN,0.15695067264574,NaN,0.396220047249409,0.358652575957728,NaN,NaN
NaN,NaN,NaN,0.459608540925267,NaN,NaN,0.261,NaN
0.636363636363636,0.62962962962963,NaN,0.273843416370107,NaN,0.250990752972259,NaN,0.230769230769231
0.515151515151515,0.518518518518518,NaN,NaN,0.217347283158961,NaN,NaN,NaN
NaN,NaN,NaN,NaN,NaN,NaN,0.26,0.269230769230769
NaN,NaN,0.143497757847534,NaN,NaN,NaN,0.348,0.307692307692308
NaN,0.574074074074074,0.130044843049327,NaN,NaN,NaN,0.2835,NaN
NaN,NaN,NaN,0.239679715302491,0.209247384407695,0.169749009247028,0.1905,0.153846153846154
NaN,0.740740740740741,NaN,NaN,NaN,0.295904887714663,0.31,0.423076923076923
0.303030303030303,NaN,0.062780269058296,0.0660142348754448,NaN,NaN,0.0645,NaN
NaN,0.648148148148148,0.121076233183857,0.35711743772242,NaN,NaN,NaN,0.153846153846154
NaN,0.787037037037037,0.161434977578475,NaN,NaN,0.508586525759577,0.475,0.423076923076923
0.643939393939394,0.611111111111111,NaN,NaN,NaN,0.260898282694848,NaN,NaN
0.666666666666667,0.666666666666667,NaN,NaN,NaN,NaN,NaN,NaN
NaN,0.648148148148148,0.103139013452915,0.246619217081851,NaN,0.188243064729194,0.2,NaN
0.590909090909091,0.555555555555555,NaN,0.305160142348754,NaN,0.254953764861295,NaN,0.576923076923077
0.636363636363636,0.601851851851852,0.103139013452915,0.354092526690391,NaN,NaN,NaN,NaN
0.636363636363636,NaN,NaN,NaN,NaN,NaN,NaN,NaN
NaN,0.5,NaN,NaN,NaN,0.182298546895641,0.225,0.346153846153846
NaN,0.861111111111111,NaN,NaN,NaN,NaN,0.597,0.346153846153846
NaN,NaN,0.152466367713004,0.538256227758007,NaN,0.395640686922061,0.436,NaN
NaN,NaN,0.125560538116592,NaN,0.413094836314546,NaN,0.36,0.230769230769231
0.734848484848485,NaN,0.143497757847534,NaN,NaN,0.407529722589168,0.365,NaN
NaN,0.62962962962963,0.134529147982063,0.310142348754448,NaN,NaN,0.244,NaN
NaN,NaN,0.103139013452915,NaN,NaN,NaN,0.125,NaN
0.590909090909091,0.546296296296296,0.143497757847534,0.343238434163701,0.170097873776578,NaN,0.375,0.576923076923077
0.643939393939394,NaN,0.10762331838565,0.332562277580071,NaN,NaN,NaN,NaN
NaN,NaN,NaN,NaN,NaN,0.186261558784676,NaN,0.230769230769231
NaN,NaN,0.147982062780269,NaN,0.319608504893689,NaN,NaN,0.576923076923077
NaN,0.648148148148148,NaN,0.322241992882562,NaN,NaN,0.285,0.384615384615385
NaN,NaN,0.165919282511211,NaN,0.50118123523456,0.553500660501982,NaN,0.307692307692308
NaN,0.62962962962963,0.112107623318386,NaN,NaN,NaN,NaN,0.346153846153846
0.659090909090909,0.666666666666667,NaN,NaN,0.235234559568005,NaN,0.245,NaN
NaN,0.694444444444444,NaN,NaN,0.234897063786703,0.205416116248349,0.234,NaN
0.590909090909091,NaN,NaN,NaN,0.193047586905164,0.200132100396301,NaN,NaN
NaN,0.740740740740741,NaN,0.433274021352313,0.395207559905501,NaN,0.317,NaN
0.651515151515151,0.62962962962963,NaN,0.344483985765125,0.322645966925413,0.315719947159841,NaN,0.230769230769231
NaN,NaN,NaN,NaN,0.760715491056362,0.577278731836195,NaN,0.307692307692308
0.742424242424243,NaN,0.139013452914798,0.416014234875445,0.319946000674992,NaN,0.35,0.384615384615385
NaN,0.555555555555555,NaN,NaN,NaN,0.285336856010568,NaN,NaN
0.651515151515151,NaN,NaN,0.299644128113879,0.229497131285859,NaN,NaN,NaN
0.78030303030303,0.796296296296296,NaN,NaN,NaN,NaN,NaN,NaN
NaN,0.675925925925926,0.143497757847534,0.389501779359431,NaN,0.334214002642008,NaN,NaN
0.666666666666667,NaN,0.134529147982063,NaN,0.321970975362808,0.369881109643329,0.405,NaN
0.704545454545455,0.666666666666667,NaN,NaN,NaN,NaN,NaN,NaN
NaN,NaN,NaN,NaN,NaN,NaN,NaN,NaN
0.636363636363636,NaN,0.0941704035874439,NaN,NaN,NaN,NaN,NaN
NaN,NaN,0.0807174887892377,0.143772241992883,0.126560917988525,0.128797886393659,NaN,NaN
NaN,NaN,NaN,NaN,NaN,0.266182298546896,0.245,NaN
NaN,0.62962962962963,NaN,NaN,NaN,0.197490092470277,NaN,NaN
NaN,NaN,NaN,NaN,NaN,NaN,NaN,NaN
NaN,0.675925925925926,NaN,NaN,0.319271009112386,NaN,NaN,0.269230769230769
NaN,0.740740740740741,NaN,NaN,NaN,NaN,NaN,NaN
0.704545454545455,NaN,NaN,0.397508896797153,0.348970637867027,NaN,0.2775,NaN
0.871212121212121,NaN,NaN,0.68576512455516,0.534930813364833,0.682298546895641,NaN,0.307692307692308
NaN,NaN,NaN,NaN,NaN,0.465653896961691,NaN,0.192307692307692
NaN,NaN,0.161434977578475,0.687900355871886,NaN,0.493394980184941,NaN,0.346153846153846
0.583333333333333,0.611111111111111,0.10762331838565,NaN,0.156598042524468,NaN,0.295,0.538461538461539
0.674242424242424,0.657407407407407,NaN,NaN,NaN,0.321003963011889,0.257,0.346153846153846
NaN,NaN,0.134529147982063,0.459786476868327,NaN,NaN,NaN,0.307692307692308
NaN,0.768518518518518,0.139013452914798,0.638434163701068,NaN,0.512549537648613,NaN,0.346153846153846
0.674242424242424,NaN,NaN,NaN,NaN,NaN,0.304,NaN
NaN,NaN,NaN,NaN,0.152885588930138,0.205416116248349,NaN,NaN
NaN,NaN,0.130044843049327,NaN,NaN,0.305812417437252,NaN,0.230769230769231
NaN,0.712962962962963,0.161434977578475,0.533451957295374,NaN,0.453104359313078,0.5145,0.461538461538462
NaN,0.648148148148148,NaN,0.356227758007117,0.327033412082349,0.287978863936592,NaN,NaN
NaN,NaN,0.139013452914798,0.603380782918149,NaN,0.461030383091149,NaN,NaN
NaN,0.583333333333333,0.0941704035874439,NaN,0.194397570030375,0.198150594451783,0.19,NaN
NaN,NaN,0.112107623318386,NaN,0.21599730003375,NaN,NaN,0.269230769230769
NaN,NaN,0.116591928251121,0.308185053380783,NaN,0.268163804491413,0.25,NaN
NaN,NaN,NaN,0.608718861209964,NaN,NaN,NaN,0.307692307692308
NaN,0.833333333333333,NaN,NaN,NaN,NaN,0.4475,NaN
NaN,0.555555555555555,NaN,NaN,0.256496793790078,NaN,0.29,0.461538461538462
0.727272727272727,NaN,NaN,0.411565836298932,NaN,NaN,NaN,NaN
NaN,NaN,NaN,NaN,NaN,NaN,0.035,0.0769230769230769
NaN,0.851851851851852,NaN,0.665302491103203,0.580492743840702,0.570673712021136,0.495,NaN
0.553030303030303,0.537037037037037,NaN,NaN,0.300371245359433,NaN,NaN,NaN
NaN,NaN,0.125560538116592,0.255338078291815,NaN,NaN,NaN,NaN
0.787878787878788,0.842592592592592,NaN,NaN,0.511643604454944,NaN,0.548,NaN
NaN,NaN,NaN,NaN,NaN,NaN,NaN,0.230769230769231
NaN,NaN,0.210762331838565,NaN,NaN,1,0.573,NaN
NaN,NaN,0.125560538116592,0.484341637010676,NaN,0.376486129458388,NaN,0.346153846153846
0.416666666666667,0.425925925925926,NaN,NaN,NaN,NaN,0.1355,NaN
0.386363636363636,0.398148148148148,0.0941704035874439,0.127758007117438,0.102261221734728,NaN,NaN,NaN
0.803030303030303,0.787037037037037,NaN,0.487188612099644,0.442119473506581,0.279392338177015,0.4025,0.269230769230769
NaN,0.166666666666667,0.0582959641255605,NaN,NaN,0.0277410832232497,0.025,0.0769230769230769
0.560606060606061,0.592592592592593,0.0986547085201794,0.283807829181495,NaN,NaN,NaN,NaN
NaN,0.75,0.134529147982063,0.431850533807829,0.336820789740128,NaN,NaN,0.269230769230769
0.727272727272727,NaN,0.139013452914798,0.429893238434164,NaN,0.354029062087186,0.349,0.230769230769231
0.825757575757576,0.805555555555556,0.103139013452915,NaN,NaN,NaN,NaN,NaN
NaN,NaN,0.121076233183857,NaN,0.303408707391158,NaN,0.25,NaN
NaN,0.731481481481481,0.152466367713004,0.406049822064057,NaN,0.313738441215324,NaN,0.269230769230769
0.848484848484849,0.814814814814815,NaN,NaN,0.628754640566993,NaN,0.435,0.307692307692308
NaN,0.601851851851852,0.139013452914798,NaN,NaN,NaN,0.2655,NaN
NaN,0.574074074074074,NaN,NaN,NaN,NaN,NaN,NaN
0.734848484848485,NaN,0.125560538116592,NaN,NaN,0.346763540290621,NaN,NaN
NaN,0.648148148148148,NaN,NaN,0.296996287546406,0.268824306472919,0.24,NaN
NaN,NaN,NaN,0.483807829181495,NaN,0.50330250990753,0.3935,0.269230769230769
0.575757575757576,0.537037037037037,0.10762331838565,NaN,NaN,NaN,NaN,0.192307692307692
NaN,0.62962962962963,NaN,0.279003558718861,NaN,NaN,NaN,NaN
NaN,NaN,0.0762331838565023,NaN,NaN,0.0746367239101717,NaN,NaN
0.553030303030303,NaN,0.134529147982063,NaN,NaN,NaN,0.315,NaN
NaN,0.453703703703704,NaN,NaN,NaN,NaN,NaN,0.230769230769231
NaN,0.444444444444444,NaN,NaN,0.121835977050287,NaN,0.175,0.307692307692308
0.484848484848485,0.472222222222222,NaN,NaN,NaN,NaN,0.1425,NaN
NaN,0.638888888888889,0.130044843049327,NaN,NaN,0.297225891677675,NaN,0.384615384615385
0.856060606060606,0.842592592592592,NaN,0.630427046263345,NaN,0.504623513870542,NaN,0.307692307692308
NaN,NaN,NaN,0.437366548042705,NaN,NaN,NaN,NaN
NaN,NaN,0.125560538116592,0.442526690391459,NaN,NaN,NaN,0.384615384615385
NaN,NaN,NaN,0.229893238434164,NaN,NaN,0.15,NaN
NaN,NaN,0.147982062780269,NaN,0.365170435369558,NaN,NaN,0.269230769230769
0.371212121212121,NaN,0.103139013452915,NaN,0.0604117448531893,0.0852047556142669,NaN,NaN
0.613636363636364,NaN,NaN,0.310320284697509,NaN,NaN,NaN,0.230769230769231
NaN,NaN,0.134529147982063,NaN,0.296996287546406,NaN,NaN,0.269230769230769
NaN,0.611111111111111,NaN,NaN,NaN,0.19550858652576,NaN,NaN
NaN,NaN,0.0941704035874439,NaN,0.166047924400945,0.155217965653897,NaN,0.269230769230769
NaN,0.472222222222222,NaN,NaN,0.131960850489369,NaN,NaN,0.5
NaN,0.648148148148148,0.130044843049327,NaN,0.358758015524806,0.287978863936592,NaN,NaN
0.560606060606061,NaN,0.103139013452915,0.23914590747331,NaN,0.193527080581242,NaN,0.230769230769231
0.598484848484849,0.657407407407407,NaN,NaN,0.214647316908539,0.266842800528402,NaN,0.923076923076923
0.643939393939394,0.583333333333333,NaN,NaN,0.239622004724941,0.324966974900925,NaN,0.269230769230769
NaN,NaN,0.116591928251121,0.414768683274021,0.4444819439757,0.298546895640687,NaN,0.269230769230769
NaN,0.722222222222222,0.134529147982063,NaN,0.322983462706716,0.284015852047556,0.36,0.346153846153846
NaN,NaN,NaN,NaN,NaN,NaN,0.327,0.230769230769231
NaN,NaN,NaN,0.308718861209964,NaN,0.264861294583884,0.255,0.307692307692308
NaN,NaN,0.147982062780269,0.46067615658363,0.329733378332771,NaN,NaN,NaN
NaN,0.648148148148148,NaN,NaN,NaN,0.357992073976222,0.285,NaN
0.742424242424243,NaN,0.179372197309417,0.533274021352313,NaN,NaN,NaN,NaN
NaN,NaN,NaN,NaN,0.415119811002363,0.488110964332893,NaN,0.307692307692308
NaN,NaN,NaN,NaN,NaN,NaN,NaN,0.192307692307692
NaN,0.675925925925926,NaN,NaN,0.322983462706716,NaN,NaN,NaN
0.613636363636364,0.62962962962963,0.143497757847534,NaN,0.254471819102261,NaN,NaN,NaN
NaN,0.509259259259259,NaN,0.200355871886121,NaN,0.207397622192867,0.135,NaN
0.674242424242424,0.712962962962963,NaN,NaN,NaN,NaN,NaN,0.884615384615385
NaN,NaN,NaN,NaN,NaN,0.343461030383091,0.425,0.346153846153846
0.325757575757576,NaN,NaN,NaN,0.0583867701653729,NaN,NaN,NaN
NaN,0.666666666666667,NaN,NaN,0.279446506918664,NaN,NaN,NaN
0.840909090909091,NaN,NaN,NaN,0.358420519743503,0.498018494055482,NaN,NaN
NaN,NaN,0.130044843049327,NaN,NaN,NaN,0.304,NaN
0.848484848484849,NaN,NaN,0.777224199288256,0.484643941950726,NaN,NaN,0.538461538461539
0.636363636363636,NaN,NaN,NaN,NaN,0.218626155878468,0.265,NaN
0.787878787878788,0.814814814814815,0.15695067264574,NaN,NaN,NaN,NaN,0.384615384615385
0.681818181818182,0.703703703703704,NaN,0.398220640569395,NaN,NaN,NaN,NaN
NaN,NaN,NaN,NaN,NaN,0.210700132100396,0.269,NaN
NaN,NaN,NaN,0.560498220640569,0.429294633817077,0.388375165125495,NaN,NaN
0.621212121212121,NaN,NaN,NaN,NaN,NaN,0.27,NaN
NaN,0.648148148148148,0.139013452914798,0.395551601423488,0.35673304083699,NaN,NaN,NaN
0.5,0.527777777777778,NaN,NaN,NaN,NaN,NaN,NaN
NaN,NaN,NaN,NaN,NaN,NaN,NaN,NaN
0.712121212121212,NaN,NaN,0.424555160142349,NaN,NaN,0.406,0.307692307692308
NaN,NaN,NaN,NaN,0.306446169422882,0.369220607661823,NaN,0.346153846153846
NaN,NaN,NaN,0.311743772241993,NaN,0.229854689564069,0.245,NaN
NaN,NaN,0.121076233183857,NaN,0.308471144110699,NaN,0.395,NaN
NaN,0.796296296296296,NaN,NaN,0.448531893351333,NaN,NaN,NaN
0.575757575757576,NaN,NaN,0.237722419928826,NaN,NaN,NaN,NaN
0.553030303030303,NaN,0.121076233183857,NaN,0.239622004724941,0.241743725231176,NaN,NaN
0.515151515151515,NaN,0.10762331838565,NaN,0.179210259871752,NaN,0.139,NaN
NaN,NaN,NaN,NaN,NaN,NaN,0.215,NaN
NaN,0.296296296296296,0.10762331838565,0.206939501779359,NaN,0.169088507265522,0.1625,NaN
NaN,NaN,0.139013452914798,0.385231316725979,NaN,NaN,NaN,0.653846153846154
0.628787878787879,NaN,NaN,0.306761565836299,NaN,NaN,NaN,NaN
NaN,0.648148148148148,NaN,NaN,NaN,NaN,NaN,NaN
0.590909090909091,0.611111111111111,NaN,NaN,NaN,NaN,NaN,0.346153846153846
NaN,NaN,NaN,0.302491103202847,0.286871414107324,0.211360634081902,NaN,0.269230769230769
0.734848484848485,0.740740740740741,NaN,NaN,NaN,NaN,NaN,0.192307692307692
0.704545454545455,NaN,NaN,NaN,0.381370232872089,0.3110964332893,NaN,0.269230769230769
NaN,0.953703703703704,NaN,0.885943060498221,NaN,NaN,NaN,0.307692307692308
0.560606060606061,NaN,NaN,0.289679715302491,0.157948025649679,0.237120211360634,0.27,NaN
0.643939393939394,NaN,NaN,NaN,0.259534255821802,NaN,0.27,NaN
NaN,NaN,0.10762331838565,0.268861209964413,NaN,0.235799207397622,0.1745,NaN
0.727272727272727,NaN,NaN,NaN,NaN,NaN,0.385,NaN
NaN,NaN,NaN,0.311921708185053,NaN,0.225891677675033,0.33,0.384615384615385
NaN,0.759259259259259,NaN,0.495195729537367,NaN,NaN,NaN,NaN
NaN,0.203703703703704,0.0493273542600897,0.054982206405694,0.04691191360108,NaN,NaN,NaN
NaN,0.731481481481481,0.134529147982063,NaN,NaN,NaN,NaN,NaN
NaN,NaN,0.121076233183857,NaN,NaN,NaN,0.29,NaN
0.507575757575758,0.657407407407407,NaN,0.180427046263345,0.154235572055349,0.16776750330251,NaN,NaN
NaN,NaN,NaN,NaN,NaN,NaN,0.33,NaN
NaN,0.712962962962963,0.197309417040359,0.480604982206406,NaN,0.285336856010568,NaN,NaN
0.71969696969697,NaN,0.152466367713004,NaN,NaN,NaN,NaN,NaN
NaN,NaN,0.0986547085201794,NaN,0.139048261896726,0.232496697490092,NaN,NaN
NaN,NaN,NaN,0.427580071174377,NaN,NaN,NaN,NaN
NaN,NaN,0.143497757847534,0.389679715302491,NaN,0.350066050198151,NaN,NaN
NaN,NaN,0.134529147982063,NaN,0.42220722240972,0.447159841479524,NaN,0.269230769230769
0.78030303030303,NaN,NaN,0.588434163701068,NaN,NaN,NaN,NaN
NaN,NaN,NaN,0.217437722419929,0.170435369557881,0.186922060766182,NaN,NaN
0.522727272727273,NaN,0.0941704035874439,NaN,0.179885251434357,NaN,NaN,NaN
NaN,0.546296296296296,NaN,NaN,NaN,NaN,NaN,NaN
NaN,NaN,NaN,NaN,0.365507931150861,NaN,NaN,NaN
0.484848484848485,NaN,NaN,NaN,NaN,NaN,0.17,NaN
0.265151515151515,NaN,NaN,NaN,NaN,NaN,NaN,NaN
0.537878787878788,NaN,NaN,NaN,NaN,0.175033025099075,NaN,NaN
NaN,NaN,0.130044843049327,0.46085409252669,0.385082686466419,0.433949801849406,0.35,NaN
0.712121212121212,NaN,0.125560538116592,NaN,0.30610867364158,NaN,NaN,NaN
NaN,0.722222222222222,NaN,0.489679715302491,NaN,NaN,NaN,NaN
0.659090909090909,NaN,NaN,NaN,0.253796827539656,NaN,NaN,NaN
0.643939393939394,NaN,NaN,NaN,0.323658454269322,0.235799207397622,NaN,NaN
NaN,0.537037037037037,NaN,NaN,0.190010124873439,NaN,NaN,NaN
NaN,0.814814814814815,0.165919282511211,NaN,0.590955113061087,NaN,NaN,NaN
NaN,0.675925925925926,NaN,NaN,NaN,0.298546895640687,0.345,NaN
0.575757575757576,NaN,NaN,NaN,0.179547755653054,0.221928665785997,0.2,NaN
NaN,NaN,0.10762331838565,0.211743772241993,NaN,NaN,0.23,0.423076923076923
NaN,NaN,NaN,0.299466192170819,NaN,NaN,0.2075,NaN
NaN,NaN,0.165919282511211,NaN,0.598380020249747,0.526420079260238,NaN,NaN
0.712121212121212,0.703703703703704,NaN,0.468683274021352,NaN,NaN,0.4,NaN
NaN,0.796296296296296,NaN,0.630960854092527,NaN,0.535006605019815,NaN,0.384615384615385
0.742424242424243,NaN,NaN,0.454092526690392,NaN,0.398282694848085,0.325,NaN
0.560606060606061,0.564814814814815,NaN,0.290747330960854,NaN,0.218626155878468,NaN,NaN
0.659090909090909,0.564814814814815,NaN,0.307829181494662,NaN,0.305151915455746,NaN,0.307692307692308
NaN,NaN,NaN,NaN,0.386770165372933,0.407529722589168,NaN,NaN
0.659090909090909,NaN,NaN,NaN,0.320283496456294,0.302509907529723,NaN,NaN
0.575757575757576,0.546296296296296,0.0986547085201794,NaN,NaN,NaN,NaN,0.5
0.393939393939394,NaN,NaN,NaN,0.0904488693891326,NaN,0.105,0.230769230769231
0.704545454545455,0.740740740740741,0.121076233183857,NaN,NaN,0.375825627476882,NaN,NaN
0.689393939393939,NaN,NaN,NaN,0.259534255821802,0.281373844121532,0.415,NaN
0.651515151515151,NaN,NaN,NaN,0.36787040161998,0.290620871862616,NaN,NaN
0.659090909090909,NaN,NaN,0.443594306049822,0.379345258184273,NaN,NaN,0.230769230769231
NaN,0.759259259259259,0.143497757847534,NaN,NaN,NaN,NaN,NaN
NaN,NaN,NaN,0.430604982206406,NaN,NaN,0.3215,0.269230769230769
0.757575757575758,0.759259259259259,NaN,NaN,NaN,0.380449141347424,NaN,0.230769230769231
0.386363636363636,NaN,NaN,NaN,NaN,NaN,NaN,NaN
NaN,0.759259259259259,0.174887892376682,NaN,NaN,0.402906208718626,NaN,NaN
0.606060606060606,0.592592592592593,0.112107623318386,0.262989323843416,0.233547080661492,0.238441215323646,NaN,NaN
NaN,NaN,NaN,0.370462633451957,NaN,NaN,0.35,0.269230769230769
NaN,NaN,0.165919282511211,NaN,NaN,NaN,0.445,NaN
0.878787878787879,0.851851851851852,0.143497757847534,0.663523131672598,NaN,0.507265521796565,NaN,NaN
0.356060606060606,NaN,NaN,NaN,NaN,0.0752972258916777,NaN,NaN
0.621212121212121,NaN,0.143497757847534,0.393772241992883,NaN,NaN,0.37,0.653846153846154
0.757575757575758,0.759259259259259,0.165919282511211,NaN,NaN,NaN,0.461,0.230769230769231
0.613636363636364,0.564814814814815,0.103139013452915,0.265480427046263,NaN,0.220607661822985,0.1905,NaN
NaN,NaN,NaN,0.603024911032028,NaN,NaN,0.4275,0.192307692307692
NaN,NaN,NaN,0.416903914590747,NaN,NaN,0.305,NaN
NaN,0.694444444444444,0.170403587443946,NaN,0.257171785352683,NaN,NaN,NaN
NaN,NaN,NaN,NaN,0.417482281471482,0.347424042272127,0.4345,0.307692307692308
0.666666666666667,NaN,0.112107623318386,NaN,0.272021599730003,NaN,0.284,NaN
NaN,NaN,0.112107623318386,0.217615658362989,0.191697603779953,NaN,NaN,NaN
0.742424242424243,0.703703703703704,NaN,NaN,0.357070536618292,NaN,0.3115,0.230769230769231
0.598484848484849,0.62962962962963,NaN,NaN,NaN,NaN,NaN,NaN
0.568181818181818,NaN,NaN,NaN,NaN,NaN,0.1455,NaN
NaN,0.444444444444444,0.0807174887892377,NaN,NaN,NaN,0.13,NaN
NaN,NaN,0.062780269058296,0.054982206405694,NaN,NaN,NaN,NaN
NaN,NaN,NaN,NaN,NaN,NaN,0.163,NaN
0.651515151515151,NaN,NaN,NaN,NaN,NaN,0.285,0.230769230769231
0.712121212121212,NaN,NaN,NaN,0.405669929125886,NaN,NaN,NaN
0.560606060606061,NaN,0.134529147982063,NaN,0.187985150185623,0.181638044914135,0.28,NaN
0.46969696969697,NaN,0.0986547085201794,NaN,0.109686128923388,0.138044914134742,0.14,0.307692307692308
NaN,NaN,0.112107623318386,NaN,NaN,NaN,NaN,NaN
0.636363636363636,NaN,0.0941704035874439,0.3355871886121,NaN,0.219286657859974,NaN,NaN
0.431818181818182,NaN,NaN,NaN,0.0968612892338846,0.105019815059445,0.1465,NaN
NaN,0.712962962962963,0.139013452914798,NaN,NaN,0.494055482166447,NaN,NaN
0.628787878787879,0.657407407407407,0.125560538116592,0.304804270462633,0.214647316908539,0.311756935270806,NaN,0.423076923076923
NaN,0.425925925925926,NaN,NaN,NaN,NaN,NaN,NaN
NaN,0.546296296296296,0.121076233183857,0.206761565836299,0.166385420182248,NaN,0.18,NaN
NaN,0.777777777777778,0.139013452914798,NaN,NaN,NaN,NaN,0.230769230769231
NaN,NaN,NaN,0.138967971530249,0.10867364157948,NaN,0.13,0.269230769230769
0.583333333333333,0.675925925925926,0.125560538116592,NaN,0.261559230509619,NaN,0.255,NaN
NaN,0.675925925925926,NaN,NaN,NaN,NaN,0.315,NaN
0.734848484848485,NaN,NaN,NaN,NaN,NaN,NaN,NaN
NaN,NaN,0.125560538116592,NaN,0.238947013162335,NaN,NaN,NaN
NaN,NaN,NaN,NaN,NaN,0.345442536327609,0.29,0.230769230769231
NaN,NaN,NaN,NaN,NaN,NaN,NaN,0.269230769230769
NaN,0.62962962962963,NaN,0.434519572953737,NaN,NaN,0.303,NaN
0.174242424242424,0.166666666666667,NaN,0.0373665480427046,NaN,NaN,NaN,NaN
NaN,NaN,0.143497757847534,0.444483985765125,NaN,NaN,NaN,NaN
NaN,NaN,NaN,NaN,0.483631454606817,NaN,0.4895,NaN
NaN,0.62962962962963,0.10762331838565,0.272241992882562,0.221397232534593,0.240422721268164,NaN,0.192307692307692
0.666666666666667,NaN,NaN,NaN,NaN,0.272787318361955,NaN,NaN
NaN,NaN,0.130044843049327,0.358718861209964,0.28518393520081,NaN,NaN,0.269230769230769
NaN,0.592592592592593,0.121076233183857,0.293416370106762,0.262234222072224,0.253632760898283,NaN,NaN
0.613636363636364,NaN,NaN,NaN,0.199797502531218,NaN,0.28,0.423076923076923
0.287878787878788,NaN,NaN,0.0645907473309609,0.040499493756328,NaN,NaN,NaN
NaN,0.75,NaN,0.483096085409253,NaN,0.441875825627477,NaN,NaN
0.674242424242424,0.657407407407407,0.147982062780269,0.419039145907473,0.342895713803577,NaN,NaN,0.192307692307692
0.522727272727273,NaN,NaN,NaN,NaN,0.0904887714663144,0.201,NaN
NaN,NaN,NaN,0.472597864768683,0.439082011474857,0.388375165125495,0.35,0.346153846153846
NaN,NaN,NaN,NaN,NaN,NaN,NaN,0.346153846153846
0.818181818181818,0.805555555555556,0.152466367713004,NaN,0.444144448194398,NaN,0.4455,NaN
0.545454545454546,NaN,NaN,0.263701067615658,NaN,NaN,NaN,NaN
NaN,NaN,NaN,0.280071174377224,NaN,0.209379128137384,NaN,NaN
0.553030303030303,NaN,NaN,0.268505338078292,0.173135335808302,0.203434610303831,NaN,0.307692307692308
0.553030303030303,NaN,0.116591928251121,NaN,NaN,0.239762219286658,0.18,0.230769230769231
NaN,NaN,0.134529147982063,NaN,0.391832602092474,0.28335535006605,NaN,NaN
0.75,NaN,NaN,0.405516014234875,NaN,NaN,NaN,0.346153846153846
NaN,0.722222222222222,0.161434977578475,0.493060498220641,0.411744853189335,0.460369881109643,0.3675,0.269230769230769
NaN,0.675925925925926,0.121076233183857,0.390747330960854,NaN,NaN,NaN,NaN
0.606060606060606,NaN,0.10762331838565,NaN,NaN,0.205416116248349,0.285,NaN
NaN,0.703703703703704,NaN,NaN,0.27033412082349,0.291941875825627,NaN,NaN
NaN,NaN,NaN,NaN,NaN,0.145310435931308,0.115,0.192307692307692
NaN,0.703703703703704,0.139013452914798,0.412455516014235,NaN,0.35667107001321,NaN,NaN
NaN,NaN,NaN,NaN,NaN,0.211360634081902,NaN,NaN
NaN,NaN,NaN,NaN,NaN,0.581902245706737,NaN,NaN
0.484848484848485,0.518518518518518,NaN,NaN,NaN,0.148612945838838,0.165,NaN
NaN,NaN,NaN,0.243060498220641,NaN,0.210700132100396,0.21,NaN
0.727272727272727,0.712962962962963,0.125560538116592,0.479715302491103,0.389132635842052,0.390356671070013,NaN,NaN
NaN,NaN,NaN,NaN,NaN,NaN,NaN,0.461538461538462
NaN,NaN,NaN,0.201067615658363,NaN,NaN,NaN,NaN
0.643939393939394,NaN,NaN,NaN,NaN,NaN,0.28,NaN
0.666666666666667,0.675925925925926,NaN,NaN,NaN,0.293262879788639,NaN,0.653846153846154
0.674242424242424,NaN,NaN,NaN,NaN,0.549537648612946,NaN,NaN
0.674242424242424,NaN,NaN,NaN,NaN,NaN,NaN,NaN
0.477272727272727,NaN,NaN,NaN,NaN,NaN,NaN,NaN
NaN,NaN,0.10762331838565,NaN,NaN,NaN,NaN,NaN
NaN,NaN,NaN,0.466370106761566,NaN,0.342800528401585,0.435,NaN
NaN,NaN,NaN,NaN,NaN,0.333553500660502,NaN,0.384615384615385
NaN,NaN,NaN,NaN,0.256496793790078,NaN,NaN,NaN
NaN,NaN,NaN,0.776690391459075,NaN,NaN,NaN,NaN
0.666666666666667,NaN,NaN,NaN,NaN,NaN,NaN,NaN
NaN,0.638888888888889,NaN,NaN,0.268984137698279,0.21664464993395,NaN,0.269230769230769
0.659090909090909,NaN,0.112107623318386,0.352846975088968,NaN,NaN,0.2875,0.230769230769231
NaN,NaN,0.0896860986547085,0.187010676156584,0.121160985487681,NaN,NaN,NaN
0.651515151515151,0.564814814814815,NaN,NaN,NaN,NaN,NaN,NaN
NaN,NaN,0.116591928251121,0.310142348754448,0.292946338170773,NaN,0.26,0.307692307692308
0.43939393939394,NaN,0.0852017937219731,0.151601423487544,NaN,0.132760898282695,0.1455,NaN
0.477272727272727,NaN,NaN,NaN,NaN,0.112945838837517,0.25,NaN
NaN,NaN,NaN,0.372419928825623,NaN,NaN,NaN,NaN
NaN,0.462962962962963,0.0807174887892377,0.162277580071174,0.132973337833277,NaN,NaN,0.230769230769231
NaN,NaN,NaN,NaN,NaN,NaN,NaN,NaN
0.666666666666667,NaN,0.121076233183857,NaN,NaN,NaN,NaN,0.307692307692308
NaN,NaN,0.116591928251121,0.208896797153025,NaN,NaN,0.205,0.307692307692308
NaN,0.75,0.143497757847534,NaN,NaN,0.50330250990753,NaN,NaN
NaN,0.490740740740741,NaN,0.235231316725979,NaN,NaN,NaN,NaN
0.78030303030303,NaN,NaN,NaN,0.345258184272697,0.468956406869221,NaN,NaN
NaN,NaN,0.10762331838565,NaN,NaN,0.166446499339498,NaN,0.5
NaN,NaN,NaN,0.230427046263345,NaN,0.177014531043593,0.195,NaN
NaN,0.694444444444444,0.143497757847534,0.45711743772242,NaN,NaN,0.455,0.769230769230769
NaN,0.444444444444444,0.0762331838565023,0.151957295373665,NaN,NaN,NaN,NaN
0.53030303030303,0.518518518518518,0.130044843049327,NaN,0.162672966587918,NaN,0.1585,NaN
NaN,NaN,0.152466367713004,0.568683274021352,NaN,0.529062087186262,NaN,0.307692307692308
NaN,NaN,0.0807174887892377,0.0734875444839858,0.0587242659466757,NaN,NaN,NaN
NaN,0.75,NaN,0.453202846975089,NaN,NaN,0.3265,0.230769230769231
NaN,NaN,0.152466367713004,NaN,NaN,NaN,NaN,NaN
NaN,0.694444444444444,0.116591928251121,NaN,NaN,NaN,NaN,0.423076923076923
NaN,0.685185185185185,NaN,0.418683274021352,0.404319946000675,NaN,0.28,0.230769230769231
NaN,0.675925925925926,NaN,NaN,0.254471819102261,0.290620871862616,0.374,NaN
0.613636363636364,NaN,NaN,0.306049822064057,0.29260884238947,0.255614266842801,NaN,NaN
0.689393939393939,NaN,0.139013452914798,NaN,NaN,NaN,NaN,NaN
NaN,NaN,NaN,0.324199288256228,NaN,0.204095112285337,0.37,NaN
NaN,NaN,0.0986547085201794,NaN,0.145460681741478,NaN,NaN,NaN
0.674242424242424,0.722222222222222,0.125560538116592,NaN,NaN,NaN,NaN,NaN
0.71969696969697,NaN,0.152466367713004,NaN,0.353358083023962,0.333553500660502,NaN,NaN
0.598484848484849,NaN,NaN,NaN,0.190347620654742,0.179656538969617,NaN,0.653846153846154
NaN,0.62037037037037,NaN,NaN,0.250421869726628,0.249009247027741,0.215,NaN
NaN,0.342592592592593,0.0762331838565023,0.0693950177935943,NaN,0.0653896961690885,NaN,NaN
NaN,NaN,0.130044843049327,0.332740213523132,0.327370907863652,NaN,0.223,NaN
NaN,NaN,0.134529147982063,NaN,0.290583867701654,NaN,NaN,NaN
NaN,NaN,NaN,NaN,NaN,0.424042272126816,NaN,NaN
0.71969696969697,0.740740740740741,NaN,NaN,0.27404657441782,NaN,NaN,0.5
NaN,0.583333333333333,NaN,NaN,0.196085048936888,NaN,NaN,NaN
0.734848484848485,0.842592592592592,NaN,0.53576512455516,NaN,0.487450462351387,0.401,NaN
0.537878787878788,NaN,0.147982062780269,NaN,NaN,NaN,NaN,0.307692307692308
NaN,NaN,0.130044843049327,0.587900355871886,0.557880526493419,NaN,NaN,0.307692307692308
NaN,NaN,NaN,NaN,NaN,NaN,NaN,0.230769230769231
0.772727272727273,NaN,NaN,NaN,NaN,NaN,NaN,NaN
0.78030303030303,NaN,0.125560538116592,NaN,0.574755315558556,NaN,NaN,0.269230769230769
0.863636363636364,NaN,NaN,NaN,NaN,NaN,0.4,NaN
NaN,0.62962962962963,NaN,NaN,NaN,NaN,NaN,NaN
NaN,NaN,NaN,NaN,0.393520080998988,0.372523117569353,NaN,0.307692307692308
0.681818181818182,0.675925925925926,NaN,0.569572953736655,NaN,NaN,NaN,0.576923076923077
0.598484848484849,0.601851851851852,NaN,NaN,NaN,0.21334214002642,NaN,NaN
NaN,NaN,NaN,NaN,NaN,NaN,0.278,NaN
NaN,0.675925925925926,0.143497757847534,NaN,0.359770502868714,0.359313077939234,0.304,NaN
0.863636363636364,NaN,NaN,NaN,NaN,NaN,0.845,0.653846153846154
NaN,NaN,0.0852017937219731,0.398754448398576,NaN,0.249009247027741,0.2875,0.230769230769231
NaN,0.481481481481481,NaN,NaN,NaN,0.171730515191546,NaN,NaN
0.924242424242424,NaN,NaN,NaN,NaN,0.672391017173051,NaN,NaN
0.75,0.768518518518518,0.152466367713004,NaN,NaN,NaN,NaN,NaN
NaN,NaN,NaN,0.447686832740214,0.312183597705029,NaN,NaN,0.346153846153846
NaN,0.675925925925926,0.103139013452915,0.300355871886121,NaN,0.230515191545575,NaN,0.384615384615385
0.583333333333333,NaN,NaN,0.283274021352313,NaN,NaN,NaN,0.230769230769231
0.446969696969697,0.444444444444444,NaN,NaN,NaN,0.114927344782034,NaN,0.307692307692308
NaN,NaN,0.170403587443946,0.679537366548043,0.476881538980763,0.468956406869221,NaN,0.384615384615385
0.5,0.453703703703704,0.0941704035874439,NaN,NaN,NaN,NaN,0.269230769230769
0.651515151515151,NaN,NaN,NaN,NaN,NaN,NaN,NaN
NaN,0.833333333333333,NaN,0.756405693950178,0.434357070536618,NaN,1,NaN
0.825757575757576,0.833333333333333,NaN,0.585409252669039,NaN,0.428665785997358,NaN,NaN
0.863636363636364,NaN,NaN,NaN,0.718191022612217,NaN,0.72,NaN
NaN,NaN,0.10762331838565,NaN,0.130610867364158,NaN,NaN,NaN
NaN,NaN,0.152466367713004,NaN,0.548768140398245,NaN,0.432,0.269230769230769
NaN,NaN,NaN,0.223665480427046,0.187985150185623,NaN,NaN,0.307692307692308
NaN,NaN,0.130044843049327,NaN,NaN,NaN,0.248,NaN
0.43939393939394,NaN,NaN,0.149466192170818,NaN,0.140686922060766,NaN,0.115384615384615
0.628787878787879,NaN,0.143497757847534,NaN,NaN,NaN,NaN,NaN
NaN,NaN,0.125560538116592,0.366548042704626,NaN,NaN,NaN,0.269230769230769
0.651515151515151,NaN,0.125560538116592,NaN,0.290583867701654,0.28996036988111,NaN,NaN
0.598484848484849,NaN,NaN,0.270284697508897,NaN,NaN,0.255,NaN
NaN,NaN,0.130044843049327,0.227935943060498,0.161322983462707,0.221928665785997,0.2,NaN
NaN,0.657407407407407,0.134529147982063,NaN,NaN,NaN,NaN,0.384615384615385
NaN,NaN,NaN,NaN,0.153560580492744,NaN,NaN,NaN
NaN,NaN,NaN,NaN,NaN,NaN,0.245,NaN
0.757575757575758,0.787037037037037,NaN,NaN,NaN,0.470937912813738,0.455,0.384615384615385
NaN,NaN,NaN,NaN,0.20620992237597,NaN,NaN,0.538461538461539
0.553030303030303,NaN,NaN,0.247864768683274,0.18764765440432,NaN,0.22,NaN
NaN,NaN,NaN,0.277402135231317,0.224097198785015,NaN,NaN,NaN
NaN,NaN,NaN,0.186476868327402,NaN,NaN,NaN,NaN
0.515151515151515,0.564814814814815,0.134529147982063,0.26085409252669,0.173810327370908,NaN,NaN,NaN
NaN,NaN,NaN,NaN,0.221397232534593,NaN,NaN,0.423076923076923
0.651515151515151,NaN,NaN,0.441637010676157,NaN,NaN,NaN,NaN
NaN,0.703703703703704,NaN,0.494839857651246,NaN,NaN,0.505,0.846153846153846
NaN,0.601851851851852,NaN,NaN,0.226459669254134,NaN,NaN,0.384615384615385
NaN,0.648148148148148,NaN,NaN,NaN,NaN,0.222,NaN
0.712121212121212,0.759259259259259,0.147982062780269,0.476334519572954,NaN,0.459709379128137,NaN,0.307692307692308
0.696969696969697,0.675925925925926,NaN,0.363701067615658,NaN,0.303170409511229,0.278,NaN
NaN,0.712962962962963,0.130044843049327,0.390035587188612,NaN,NaN,NaN,0.307692307692308
0.340909090909091,NaN,0.0672645739910314,NaN,0.0998987512656092,0.095112285336856,0.09,NaN
NaN,NaN,NaN,0.21423487544484,NaN,0.183619550858653,NaN,NaN
NaN,0.638888888888889,NaN,NaN,NaN,0.279392338177015,NaN,NaN
0.772727272727273,NaN,NaN,0.77153024911032,NaN,0.512549537648613,NaN,NaN
0.840909090909091,NaN,NaN,NaN,NaN,NaN,0.561,NaN
NaN,NaN,NaN,NaN,0.125210934863314,NaN,NaN,0.384615384615385
0.46969696969697,NaN,0.0852017937219731,NaN,0.137360782990213,NaN,NaN,NaN
NaN,0.453703703703704,0.130044843049327,0.307473309608541,NaN,0.28005284015852,NaN,NaN
0.75,NaN,NaN,NaN,0.363482956463044,0.297225891677675,0.3005,0.230769230769231
NaN,0.703703703703704,NaN,0.45711743772242,0.344583192710091,NaN,0.305,0.423076923076923
NaN,NaN,0.0896860986547085,0.161921708185053,0.127573405332433,0.151915455746367,0.121,NaN
NaN,0.657407407407407,0.134529147982063,NaN,NaN,NaN,NaN,0.307692307692308
0.507575757575758,0.5,0.116591928251121,NaN,0.163685453931826,0.235138705416116,NaN,0.269230769230769
0.71969696969697,0.740740740740741,NaN,0.542170818505338,NaN,NaN,NaN,NaN
NaN,0.5,NaN,0.200533807829182,NaN,0.140686922060766,0.215,0.423076923076923
0.734848484848485,NaN,0.152466367713004,0.601957295373665,0.510631117111036,0.551519154557464,0.4385,0.307692307692308
0.522727272727273,NaN,0.134529147982063,NaN,NaN,NaN,0.28,NaN
0.75,NaN,NaN,0.541281138790036,0.458994262571718,0.469616908850727,NaN,0.307692307692308
0.287878787878788,NaN,0.0672645739910314,NaN,0.0479244009449882,0.0535006605019815,0.0715,0.269230769230769
NaN,0.722222222222222,NaN,NaN,NaN,NaN,0.365,NaN
0.636363636363636,NaN,NaN,0.30373665480427,NaN,0.256274768824306,0.233,0.230769230769231
NaN,NaN,0.121076233183857,0.304982206405694,0.25683428957138,NaN,NaN,NaN
NaN,NaN,0.170403587443946,0.617081850533808,NaN,0.554161162483487,0.475,NaN
NaN,NaN,0.147982062780269,NaN,0.388120148498144,NaN,NaN,0.269230769230769
NaN,0.638888888888889,0.134529147982063,0.37153024911032,NaN,0.285997357992074,NaN,NaN
NaN,0.481481481481481,0.0807174887892377,0.160498220640569,NaN,0.130118890356671,0.15,NaN
NaN,NaN,NaN,NaN,NaN,NaN,NaN,NaN
0.537878787878788,NaN,NaN,NaN,NaN,0.280713342140026,NaN,0.5
NaN,0.759259259259259,0.143497757847534,0.576690391459075,0.521430982112724,NaN,0.427,0.307692307692308
0.166666666666667,NaN,0.0448430493273543,0.0243772241992883,0.0185622679716504,0.00990752972258917,NaN,NaN
NaN,NaN,0.116591928251121,NaN,NaN,NaN,NaN,NaN
0.825757575757576,0.805555555555556,0.179372197309417,NaN,NaN,NaN,0.501,NaN
0.401515151515152,0.407407407407407,NaN,NaN,0.121160985487681,NaN,0.14,NaN
NaN,0.453703703703704,NaN,0.165302491103203,0.153560580492744,NaN,0.13,NaN
0.189393939393939,0.175925925925926,NaN,NaN,NaN,0.0336856010568032,NaN,0.0769230769230769
NaN,0.666666666666667,NaN,NaN,NaN,NaN,NaN,0.192307692307692
NaN,NaN,NaN,NaN,0.422544718191023,0.321664464993395,0.365,NaN
NaN,NaN,NaN,0.475622775800712,0.325008437394533,0.457067371202114,NaN,NaN
NaN,NaN,0.0986547085201794,0.359964412811388,0.259534255821802,NaN,NaN,NaN
NaN,0.444444444444444,NaN,0.322775800711744,NaN,0.257595772787318,0.268,0.230769230769231
NaN,0.296296296296296,0.0717488789237668,NaN,NaN,0.0640686922060766,NaN,NaN
NaN,NaN,NaN,0.363879003558719,0.331420857239284,NaN,NaN,0.230769230769231
NaN,0.768518518518518,NaN,0.461921708185053,NaN,NaN,0.4025,NaN
NaN,NaN,0.130044843049327,NaN,NaN,0.339498018494055,0.3585,0.346153846153846
0.689393939393939,0.666666666666667,NaN,NaN,NaN,0.363936591809775,0.289,NaN
0.727272727272727,0.740740740740741,NaN,NaN,0.35065811677354,NaN,0.4055,NaN
NaN,NaN,NaN,NaN,0.3827202159973,0.340819022457067,0.355,NaN
NaN,NaN,0.0807174887892377,NaN,0.0566992912588593,NaN,0.07,NaN
NaN,0.814814814814815,NaN,0.634341637010676,NaN,0.514531043593131,NaN,0.615384615384615
0.674242424242424,NaN,0.130044843049327,NaN,NaN,NaN,0.3,NaN
0.71969696969697,NaN,0.121076233183857,NaN,NaN,NaN,NaN,NaN
NaN,NaN,0.121076233183857,0.420284697508897,NaN,NaN,0.381,0.307692307692308
0.43939393939394,NaN,0.0986547085201794,0.156405693950178,NaN,0.144649933949802,NaN,0.230769230769231
NaN,0.601851851851852,0.130044843049327,0.282918149466192,NaN,NaN,NaN,0.269230769230769
0.507575757575758,NaN,NaN,NaN,NaN,NaN,NaN,0.307692307692308
NaN,NaN,NaN,NaN,NaN,NaN,NaN,NaN
NaN,NaN,0.112107623318386,NaN,0.363145460681742,0.282034346103038,NaN,NaN
0.75,0.740740740740741,NaN,NaN,NaN,NaN,NaN,NaN
0.568181818181818,0.546296296296296,NaN,NaN,NaN,0.208058124174373,NaN,NaN
NaN,NaN,0.134529147982063,NaN,NaN,0.340158520475561,NaN,NaN
0.568181818181818,NaN,NaN,0.288256227758007,NaN,0.26552179656539,NaN,NaN
NaN,0.638888888888889,0.161434977578475,NaN,0.633479581505231,NaN,NaN,0.230769230769231
NaN,NaN,0.116591928251121,0.296797153024911,0.280121498481269,NaN,NaN,0.192307692307692
NaN,NaN,0.0986547085201794,NaN,0.229834627067162,0.175693527080581,0.137,NaN
NaN,NaN,NaN,0.48202846975089,NaN,NaN,0.335,NaN
NaN,NaN,NaN,NaN,0.127573405332433,0.163804491413474,NaN,0.192307692307692
NaN,0.453703703703704,1,0.205871886120996,NaN,0.149273447820343,NaN,NaN
NaN,0.675925925925926,0.121076233183857,0.353024911032029,NaN,NaN,0.275,0.461538461538462
NaN,0.62037037037037,0.147982062780269,NaN,NaN,NaN,NaN,NaN
NaN,NaN,NaN,0.413879003558719,NaN,0.389035667107001,NaN,0.269230769230769
NaN,NaN,NaN,0.193772241992883,0.151535605804927,0.177014531043593,NaN,NaN
NaN,0.62962962962963,0.116591928251121,NaN,0.194735065811677,NaN,NaN,NaN
0.833333333333333,NaN,0.183856502242152,0.658540925266904,NaN,NaN,NaN,NaN
0.446969696969697,NaN,NaN,0.170818505338078,NaN,NaN,NaN,NaN
0.893939393939394,NaN,NaN,NaN,0.600404994937563,NaN,NaN,NaN
NaN,NaN,NaN,0.381494661921708,NaN,0.369881109643329,NaN,0.230769230769231
NaN,0.75,0.143497757847534,NaN,NaN,NaN,NaN,NaN
NaN,NaN,NaN,0.316903914590747,0.216334795815052,0.19220607661823,NaN,0.461538461538462
NaN,0.444444444444444,0.112107623318386,0.179003558718861,NaN,NaN,NaN,0.269230769230769
NaN,0.703703703703704,NaN,0.401957295373665,NaN,NaN,NaN,NaN
0.659090909090909,0.638888888888889,0.143497757847534,0.338256227758007,NaN,NaN,NaN,NaN
NaN,0.583333333333333,NaN,0.290391459074733,NaN,0.229194187582563,0.2115,NaN
NaN,NaN,NaN,0.366014234875445,NaN,NaN,NaN,0.230769230769231
NaN,0.518518518518518,NaN,NaN,NaN,0.16116248348745,NaN,0.346153846153846
0.666666666666667,NaN,0.125560538116592,0.364946619217082,NaN,0.274108322324967,NaN,0.423076923076923
NaN,NaN,0.10762331838565,NaN,0.175497806277422,NaN,NaN,NaN
NaN,NaN,0.161434977578475,NaN,NaN,NaN,0.511,0.346153846153846
NaN,NaN,0.125560538116592,0.391637010676157,NaN,NaN,0.335,NaN
NaN,NaN,NaN,NaN,0.0674991562605467,NaN,0.095,NaN
NaN,0.75,NaN,0.412099644128114,0.35065811677354,0.372523117569353,NaN,0.307692307692308
0.71969696969697,NaN,0.139013452914798,NaN,0.307121160985488,NaN,NaN,NaN
0.553030303030303,NaN,0.121076233183857,0.25355871886121,NaN,0.204095112285337,NaN,0.307692307692308
0.674242424242424,NaN,NaN,0.408718861209964,NaN,NaN,NaN,0.346153846153846
0.583333333333333,0.564814814814815,0.116591928251121,0.257829181494662,0.173472831589605,NaN,0.24,NaN
0.833333333333333,NaN,0.170403587443946,NaN,0.664866689166385,NaN,0.619,NaN
NaN,NaN,0.062780269058296,NaN,NaN,0.060105680317041,0.05,0.115384615384615
NaN,NaN,0.121076233183857,0.305160142348754,0.307796152548093,NaN,NaN,0.230769230769231
NaN,NaN,0.0986547085201794,0.154092526690391,NaN,0.130779392338177,NaN,NaN
0.628787878787879,NaN,0.139013452914798,0.316014234875445,NaN,NaN,NaN,0.153846153846154
NaN,0.740740740740741,NaN,NaN,NaN,NaN,NaN,NaN
0.446969696969697,NaN,0.0896860986547085,NaN,0.210259871751603,0.155878467635403,NaN,NaN
NaN,NaN,NaN,NaN,0.0971987850151873,0.120871862615588,0.13,NaN
NaN,0.518518518518518,0.103139013452915,NaN,NaN,NaN,0.1795,NaN
0.628787878787879,NaN,0.130044843049327,NaN,0.343908201147486,NaN,NaN,NaN
NaN,0.712962962962963,0,NaN,NaN,NaN,NaN,NaN
0.681818181818182,NaN,NaN,NaN,NaN,NaN,0.426,0.307692307692308
NaN,NaN,NaN,NaN,NaN,0.278731836195509,NaN,NaN
0.621212121212121,0.537037037037037,NaN,NaN,NaN,NaN,NaN,NaN
0.356060606060606,NaN,0.0672645739910314,0.103202846975089,NaN,NaN,NaN,0.230769230769231
0.666666666666667,0.722222222222222,0.147982062780269,0.369217081850534,NaN,0.249669749009247,NaN,NaN
NaN,NaN,0.112107623318386,0.296975088967972,0.181235234559568,NaN,0.28,NaN
NaN,NaN,0.15695067264574,0.447864768683274,0.39385757678029,0.299867899603699,NaN,NaN
NaN,NaN,NaN,0.138967971530249,NaN,NaN,0.13,NaN
0.5,NaN,0.0807174887892377,0.192348754448399,NaN,0.133421400264201,0.128,0.153846153846154
NaN,NaN,NaN,NaN,0.289571380357746,NaN,NaN,0.269230769230769
NaN,NaN,0.116591928251121,NaN,0.180560242996963,NaN,NaN,0.153846153846154
0.71969696969697,0.731481481481481,NaN,NaN,0.301046236922038,NaN,NaN,NaN
0.75,NaN,0.15695067264574,NaN,NaN,NaN,0.37,0.230769230769231
NaN,0.75,NaN,NaN,0.445831927100911,NaN,NaN,NaN
0.757575757575758,NaN,0.130044843049327,NaN,NaN,NaN,NaN,NaN
NaN,NaN,NaN,NaN,NaN,NaN,0.6145,0.346153846153846
0.71969696969697,NaN,NaN,0.427046263345196,0.307796152548093,NaN,NaN,NaN
0.651515151515151,0.675925925925926,NaN,NaN,NaN,0.25891677675033,0.2835,NaN
NaN,NaN,NaN,0.417615658362989,NaN,NaN,NaN,NaN
NaN,NaN,0.174887892376682,0.615302491103203,NaN,0.398943196829591,0.62,0.538461538461539
NaN,0.5,0.134529147982063,NaN,NaN,0.38441215323646,NaN,NaN
0.621212121212121,NaN,0.0896860986547085,NaN,0.264259196760041,0.256274768824306,0.285,0.538461538461539
NaN,0.62962962962963,0.121076233183857,0.302846975088968,0.245021937225785,0.254293262879789,NaN,NaN
NaN,0.768518518518518,NaN,0.481850533807829,0.423557205534931,0.416116248348745,NaN,0.307692307692308
0.765151515151515,NaN,NaN,NaN,0.404994937563281,0.497357992073976,NaN,0.269230769230769
NaN,0.324074074074074,NaN,NaN,NaN,NaN,0.07,NaN
NaN,0.62962962962963,NaN,NaN,NaN,0.268824306472919,0.2485,NaN
0.606060606060606,NaN,NaN,NaN,0.265609179885251,0.321003963011889,0.28,0.307692307692308
NaN,0.583333333333333,0.103139013452915,0.259786476868327,0.197772527843402,0.175033025099075,NaN,NaN
0.484848484848485,NaN,NaN,0.227580071174377,0.175160310496119,NaN,NaN,NaN
0.325757575757576,NaN,0.0717488789237668,NaN,NaN,0.0634081902245707,NaN,NaN
NaN,NaN,NaN,NaN,0.545393182585218,NaN,0.456,0.230769230769231
NaN,0.592592592592593,0.134529147982063,NaN,NaN,NaN,NaN,NaN
0.628787878787879,NaN,0.130044843049327,NaN,NaN,NaN,NaN,NaN
NaN,NaN,NaN,NaN,NaN,0.251651254953765,NaN,0.269230769230769
NaN,0.638888888888889,NaN,NaN,NaN,NaN,0.255,NaN
0.431818181818182,NaN,NaN,NaN,0.106986162672967,0.105680317040951,0.127,NaN
NaN,NaN,0.134529147982063,0.408540925266904,0.369557880526493,NaN,0.315,NaN
NaN,0.398148148148148,NaN,0.097153024911032,0.0631117111036112,NaN,0.1085,0.461538461538462
NaN,0.824074074074074,0.170403587443946,NaN,0.521093486331421,0.57661822985469,0.51,NaN
NaN,0.805555555555556,0.134529147982063,NaN,NaN,NaN,NaN,NaN
0.575757575757576,NaN,NaN,NaN,NaN,0.427344782034346,0.332,NaN
NaN,NaN,0.112107623318386,0.226334519572954,NaN,NaN,NaN,NaN
NaN,0.592592592592593,0.0941704035874439,0.372241992882562,NaN,NaN,NaN,NaN
NaN,NaN,NaN,0.712099644128114,NaN,NaN,NaN,0.269230769230769
NaN,0.740740740740741,0.161434977578475,NaN,0.40364495443807,NaN,0.3915,NaN
NaN,NaN,0.125560538116592,0.340213523131673,NaN,0.252311756935271,NaN,NaN
NaN,0.601851851851852,0.112107623318386,0.333629893238434,0.316233547080661,NaN,NaN,NaN
NaN,0.666666666666667,NaN,NaN,NaN,NaN,0.2735,NaN
NaN,0.75,NaN,NaN,0.452581842726966,0.398282694848085,NaN,0.269230769230769
NaN,NaN,NaN,0.506405693950178,NaN,0.463672391017173,NaN,NaN
NaN,0.25,0.0538116591928251,0.0498220640569395,NaN,NaN,0.044,0.307692307692308
0.71969696969697,NaN,0.130044843049327,NaN,0.416132298346271,NaN,0.295,0.269230769230769
NaN,0.518518518518518,NaN,NaN,NaN,NaN,NaN,0.692307692307692
0.636363636363636,NaN,NaN,NaN,0.368545393182585,NaN,NaN,NaN
0.712121212121212,NaN,0.143497757847534,NaN,NaN,NaN,NaN,NaN
0.727272727272727,NaN,NaN,NaN,0.359095511306109,0.368560105680317,0.34,0.307692307692308
0.234848484848485,NaN,NaN,0.04644128113879,NaN,0.0442536327608983,NaN,NaN
NaN,0.731481481481481,0.15695067264574,NaN,NaN,0.441875825627477,NaN,NaN
NaN,0.768518518518518,0.147982062780269,NaN,NaN,NaN,0.43,NaN
0.696969696969697,NaN,NaN,0.466725978647687,NaN,NaN,NaN,NaN
0.553030303030303,NaN,NaN,NaN,NaN,0.221928665785997,NaN,0.192307692307692
0.598484848484849,NaN,0.125560538116592,NaN,0.206884913938576,NaN,NaN,NaN
0.674242424242424,NaN,0.125560538116592,NaN,0.290921363482956,NaN,NaN,0.653846153846154
NaN,0.694444444444444,0.121076233183857,NaN,NaN,NaN,NaN,0.346153846153846
NaN,NaN,0.112107623318386,0.262989323843416,0.231522105973675,NaN,NaN,NaN
NaN,NaN,0.15695067264574,0.248576512455516,0.186635167060412,0.166446499339498,0.27,NaN
NaN,NaN,NaN,NaN,0.557880526493419,0.490092470277411,0.405,NaN
0.825757575757576,0.861111111111111,NaN,0.46067615658363,0.33952075599055,0.410832232496697,0.415,0.423076923076923
NaN,NaN,0.147982062780269,NaN,NaN,NaN,NaN,0.230769230769231
NaN,NaN,0.134529147982063,NaN,NaN,NaN,0.27,NaN
NaN,0.703703703703704,0.143497757847534,NaN,NaN,0.322324966974901,0.36,NaN
NaN,NaN,NaN,NaN,NaN,NaN,0.328,NaN
NaN,NaN,NaN,NaN,NaN,0.312417437252312,0.275,0.269230769230769
NaN,NaN,NaN,NaN,NaN,NaN,0.285,NaN
0.712121212121212,NaN,NaN,NaN,NaN,NaN,NaN,NaN
0.689393939393939,NaN,NaN,NaN,0.27033412082349,0.238441215323646,0.245,NaN
NaN,NaN,NaN,0.80338078291815,NaN,NaN,0.633,0.346153846153846
NaN,NaN,0.134529147982063,NaN,0.423894701316234,NaN,NaN,NaN
NaN,NaN,0.165919282511211,NaN,0.451231859601755,NaN,NaN,NaN
NaN,NaN,0.121076233183857,NaN,0.414107323658454,NaN,NaN,NaN
0.727272727272727,0.740740740740741,NaN,0.405871886120996,NaN,NaN,NaN,0.576923076923077
0.613636363636364,NaN,NaN,NaN,0.282483968950388,NaN,0.2675,NaN
0.643939393939394,0.657407407407407,0.121076233183857,NaN,0.246034424569693,0.255614266842801,NaN,NaN
NaN,NaN,NaN,NaN,NaN,0.295904887714663,0.3835,NaN
NaN,0.518518518518518,0.10762331838565,0.268149466192171,NaN,NaN,NaN,NaN
0.696969696969697,NaN,NaN,NaN,NaN,0.33553500660502,0.343,NaN
0.689393939393939,0.712962962962963,NaN,NaN,0.312183597705029,0.257595772787318,NaN,0.307692307692308
0.712121212121212,NaN,NaN,0.475800711743772,NaN,NaN,NaN,0.269230769230769
0.787878787878788,0.805555555555556,NaN,NaN,NaN,0.484147952443857,0.6,NaN
0.765151515151515,NaN,NaN,0.546263345195729,NaN,0.431307793923382,NaN,0.269230769230769
NaN,0.490740740740741,0.0986547085201794,0.20373665480427,NaN,NaN,NaN,NaN
NaN,NaN,NaN,0.270284697508897,0.203509956125548,0.219286657859974,0.25,NaN
0.53030303030303,NaN,NaN,NaN,0.226122173472832,NaN,0.234,0.192307692307692
0.348484848484849,0.268518518518519,0.0762331838565023,NaN,NaN,NaN,NaN,NaN
NaN,NaN,NaN,NaN,NaN,0.0620871862615588,0.065,0.230769230769231
0.636363636363636,NaN,NaN,NaN,NaN,NaN,NaN,NaN
NaN,NaN,0.139013452914798,NaN,0.197097536280796,NaN,NaN,NaN
NaN,0.638888888888889,NaN,NaN,0.391832602092474,NaN,NaN,0.307692307692308
NaN,0.611111111111111,NaN,NaN,NaN,0.206076618229855,NaN,0.153846153846154
NaN,NaN,0.130044843049327,NaN,0.230509618629767,0.217965653896962,NaN,0.653846153846154
0.431818181818182,NaN,NaN,NaN,NaN,NaN,0.125,NaN
NaN,0.611111111111111,NaN,NaN,NaN,NaN,0.275,NaN
0.621212121212121,NaN,NaN,NaN,0.268309146135673,0.231836195508587,NaN,0.307692307692308
NaN,0.675925925925926,NaN,NaN,NaN,NaN,0.292,0.269230769230769
NaN,NaN,NaN,0.40711743772242,NaN,NaN,NaN,NaN
NaN,NaN,NaN,0.404092526690391,0.396220047249409,NaN,0.288,NaN
0.393939393939394,NaN,NaN,NaN,0.0415119811002363,NaN,0.12,NaN
0.628787878787879,0.62037037037037,0.125560538116592,0.356405693950178,0.350995612554843,NaN,NaN,NaN
0.454545454545455,NaN,0.0986547085201794,NaN,NaN,0.142668428005284,0.115,NaN
NaN,NaN,0.121076233183857,NaN,NaN,NaN,0.27,NaN
0.674242424242424,NaN,NaN,NaN,0.304083698953763,0.350726552179657,0.275,0.192307692307692
NaN,0.685185185185185,NaN,0.347153024911032,NaN,0.305812417437252,NaN,NaN
NaN,NaN,0.139013452914798,0.336298932384342,NaN,0.28996036988111,NaN,NaN
NaN,NaN,0.147982062780269,NaN,NaN,NaN,NaN,NaN
NaN,NaN,NaN,0.341281138790036,0.233884576442794,0.225891677675033,NaN,0.384615384615385
NaN,NaN,0.125560538116592,NaN,NaN,NaN,NaN,NaN
NaN,NaN,NaN,0.276690391459075,NaN,NaN,NaN,0.230769230769231
0.75,NaN,0.139013452914798,NaN,NaN,NaN,NaN,NaN
NaN,NaN,NaN,0.413523131672598,0.377320283496456,0.3110964332893,0.29,NaN
NaN,0.722222222222222,0.139013452914798,0.534519572953737,NaN,NaN,NaN,0.307692307692308
0.598484848484849,0.592592592592593,NaN,NaN,NaN,0.295904887714663,NaN,NaN
0.454545454545455,NaN,NaN,NaN,0.128248396895039,NaN,0.17,0.269230769230769
NaN,NaN,0.0672645739910314,0.0437722419928826,NaN,0.0568031704095112,NaN,NaN
NaN,NaN,0.0762331838565023,NaN,0.122848464394195,0.112945838837517,NaN,0.192307692307692
NaN,0.555555555555555,0.10762331838565,0.246619217081851,NaN,0.197490092470277,0.23,NaN
0.628787878787879,NaN,NaN,NaN,NaN,0.274768824306473,NaN,NaN
NaN,0.722222222222222,0.139013452914798,NaN,NaN,NaN,0.3185,NaN
NaN,NaN,0.121076233183857,NaN,NaN,NaN,0.27,NaN
NaN,NaN,NaN,NaN,NaN,NaN,NaN,NaN
NaN,0.657407407407407,NaN,0.343238434163701,NaN,0.254953764861295,0.2205,NaN
0.545454545454546,NaN,NaN,0.213167259786477,NaN,0.200792602377807,NaN,NaN
NaN,NaN,0.121076233183857,NaN,NaN,NaN,0.285,NaN
NaN,0.907407407407407,NaN,NaN,NaN,NaN,0.616,NaN
0.689393939393939,0.694444444444444,NaN,NaN,0.3827202159973,0.373183619550859,NaN,NaN
0.75,0.694444444444444,0.130044843049327,NaN,NaN,NaN,NaN,NaN
