0.674242424242424,NaN,NaN,0.47135231316726,NaN,NaN,NaN,NaN
NaN,NaN,0.10762331838565,0.158896797153025,NaN,0.204755614266843,NaN,NaN
0.606060606060606,NaN,0.116591928251121,NaN,NaN,0.256935270805812,NaN,NaN
0.590909090909091,0.564814814814815,0.121076233183857,NaN,NaN,0.211360634081902,0.2135,0.307692307692308
NaN,0.490740740740741,NaN,NaN,NaN,0.166446499339498,NaN,NaN
0.606060606060606,NaN,NaN,NaN,0.18022274721566,NaN,NaN,0.384615384615385
NaN,NaN,NaN,NaN,NaN,NaN,0.38,0.346153846153846
0.674242424242424,NaN,NaN,NaN,NaN,NaN,NaN,NaN
0.75,NaN,NaN,0.47491103202847,NaN,NaN,NaN,NaN
0.53030303030303,0.518518518518518,NaN,0.240747330960854,NaN,0.194187582562748,NaN,NaN
NaN,NaN,0.0941704035874439,0.212455516014235,NaN,NaN,0.1365,0.192307692307692
NaN,0.842592592592592,NaN,0.777224199288256,0.484643941950726,NaN,NaN,NaN
NaN,NaN,0.125560538116592,NaN,NaN,NaN,0.2375,NaN
0.810606060606061,NaN,NaN,NaN,NaN,NaN,NaN,NaN
NaN,NaN,NaN,NaN,NaN,NaN,0.1465,0.192307692307692
NaN,0.722222222222222,0.134529147982063,0.418149466192171,NaN,NaN,NaN,NaN
NaN,0.712962962962963,NaN,NaN,0.535943300708741,NaN,NaN,NaN
NaN,NaN,NaN,0.498042704626335,NaN,0.488110964332893,NaN,0.269230769230769
NaN,NaN,NaN,NaN,NaN,NaN,NaN,0.269230769230769
0.787878787878788,NaN,NaN,NaN,NaN,NaN,NaN,0.307692307692308
0.666666666666667,NaN,NaN,NaN,0.361120485993925,0.215323645970938,NaN,NaN
NaN,NaN,NaN,0.387010676156584,NaN,NaN,NaN,NaN
NaN,0.601851851851852,0.121076233183857,NaN,NaN,0.220607661822985,NaN,NaN
NaN,NaN,NaN,NaN,NaN,NaN,NaN,0.269230769230769
NaN,NaN,0.125560538116592,0.493594306049822,0.471481606479919,NaN,NaN,NaN
0,0.00925925925925927,NaN,NaN,NaN,NaN,0.0025,NaN
0.462121212121212,0.435185185185185,NaN,0.170106761565836,NaN,NaN,NaN,NaN
NaN,NaN,NaN,NaN,NaN,0.137384412153236,NaN,NaN
0.643939393939394,NaN,NaN,0.397864768683274,NaN,NaN,NaN,NaN
NaN,0.666666666666667,NaN,0.334875444839858,0.267296658791765,NaN,NaN,0.230769230769231
0.621212121212121,NaN,0.112107623318386,0.352313167259787,0.251096861289234,0.318361955085865,NaN,0.346153846153846
NaN,NaN,0.112107623318386,NaN,NaN,0.161822985468956,NaN,0.346153846153846
NaN,NaN,0.139013452914798,NaN,0.197097536280796,0.200792602377807,NaN,NaN
0.659090909090909,NaN,NaN,0.387544483985765,NaN,NaN,NaN,NaN
NaN,NaN,NaN,NaN,0.130610867364158,NaN,NaN,NaN
NaN,NaN,0.147982062780269,0.379359430604982,NaN,0.331571994715984,NaN,NaN
0.704545454545455,NaN,NaN,NaN,NaN,NaN,NaN,0.269230769230769
NaN,NaN,0.0986547085201794,NaN,NaN,0.135402906208719,0.11,NaN
NaN,NaN,NaN,NaN,NaN,0.147952443857332,NaN,NaN
NaN,0.75,NaN,NaN,NaN,NaN,NaN,NaN
NaN,NaN,NaN,NaN,NaN,NaN,NaN,NaN
NaN,0.555555555555555,NaN,NaN,0.231522105973675,NaN,NaN,NaN
NaN,NaN,NaN,0.0660142348754448,0.0421869726628417,NaN,NaN,NaN
NaN,NaN,NaN,NaN,NaN,0.0931307793923382,NaN,NaN
NaN,0.194444444444444,0.0538116591928251,NaN,NaN,NaN,NaN,NaN
0.734848484848485,NaN,NaN,0.53576512455516,0.430307121160986,0.487450462351387,NaN,NaN
NaN,0.444444444444444,0.112107623318386,NaN,NaN,0.0891677675033025,NaN,NaN
NaN,NaN,0.125560538116592,NaN,NaN,NaN,0.29,NaN
NaN,NaN,NaN,NaN,NaN,NaN,NaN,NaN
NaN,NaN,0.134529147982063,NaN,0.29260884238947,NaN,0.28,0.423076923076923
NaN,NaN,NaN,NaN,0.333108336145798,0.30449141347424,0.334,0.269230769230769
0.606060606060606,NaN,0.143497757847534,NaN,NaN,NaN,NaN,NaN
NaN,NaN,NaN,NaN,0.0280121498481269,NaN,0.045,NaN
NaN,0.638888888888889,NaN,NaN,NaN,0.244385733157199,NaN,NaN
NaN,NaN,NaN,0.438256227758007,0.314208572392845,NaN,0.395,NaN
0.484848484848485,NaN,NaN,NaN,NaN,NaN,NaN,NaN
NaN,NaN,0.15695067264574,NaN,NaN,NaN,0.401,NaN
0.43939393939394,0.416666666666667,NaN,NaN,0.132298346270672,NaN,0.1145,0.115384615384615
NaN,0.638888888888889,NaN,NaN,0.221059736753291,0.258256274768824,0.295,NaN
NaN,0.638888888888889,NaN,0.349644128113879,0.228484643941951,0.325627476882431,NaN,0.346153846153846
NaN,NaN,NaN,0.288256227758007,NaN,NaN,NaN,NaN
NaN,0.75,0.130044843049327,NaN,NaN,NaN,NaN,0.615384615384615
NaN,0.601851851851852,NaN,NaN,NaN,NaN,NaN,NaN
0.765151515151515,0.768518518518518,NaN,NaN,NaN,0.64002642007926,NaN,NaN
0.477272727272727,NaN,0.0896860986547085,NaN,NaN,NaN,0.15,0.192307692307692
0.71969696969697,NaN,NaN,0.389679715302491,NaN,NaN,NaN,NaN
NaN,NaN,NaN,NaN,NaN,NaN,NaN,0.307692307692308
NaN,NaN,NaN,NaN,0.299696253796828,NaN,NaN,NaN
NaN,NaN,NaN,NaN,NaN,NaN,NaN,NaN
NaN,0.648148148148148,NaN,0.333807829181495,NaN,0.268824306472919,NaN,0.346153846153846
NaN,NaN,0.130044843049327,0.460320284697509,NaN,0.385072655217966,NaN,NaN
NaN,NaN,0.10762331838565,NaN,NaN,NaN,0.269,0.230769230769231
NaN,NaN,0.0807174887892377,NaN,NaN,0.159841479524439,0.12,NaN
NaN,0.814814814814815,NaN,0.551779359430605,NaN,NaN,NaN,NaN
NaN,NaN,NaN,NaN,NaN,NaN,0.2,0.692307692307692
NaN,NaN,NaN,NaN,NaN,NaN,NaN,NaN
0.621212121212121,NaN,NaN,NaN,NaN,NaN,0.37,NaN
0.484848484848485,NaN,NaN,NaN,NaN,NaN,NaN,0.307692307692308
NaN,NaN,NaN,NaN,NaN,NaN,NaN,NaN
NaN,0.759259259259259,NaN,NaN,NaN,0.352708058124174,NaN,NaN
NaN,0.490740740740741,0.0941704035874439,NaN,NaN,NaN,0.145,NaN
0.575757575757576,0.574074074074074,NaN,NaN,NaN,NaN,NaN,NaN
0.598484848484849,NaN,0.121076233183857,0.379537366548043,NaN,NaN,0.185,NaN
0.583333333333333,0.564814814814815,NaN,NaN,NaN,0.243725231175694,NaN,0.230769230769231
NaN,0.703703703703704,0.125560538116592,0.404804270462633,NaN,0.326948480845443,NaN,0.461538461538462
NaN,NaN,NaN,NaN,0.453256834289571,0.298546895640687,0.451,NaN
0.613636363636364,NaN,NaN,0.32491103202847,NaN,NaN,NaN,0.307692307692308
NaN,0.601851851851852,0.143497757847534,NaN,NaN,NaN,NaN,NaN
0.598484848484849,0.583333333333333,0.112107623318386,NaN,0.326020924738441,NaN,0.2135,0.153846153846154
NaN,0.62037037037037,NaN,0.344661921708185,NaN,NaN,0.265,NaN
0.598484848484849,0.648148148148148,NaN,NaN,NaN,0.188243064729194,NaN,NaN
0.712121212121212,0.731481481481481,NaN,NaN,NaN,NaN,NaN,0.307692307692308
NaN,0.592592592592593,NaN,NaN,NaN,0.254293262879789,NaN,0.269230769230769
NaN,NaN,NaN,0.390391459074733,NaN,NaN,NaN,0.192307692307692
NaN,NaN,NaN,NaN,NaN,NaN,0.2,0.346153846153846
0.825757575757576,0.768518518518518,NaN,NaN,0.47283158960513,NaN,0.425,0.269230769230769
0.772727272727273,NaN,NaN,0.488790035587189,0.396895038812015,NaN,NaN,NaN
NaN,NaN,NaN,NaN,NaN,0.385072655217966,0.3505,0.384615384615385
NaN,NaN,0.130044843049327,0.433629893238434,NaN,0.310435931307794,0.31,NaN
NaN,0.388888888888889,NaN,NaN,NaN,NaN,NaN,0.153846153846154
NaN,NaN,NaN,NaN,NaN,0.381770145310436,NaN,NaN
0.583333333333333,NaN,0.112107623318386,0.280960854092527,NaN,NaN,NaN,NaN
NaN,NaN,NaN,NaN,0.383732703341208,NaN,NaN,NaN
0.401515151515152,NaN,0.0896860986547085,NaN,0.111036112048599,0.0898282694848084,NaN,NaN
NaN,NaN,0.116591928251121,NaN,NaN,NaN,0.235,NaN
NaN,0.481481481481481,NaN,NaN,NaN,0.141347424042272,NaN,NaN
NaN,NaN,NaN,0.399822064056939,0.332770840364495,NaN,0.352,0.307692307692308
0.363636363636364,NaN,0.0807174887892377,NaN,NaN,NaN,0.1145,NaN
NaN,NaN,NaN,0.378825622775801,NaN,NaN,0.233,NaN
NaN,NaN,NaN,NaN,NaN,NaN,NaN,NaN
NaN,0.805555555555556,NaN,0.501423487544484,0.422544718191023,NaN,0.373,0.269230769230769
NaN,0.666666666666667,NaN,0.408185053380783,NaN,NaN,NaN,NaN
NaN,0.75,NaN,NaN,NaN,NaN,NaN,NaN
NaN,0.712962962962963,0.143497757847534,0.440747330960854,NaN,0.373844121532365,NaN,NaN
NaN,NaN,NaN,NaN,NaN,NaN,NaN,NaN
NaN,NaN,0.0852017937219731,NaN,NaN,NaN,NaN,NaN
0.734848484848485,NaN,NaN,NaN,NaN,0.42668428005284,NaN,NaN
0.484848484848485,NaN,NaN,0.194839857651246,NaN,NaN,NaN,0.269230769230769
NaN,0.731481481481481,NaN,0.462989323843416,0.422544718191023,NaN,NaN,NaN
NaN,NaN,NaN,NaN,NaN,NaN,NaN,NaN
0.272727272727273,0.277777777777778,NaN,NaN,0.0533243334458319,NaN,0.08,NaN
NaN,0.740740740740741,NaN,0.471886120996441,NaN,NaN,NaN,NaN
NaN,0.685185185185185,0.147982062780269,0.328825622775801,NaN,NaN,0.29,0.423076923076923
NaN,NaN,NaN,NaN,0.399595005062437,NaN,0.4525,NaN
0.651515151515151,NaN,NaN,NaN,NaN,NaN,NaN,NaN
NaN,0.444444444444444,NaN,0.13576512455516,NaN,NaN,0.115,0.230769230769231
NaN,NaN,0.165919282511211,0.526156583629893,0.485318933513331,0.404227212681638,0.4,0.346153846153846
0.810606060606061,0.731481481481481,0.165919282511211,0.66067615658363,0.598380020249747,0.526420079260238,NaN,NaN
0.643939393939394,0.62962962962963,NaN,NaN,NaN,NaN,NaN,NaN
NaN,NaN,0.121076233183857,NaN,NaN,NaN,NaN,NaN
0.704545454545455,NaN,NaN,NaN,NaN,0.359313077939234,0.3635,NaN
NaN,NaN,NaN,0.0836298932384342,0.067161660479244,0.0667107001321004,0.0725,0.192307692307692
NaN,NaN,0.134529147982063,NaN,NaN,0.468956406869221,0.5,NaN
0.643939393939394,NaN,NaN,0.354626334519573,0.33209584880189,0.275429326287979,NaN,NaN
NaN,NaN,NaN,0.098932384341637,NaN,0.0852047556142669,NaN,0.230769230769231
NaN,NaN,NaN,NaN,NaN,0.313738441215324,NaN,NaN
NaN,0.277777777777778,NaN,NaN,0.0458994262571718,NaN,NaN,NaN
NaN,NaN,NaN,NaN,NaN,0.136723910171731,NaN,NaN
NaN,NaN,NaN,NaN,NaN,0.354029062087186,NaN,NaN
NaN,0.694444444444444,NaN,NaN,NaN,0.363936591809775,NaN,NaN
NaN,0.740740740740741,0.15695067264574,NaN,NaN,NaN,0.465,NaN
NaN,0.768518518518518,NaN,NaN,NaN,NaN,NaN,NaN
0.393939393939394,NaN,NaN,0.117437722419929,NaN,NaN,NaN,NaN
NaN,NaN,NaN,NaN,0.131623354708066,NaN,NaN,NaN
NaN,NaN,NaN,NaN,0.230172122848464,NaN,NaN,0.192307692307692
NaN,NaN,NaN,NaN,NaN,NaN,0.21,0.230769230769231
NaN,NaN,0.134529147982063,NaN,0.24940938238272,NaN,0.2465,NaN
0.386363636363636,NaN,NaN,0.127758007117438,0.102261221734728,NaN,0.12,0.346153846153846
NaN,0.694444444444444,NaN,0.472953736654804,0.35673304083699,0.287318361955086,0.51,0.653846153846154
NaN,NaN,NaN,NaN,NaN,0.357992073976222,0.295,0.192307692307692
NaN,NaN,NaN,NaN,NaN,NaN,NaN,NaN
NaN,NaN,NaN,0.171174377224199,NaN,NaN,NaN,NaN
0.727272727272727,0.712962962962963,NaN,0.406049822064057,NaN,NaN,0.2835,0.230769230769231
NaN,NaN,0.165919282511211,NaN,0.390482618967263,0.59445178335535,NaN,NaN
0.340909090909091,0.296296296296296,0.0717488789237668,NaN,NaN,NaN,NaN,NaN
NaN,0.814814814814815,0.161434977578475,NaN,0.514681066486669,NaN,NaN,NaN
NaN,NaN,NaN,NaN,0.240971987850152,NaN,NaN,NaN
NaN,0.861111111111111,0.179372197309417,NaN,NaN,NaN,NaN,NaN
0.712121212121212,NaN,NaN,NaN,NaN,NaN,NaN,0.423076923076923
NaN,NaN,0.10762331838565,NaN,NaN,NaN,NaN,NaN
NaN,NaN,NaN,0.0645907473309609,0.0435369557880526,NaN,NaN,NaN
NaN,NaN,NaN,NaN,NaN,NaN,NaN,NaN
0.454545454545455,0.444444444444444,NaN,NaN,NaN,0.130779392338177,NaN,0.5
NaN,NaN,NaN,NaN,NaN,NaN,0.472,0.269230769230769
NaN,NaN,NaN,NaN,NaN,NaN,0.27,0.230769230769231
NaN,NaN,NaN,NaN,NaN,NaN,NaN,NaN
NaN,NaN,NaN,0.187544483985765,0.114748565642929,NaN,NaN,0.384615384615385
NaN,NaN,NaN,0.512099644128114,NaN,0.506605019815059,NaN,NaN
0.643939393939394,0.62962962962963,0.0941704035874439,NaN,NaN,NaN,NaN,NaN
NaN,0.787037037037037,NaN,NaN,NaN,0.536327608982827,0.494,0.307692307692308
NaN,0.62962962962963,NaN,NaN,0.286871414107324,NaN,NaN,0.423076923076923
0.727272727272727,NaN,0.152466367713004,NaN,0.362807964900439,0.416116248348745,NaN,NaN
NaN,0.759259259259259,0.125560538116592,NaN,0.413094836314546,NaN,NaN,NaN
NaN,NaN,0.170403587443946,NaN,NaN,0.52774108322325,NaN,NaN
0.431818181818182,NaN,NaN,NaN,NaN,NaN,NaN,0.307692307692308
NaN,NaN,NaN,0.450889679715302,NaN,0.380449141347424,NaN,NaN
NaN,NaN,0.130044843049327,NaN,NaN,0.359313077939234,0.31,NaN
NaN,NaN,NaN,NaN,NaN,0.212681638044914,NaN,NaN
NaN,NaN,0.0852017937219731,NaN,0.0766115423557205,0.0937912813738441,NaN,0.269230769230769
0.598484848484849,NaN,NaN,NaN,NaN,NaN,0.185,NaN
NaN,NaN,NaN,0.341281138790036,NaN,0.225891677675033,0.3,0.384615384615385
NaN,0.62962962962963,NaN,0.379181494661922,NaN,NaN,0.274,NaN
NaN,0.666666666666667,0.188340807174888,NaN,NaN,NaN,NaN,NaN
NaN,0.287037037037037,0.0672645739910314,0.052491103202847,0.0371245359433007,NaN,0.0435,NaN
NaN,NaN,NaN,0.324021352313167,0.267296658791765,NaN,0.27,NaN
NaN,NaN,0.0807174887892377,0.114590747330961,NaN,NaN,NaN,NaN
NaN,NaN,0.121076233183857,NaN,0.354033074586568,NaN,NaN,0.269230769230769
NaN,0.648148148148148,NaN,NaN,NaN,0.260237780713342,0.223,NaN
0.833333333333333,0.805555555555556,NaN,NaN,0.405669929125886,NaN,NaN,NaN
NaN,NaN,NaN,0.304270462633452,NaN,NaN,0.208,0.230769230769231
NaN,NaN,NaN,NaN,NaN,NaN,NaN,NaN
NaN,0.805555555555556,0.161434977578475,0.611743772241993,NaN,0.484147952443857,0.6,NaN
NaN,NaN,0.121076233183857,NaN,NaN,0.293923381770145,NaN,NaN
NaN,0.694444444444444,NaN,0.36085409252669,NaN,0.301849405548217,0.33,0.346153846153846
NaN,NaN,NaN,NaN,NaN,NaN,NaN,0.269230769230769
NaN,NaN,NaN,NaN,0.438069524130948,0.391017173051519,NaN,0.346153846153846
NaN,0.518518518518518,NaN,NaN,NaN,0.138044914134742,NaN,NaN
0.606060606060606,NaN,NaN,NaN,NaN,0.205416116248349,NaN,NaN
NaN,0.555555555555555,NaN,NaN,NaN,NaN,NaN,NaN
NaN,NaN,0.116591928251121,NaN,NaN,NaN,NaN,NaN
0.568181818181818,NaN,NaN,NaN,NaN,NaN,NaN,NaN
0.795454545454546,0.75,0.143497757847534,NaN,0.341545730678367,NaN,0.615,NaN
NaN,NaN,0.103139013452915,0.269039145907473,NaN,NaN,0.206,NaN
NaN,NaN,0.143497757847534,NaN,NaN,NaN,NaN,NaN
NaN,NaN,NaN,NaN,0.286871414107324,NaN,0.242,NaN
NaN,NaN,NaN,0.750355871886121,NaN,0.722589167767503,NaN,NaN
NaN,NaN,NaN,NaN,NaN,0.215323645970938,0.175,NaN
NaN,NaN,0.0717488789237668,NaN,NaN,NaN,0.0875,NaN
NaN,0.703703703703704,NaN,NaN,NaN,NaN,NaN,0.269230769230769
NaN,0.453703703703704,NaN,NaN,NaN,0.16116248348745,NaN,0.307692307692308
NaN,NaN,NaN,0.486298932384342,NaN,NaN,NaN,0.269230769230769
NaN,NaN,0.121076233183857,0.290213523131673,0.282146473169085,NaN,NaN,0.269230769230769
NaN,0.62962962962963,NaN,NaN,0.275059061761728,0.243064729194188,0.4,0.653846153846154
NaN,0.685185185185185,NaN,NaN,NaN,NaN,NaN,NaN
0.606060606060606,NaN,NaN,NaN,NaN,NaN,0.2165,0.230769230769231
NaN,0.490740740740741,0.0986547085201794,NaN,NaN,NaN,0.175,NaN
NaN,0.490740740740741,0.10762331838565,NaN,NaN,NaN,NaN,NaN
NaN,NaN,NaN,NaN,NaN,NaN,NaN,NaN
NaN,NaN,0.134529147982063,NaN,0.321970975362808,NaN,NaN,0.538461538461539
NaN,0.583333333333333,0.10762331838565,NaN,NaN,NaN,NaN,NaN
NaN,NaN,NaN,NaN,0.49139385757678,NaN,NaN,NaN
0.666666666666667,0.648148148148148,NaN,NaN,NaN,0.269484808454425,NaN,NaN
NaN,0.675925925925926,NaN,NaN,NaN,NaN,NaN,0.461538461538462
NaN,0.722222222222222,0.143497757847534,0.466903914590747,NaN,NaN,0.4035,0.230769230769231
NaN,NaN,NaN,NaN,NaN,NaN,NaN,NaN
NaN,NaN,NaN,0.336120996441281,NaN,NaN,NaN,NaN
NaN,NaN,0.112107623318386,NaN,NaN,0.16446499339498,0.145,NaN
NaN,NaN,NaN,NaN,0.404994937563281,NaN,0.402,NaN
NaN,NaN,NaN,NaN,NaN,0.338177014531044,NaN,NaN
NaN,NaN,NaN,NaN,NaN,0.24108322324967,0.17,NaN
NaN,0.601851851851852,NaN,0.346797153024911,NaN,NaN,NaN,0.192307692307692
NaN,NaN,NaN,0.542170818505338,0.375970300371245,NaN,NaN,NaN
0.71969696969697,0.685185185185185,0.121076233183857,NaN,0.441444481943976,NaN,NaN,NaN
NaN,NaN,0.15695067264574,NaN,NaN,0.387054161162483,NaN,NaN
NaN,NaN,0.121076233183857,NaN,NaN,0.208718626155878,0.215,0.192307692307692
0.833333333333333,0.787037037037037,NaN,NaN,0.463381707728653,0.550858652575958,0.3995,NaN
0.325757575757576,NaN,NaN,NaN,0.0583867701653729,NaN,NaN,NaN
NaN,NaN,NaN,NaN,NaN,NaN,0.35,0.307692307692308
NaN,NaN,0.139013452914798,NaN,NaN,NaN,NaN,NaN
NaN,NaN,NaN,0.538078291814947,NaN,NaN,NaN,NaN
NaN,NaN,NaN,NaN,NaN,NaN,0.215,NaN
0.727272727272727,NaN,NaN,NaN,NaN,NaN,NaN,NaN
0.46969696969697,NaN,NaN,NaN,NaN,NaN,0.155,NaN
NaN,0.222222222222222,0.0672645739910314,NaN,NaN,NaN,0.04,NaN
NaN,NaN,NaN,0.359964412811388,0.358083023962201,0.244385733157199,NaN,NaN
NaN,0.296296296296296,NaN,NaN,NaN,NaN,NaN,0.230769230769231
NaN,0.62962962962963,0.112107623318386,NaN,NaN,NaN,NaN,0.230769230769231
NaN,0.287037037037037,NaN,0.0715302491103203,NaN,0.0449141347424042,NaN,NaN
NaN,0.453703703703704,NaN,0.161921708185053,NaN,0.151915455746367,0.121,NaN
NaN,NaN,0.121076233183857,0.24644128113879,NaN,NaN,NaN,NaN
0.416666666666667,0.435185185185185,NaN,NaN,NaN,NaN,NaN,NaN
NaN,NaN,NaN,NaN,NaN,NaN,NaN,0.307692307692308
NaN,NaN,0.147982062780269,NaN,0.20620992237597,0.214002642007926,NaN,0.307692307692308
NaN,NaN,NaN,NaN,NaN,0.282034346103038,0.255,0.230769230769231
0.659090909090909,0.638888888888889,NaN,NaN,NaN,NaN,NaN,NaN
0.424242424242424,NaN,0.0896860986547085,NaN,NaN,NaN,NaN,NaN
NaN,NaN,NaN,NaN,0.228147148160648,NaN,NaN,0.461538461538462
0.689393939393939,0.675925925925926,NaN,NaN,0.346270671616605,NaN,NaN,NaN
NaN,NaN,NaN,NaN,0.303408707391158,NaN,NaN,NaN
NaN,NaN,NaN,NaN,0.383732703341208,NaN,0.289,0.269230769230769
NaN,NaN,NaN,NaN,NaN,0.108322324966975,NaN,NaN
NaN,NaN,NaN,NaN,0.546068174147823,NaN,0.483,0.346153846153846
NaN,NaN,0.143497757847534,NaN,0.419169760377995,0.352708058124174,NaN,0.384615384615385
NaN,0.666666666666667,0.161434977578475,0.447686832740214,NaN,NaN,NaN,NaN
0.537878787878788,0.537037037037037,0.112107623318386,0.284341637010676,NaN,NaN,NaN,NaN
0.651515151515151,NaN,NaN,0.377758007117438,NaN,NaN,0.245,NaN
NaN,NaN,NaN,0.308718861209964,0.252784340195748,NaN,NaN,NaN
NaN,0.583333333333333,NaN,NaN,0.194060074249072,NaN,0.255,0.5
NaN,NaN,NaN,0.431316725978648,NaN,NaN,NaN,NaN
NaN,0.351851851851852,0.0896860986547085,0.116725978647687,NaN,0.108322324966975,NaN,0.115384615384615
NaN,NaN,NaN,NaN,NaN,NaN,NaN,NaN
0.818181818181818,NaN,NaN,NaN,0.592980087748903,NaN,NaN,NaN
NaN,NaN,NaN,0.696975088967972,NaN,NaN,NaN,0.5
NaN,NaN,NaN,NaN,NaN,NaN,NaN,NaN
NaN,0.694444444444444,0.147982062780269,NaN,NaN,NaN,0.35,NaN
NaN,0.555555555555555,NaN,NaN,NaN,NaN,NaN,NaN
NaN,NaN,NaN,0.295907473309609,NaN,NaN,NaN,NaN
0.196969696969697,NaN,0.0538116591928251,NaN,NaN,0.0336856010568032,NaN,NaN
NaN,NaN,NaN,0.412455516014235,NaN,NaN,NaN,0.307692307692308
NaN,0.675925925925926,NaN,NaN,NaN,0.317701453104359,NaN,0.230769230769231
NaN,NaN,NaN,NaN,0.244009449881876,NaN,0.27,0.230769230769231
0.765151515151515,NaN,NaN,NaN,NaN,0.470937912813738,NaN,0.269230769230769
NaN,NaN,NaN,0.603024911032028,NaN,NaN,NaN,0.5
NaN,0.62962962962963,NaN,NaN,NaN,NaN,0.26,0.230769230769231
NaN,NaN,0.15695067264574,0.238434163701068,0.193385082686466,NaN,NaN,NaN
NaN,NaN,0.0941704035874439,NaN,NaN,NaN,0.156,NaN
0.181818181818182,0.157407407407407,NaN,0.0229537366548043,NaN,0.0244385733157199,NaN,0.0769230769230769
NaN,NaN,NaN,NaN,0.279784002699966,NaN,0.32,NaN
NaN,0.5,0.121076233183857,NaN,NaN,0.180977542932629,NaN,NaN
NaN,0.685185185185185,0.134529147982063,NaN,NaN,NaN,NaN,0.346153846153846
NaN,NaN,NaN,0.299288256227758,NaN,NaN,NaN,NaN
NaN,0.62962962962963,NaN,0.258185053380783,NaN,NaN,NaN,NaN
0.636363636363636,NaN,NaN,NaN,NaN,NaN,NaN,0.423076923076923
NaN,NaN,NaN,NaN,NaN,NaN,NaN,NaN
0.643939393939394,0.648148148148148,NaN,0.348754448398577,0.28518393520081,NaN,NaN,NaN
NaN,NaN,NaN,NaN,NaN,NaN,0.374,NaN
NaN,NaN,NaN,NaN,NaN,0.42998678996037,NaN,NaN
0.628787878787879,0.657407407407407,0.125560538116592,NaN,NaN,0.311756935270806,NaN,NaN
0.560606060606061,NaN,0.103139013452915,0.243416370106762,NaN,0.169088507265522,0.218,NaN
0.803030303030303,NaN,NaN,0.535053380782918,0.467431657104286,NaN,0.395,NaN
0.71969696969697,0.694444444444444,0.125560538116592,NaN,NaN,NaN,0.305,NaN
NaN,NaN,0.0896860986547085,0.14626334519573,NaN,NaN,NaN,NaN
NaN,NaN,NaN,NaN,NaN,NaN,0.2795,NaN
0.393939393939394,0.37962962962963,NaN,0.137366548042705,0.129935875801552,NaN,NaN,0.192307692307692
NaN,NaN,0.125560538116592,NaN,NaN,0.317040951122853,NaN,0.384615384615385
0.295454545454545,NaN,NaN,NaN,NaN,NaN,NaN,0.269230769230769
NaN,NaN,NaN,NaN,NaN,0.285997357992074,NaN,0.230769230769231
NaN,0.407407407407407,NaN,NaN,NaN,0.141347424042272,NaN,NaN
NaN,0.416666666666667,NaN,0.13576512455516,NaN,NaN,NaN,NaN
NaN,NaN,NaN,NaN,NaN,NaN,NaN,0.230769230769231
NaN,NaN,0.0941704035874439,0.154448398576512,NaN,NaN,0.145,NaN
NaN,NaN,0.125560538116592,NaN,NaN,NaN,NaN,NaN
0.71969696969697,NaN,NaN,NaN,NaN,NaN,0.31,NaN
NaN,NaN,0.125560538116592,NaN,NaN,0.30779392338177,NaN,NaN
0.651515151515151,NaN,NaN,NaN,NaN,0.237120211360634,NaN,0.230769230769231
0.454545454545455,NaN,0.121076233183857,NaN,NaN,NaN,NaN,NaN
0.628787878787879,NaN,0.130044843049327,NaN,NaN,0.284676354029062,0.29,NaN
NaN,NaN,NaN,NaN,0.155923050961863,NaN,NaN,NaN
NaN,NaN,0.112107623318386,NaN,NaN,NaN,NaN,NaN
0.833333333333333,0.824074074074074,NaN,NaN,NaN,NaN,NaN,0.615384615384615
NaN,NaN,0.121076233183857,0.377580071174377,NaN,NaN,NaN,0.230769230769231
NaN,0.638888888888889,NaN,NaN,NaN,NaN,0.245,NaN
NaN,NaN,NaN,0.226868327402135,NaN,NaN,NaN,NaN
NaN,NaN,NaN,0.319750889679715,0.258521768477894,NaN,0.266,NaN
0.583333333333333,NaN,NaN,NaN,0.254471819102261,0.294583883751651,NaN,NaN
0.477272727272727,0.462962962962963,NaN,NaN,NaN,NaN,0.124,NaN
0.553030303030303,0.546296296296296,NaN,0.289501779359431,NaN,NaN,0.2,0.461538461538462
NaN,NaN,NaN,NaN,NaN,NaN,NaN,NaN
NaN,0.453703703703704,NaN,0.165302491103203,0.153560580492744,NaN,NaN,0.192307692307692
NaN,NaN,NaN,NaN,0.156598042524468,0.148612945838838,NaN,NaN
NaN,0.462962962962963,0.0986547085201794,0.15355871886121,NaN,NaN,NaN,0.230769230769231
NaN,NaN,0.0807174887892377,NaN,NaN,0.140686922060766,NaN,0.538461538461539
NaN,0.675925925925926,NaN,NaN,0.400269996625042,0.367899603698811,NaN,0.307692307692308
NaN,NaN,NaN,0.4644128113879,NaN,NaN,0.34,NaN
NaN,0.416666666666667,NaN,0.151245551601424,0.123860951738103,NaN,NaN,0.192307692307692
0.795454545454546,0.814814814814815,0.174887892376682,NaN,NaN,NaN,NaN,NaN
NaN,NaN,NaN,0.151245551601424,0.0982112723590955,NaN,NaN,NaN
NaN,0.490740740740741,NaN,NaN,0.172122848464394,NaN,0.173,NaN
NaN,NaN,0.192825112107623,NaN,NaN,NaN,NaN,0.269230769230769
NaN,NaN,NaN,NaN,NaN,NaN,NaN,NaN
0.628787878787879,NaN,NaN,0.357473309608541,NaN,NaN,NaN,NaN
NaN,NaN,0.0986547085201794,NaN,NaN,NaN,NaN,NaN
0.772727272727273,0.722222222222222,0.121076233183857,NaN,NaN,NaN,NaN,NaN
NaN,NaN,0.0986547085201794,NaN,0.177860276746541,NaN,0.161,NaN
0.568181818181818,NaN,NaN,NaN,NaN,0.169749009247028,0.215,0.346153846153846
NaN,NaN,0.116591928251121,NaN,NaN,NaN,NaN,NaN
NaN,NaN,0.130044843049327,0.427935943060498,NaN,0.31439894319683,NaN,NaN
0.484848484848485,NaN,NaN,NaN,NaN,0.151254953764861,NaN,NaN
0.689393939393939,NaN,NaN,NaN,NaN,0.370541611624835,NaN,NaN
NaN,NaN,NaN,NaN,NaN,0.0871862615587847,0.085,NaN
NaN,0.601851851851852,0.103139013452915,NaN,0.231184610192373,NaN,NaN,NaN
NaN,NaN,NaN,NaN,0.328045899426257,0.282694848084544,NaN,NaN
0.742424242424243,NaN,NaN,0.479537366548043,0.382382720215997,NaN,NaN,NaN
0.659090909090909,0.666666666666667,0.147982062780269,NaN,NaN,NaN,0.305,NaN
0.75,NaN,NaN,NaN,NaN,0.443857331571995,NaN,NaN
NaN,0.657407407407407,0.112107623318386,0.354270462633452,NaN,0.3110964332893,NaN,NaN
NaN,NaN,NaN,NaN,NaN,0.324306472919419,NaN,0.269230769230769
NaN,0.601851851851852,NaN,0.291281138790036,NaN,NaN,NaN,NaN
0.810606060606061,0.777777777777778,NaN,NaN,NaN,0.531043593130779,NaN,NaN
0.568181818181818,NaN,NaN,NaN,0.168747890651367,NaN,0.205,0.230769230769231
NaN,NaN,0.125560538116592,NaN,NaN,NaN,0.24,0.269230769230769
NaN,NaN,NaN,NaN,NaN,0.272126816380449,NaN,NaN
NaN,NaN,0.147982062780269,0.481850533807829,NaN,NaN,NaN,NaN
NaN,NaN,NaN,NaN,0.102936213297334,0.0977542932628798,0.115,NaN
NaN,0.805555555555556,NaN,0.606049822064057,NaN,NaN,NaN,NaN
NaN,NaN,0.139013452914798,0.420462633451957,0.35065811677354,NaN,0.312,0.307692307692308
0.537878787878788,NaN,NaN,NaN,NaN,NaN,NaN,0.230769230769231
NaN,NaN,NaN,NaN,NaN,NaN,NaN,NaN
0.689393939393939,NaN,NaN,NaN,NaN,NaN,NaN,0.192307692307692
NaN,NaN,NaN,NaN,NaN,NaN,NaN,NaN
0.46969696969697,NaN,NaN,NaN,NaN,NaN,0.14,NaN
NaN,NaN,NaN,0.269217081850534,0.229159635504556,0.198811096433289,NaN,0.346153846153846
0.878787878787879,0.907407407407407,NaN,NaN,NaN,NaN,NaN,NaN
NaN,NaN,NaN,0.396975088967972,NaN,0.295244385733157,NaN,NaN
0.674242424242424,0.657407407407407,0.125560538116592,0.443594306049822,NaN,0.320343461030383,NaN,NaN
NaN,NaN,NaN,0.249110320284698,0.209247384407695,NaN,NaN,NaN
0.636363636363636,NaN,NaN,0.347508896797153,NaN,NaN,0.234,NaN
NaN,NaN,NaN,0.359786476868327,NaN,NaN,NaN,NaN
NaN,0.564814814814815,0.143497757847534,NaN,NaN,NaN,NaN,NaN
NaN,0.759259259259259,0.15695067264574,0.548932384341637,0.505231184610192,0.389696169088507,NaN,0.269230769230769
NaN,NaN,NaN,0.316014234875445,NaN,0.251651254953765,NaN,NaN
0.810606060606061,0.777777777777778,NaN,0.547330960854093,NaN,0.456406869220608,NaN,NaN
0.689393939393939,NaN,0.130044843049327,NaN,0.309483631454607,0.297225891677675,0.336,0.269230769230769
NaN,0.722222222222222,NaN,NaN,NaN,NaN,NaN,NaN
NaN,NaN,NaN,0.238434163701068,NaN,0.187582562747688,0.22,NaN
NaN,NaN,NaN,NaN,NaN,NaN,0.435,NaN
NaN,0.712962962962963,0.15695067264574,NaN,NaN,NaN,NaN,NaN
NaN,NaN,0.152466367713004,0.466014234875445,NaN,0.425363276089828,NaN,NaN
NaN,NaN,NaN,NaN,NaN,0.441875825627477,0.31,0.230769230769231
0.712121212121212,NaN,NaN,NaN,0.349983125210935,NaN,NaN,0.269230769230769
0.742424242424243,NaN,0.121076233183857,0.407473309608541,0.345933175835302,NaN,0.33,NaN
0.856060606060606,NaN,0.170403587443946,NaN,NaN,0.580581241743725,NaN,0.384615384615385
NaN,0.796296296296296,0.179372197309417,NaN,NaN,NaN,NaN,NaN
NaN,NaN,0.143497757847534,NaN,NaN,NaN,NaN,0.307692307692308
0.863636363636364,NaN,NaN,NaN,0.690853864326696,NaN,0.498,NaN
NaN,NaN,0.139013452914798,0.386832740213523,NaN,0.307133421400264,NaN,NaN
NaN,NaN,NaN,0.431850533807829,NaN,0.357331571994716,NaN,NaN
0.628787878787879,0.638888888888889,NaN,0.290569395017794,0.237597030037125,NaN,0.272,NaN
NaN,0.305555555555556,NaN,0.0736654804270463,NaN,NaN,NaN,NaN
0.613636363636364,NaN,0.116591928251121,0.310320284697509,NaN,NaN,NaN,0.230769230769231
NaN,NaN,0.0941704035874439,NaN,NaN,NaN,0.1345,0.192307692307692
NaN,0.666666666666667,0.161434977578475,NaN,NaN,NaN,NaN,NaN
NaN,NaN,NaN,NaN,NaN,0.367899603698811,NaN,0.269230769230769
NaN,NaN,NaN,0.183274021352313,0.157948025649679,NaN,NaN,0.192307692307692
NaN,NaN,0.0582959641255605,NaN,NaN,0.0528401585204756,0.095,NaN
0.825757575757576,NaN,NaN,0.617615658362989,NaN,0.439233817701453,NaN,NaN
NaN,0.722222222222222,0.143497757847534,NaN,NaN,NaN,NaN,NaN
NaN,0.416666666666667,NaN,NaN,NaN,NaN,NaN,0.115384615384615
NaN,NaN,NaN,NaN,0.310833614579818,NaN,NaN,NaN
0.613636363636364,NaN,0.147982062780269,0.315836298932384,NaN,NaN,0.29,0.230769230769231
NaN,0.685185185185185,NaN,NaN,NaN,NaN,NaN,NaN
NaN,NaN,0.165919282511211,NaN,NaN,NaN,NaN,NaN
0.674242424242424,NaN,NaN,NaN,NaN,0.322985468956407,NaN,NaN
0.659090909090909,NaN,NaN,NaN,0.309483631454607,NaN,NaN,0.269230769230769
0.863636363636364,NaN,NaN,NaN,0.434357070536618,NaN,1,NaN
NaN,NaN,NaN,NaN,0.248059399257509,0.278071334214003,0.28,NaN
0.462121212121212,0.453703703703704,NaN,NaN,0.14073574080324,NaN,NaN,NaN
NaN,NaN,0.112107623318386,NaN,NaN,NaN,0.1905,NaN
NaN,NaN,0.103139013452915,NaN,NaN,0.184280052840158,0.22,NaN
NaN,NaN,NaN,NaN,0.156598042524468,NaN,NaN,0.538461538461539
NaN,NaN,0.116591928251121,NaN,0.161660479244009,NaN,NaN,NaN
NaN,0.462962962962963,NaN,NaN,0.134660816739791,NaN,0.12,NaN
NaN,NaN,NaN,NaN,NaN,NaN,0.195,NaN
NaN,NaN,0.139013452914798,NaN,0.464731690853864,0.460369881109643,NaN,NaN
NaN,NaN,NaN,NaN,NaN,NaN,NaN,NaN
NaN,NaN,0.112107623318386,NaN,0.255146810664867,0.32892998678996,NaN,NaN
NaN,0.574074074074074,NaN,NaN,NaN,0.245706737120211,NaN,NaN
NaN,0.333333333333333,NaN,NaN,NaN,NaN,NaN,NaN
NaN,NaN,NaN,NaN,NaN,NaN,NaN,NaN
0.598484848484849,NaN,NaN,NaN,NaN,NaN,NaN,0.384615384615385
NaN,NaN,NaN,NaN,NaN,NaN,NaN,0
NaN,0.712962962962963,0.143497757847534,NaN,0.413769827877152,NaN,NaN,NaN
NaN,0.407407407407407,NaN,0.138967971530249,0.105973675329058,NaN,NaN,NaN
NaN,NaN,0.10762331838565,0.170106761565836,NaN,NaN,NaN,NaN
NaN,NaN,NaN,NaN,NaN,0.0819022457067371,NaN,0.307692307692308
NaN,NaN,0.147982062780269,NaN,NaN,NaN,NaN,NaN
0.0833333333333333,NaN,NaN,0.00818505338078292,NaN,NaN,NaN,0
NaN,NaN,NaN,NaN,0.186297671279109,NaN,NaN,NaN
NaN,NaN,NaN,NaN,0.27033412082349,NaN,NaN,0.230769230769231
NaN,0.509259259259259,NaN,0.229181494661922,NaN,NaN,0.155,NaN
NaN,NaN,NaN,NaN,NaN,NaN,NaN,NaN
NaN,NaN,0.125560538116592,NaN,0.241646979412757,0.253632760898283,NaN,0.192307692307692
NaN,NaN,NaN,0.419928825622776,0.371245359433007,NaN,NaN,NaN
NaN,NaN,NaN,0.292526690391459,NaN,NaN,NaN,NaN
NaN,NaN,0.0896860986547085,NaN,0.0951738103273709,NaN,NaN,NaN
NaN,NaN,NaN,0.619750889679715,0.553493081336483,NaN,NaN,NaN
0.606060606060606,NaN,0.125560538116592,NaN,NaN,NaN,NaN,NaN
NaN,NaN,NaN,NaN,NaN,NaN,NaN,NaN
0.507575757575758,0.5,0.10762331838565,NaN,0.142423219709754,NaN,NaN,NaN
NaN,NaN,NaN,0.558718861209964,NaN,NaN,NaN,NaN
NaN,NaN,NaN,0.296797153024911,NaN,NaN,NaN,NaN
NaN,NaN,0.125560538116592,0.453380782918149,0.356395545055687,0.373183619550859,NaN,NaN
0.795454545454546,0.777777777777778,0.147982062780269,NaN,0.510968612892339,NaN,NaN,0.307692307692308
NaN,NaN,NaN,NaN,NaN,NaN,NaN,NaN
NaN,NaN,NaN,0.499822064056939,0.382382720215997,NaN,NaN,NaN
NaN,NaN,NaN,NaN,0.153560580492744,0.169749009247028,NaN,0.192307692307692
0.765151515151515,NaN,NaN,0.562633451957295,NaN,NaN,NaN,NaN
NaN,NaN,NaN,0.530960854092527,NaN,0.319682959048877,NaN,NaN
NaN,NaN,NaN,0.358540925266904,0.326695916301046,NaN,NaN,NaN
NaN,0.361111111111111,0.130044843049327,NaN,NaN,NaN,0.1,NaN
NaN,NaN,NaN,0.308540925266904,0.229497131285859,NaN,0.305,0.230769230769231
0.946969696969697,0.962962962962963,0.179372197309417,0.940035587188612,NaN,NaN,NaN,0.307692307692308
0.696969696969697,NaN,NaN,NaN,NaN,0.340158520475561,NaN,NaN
NaN,NaN,NaN,0.379537366548043,NaN,NaN,NaN,NaN
NaN,NaN,NaN,NaN,NaN,0.3110964332893,NaN,NaN
NaN,NaN,NaN,NaN,NaN,NaN,NaN,NaN
NaN,NaN,NaN,NaN,NaN,NaN,0.435,NaN
NaN,0.638888888888889,NaN,0.376512455516014,NaN,0.357331571994716,NaN,NaN
NaN,NaN,NaN,0.80338078291815,NaN,NaN,NaN,NaN
0.560606060606061,NaN,NaN,NaN,0.205197435032062,0.249009247027741,0.195,0.423076923076923
NaN,NaN,0.112107623318386,NaN,NaN,NaN,NaN,NaN
NaN,NaN,NaN,0.452135231316726,NaN,NaN,NaN,NaN
0.71969696969697,NaN,NaN,NaN,NaN,0.457067371202114,NaN,0.307692307692308
NaN,NaN,NaN,0.191281138790036,NaN,NaN,NaN,0.192307692307692
0.659090909090909,0.722222222222222,NaN,NaN,NaN,NaN,NaN,NaN
0.621212121212121,NaN,NaN,0.370996441281139,NaN,NaN,NaN,0.269230769230769
NaN,NaN,NaN,NaN,NaN,NaN,NaN,0.423076923076923
NaN,0.601851851851852,NaN,0.343772241992883,NaN,NaN,NaN,NaN
NaN,NaN,0.143497757847534,NaN,NaN,0.514531043593131,NaN,NaN
NaN,0.444444444444444,0.103139013452915,0.170284697508897,0.126898413769828,0.132100396301189,NaN,NaN
0.477272727272727,0.5,NaN,NaN,NaN,NaN,NaN,NaN
NaN,NaN,0.161434977578475,NaN,NaN,NaN,0.348,0.230769230769231
0.310606060606061,0.296296296296296,NaN,NaN,0.0516368545393183,NaN,NaN,0.115384615384615
0.590909090909091,NaN,NaN,NaN,0.231184610192373,NaN,NaN,NaN
NaN,0.62962962962963,NaN,NaN,NaN,0.239762219286658,NaN,NaN
NaN,0.722222222222222,0.139013452914798,NaN,NaN,0.297225891677675,0.29,NaN
NaN,NaN,NaN,NaN,0.19507256159298,0.239101717305152,NaN,NaN
0.568181818181818,NaN,NaN,NaN,NaN,NaN,NaN,0.192307692307692
NaN,NaN,NaN,NaN,NaN,0.292602377807133,NaN,0.307692307692308
NaN,0.685185185185185,NaN,NaN,NaN,0.396961690885073,NaN,NaN
NaN,NaN,NaN,0.613879003558719,0.583530205872427,NaN,NaN,0.269230769230769
NaN,0.537037037037037,NaN,NaN,NaN,0.179656538969617,0.144,NaN
NaN,0.509259259259259,NaN,NaN,0.193047586905164,NaN,NaN,NaN
0.689393939393939,NaN,0.125560538116592,NaN,NaN,0.297225891677675,NaN,NaN
NaN,0.87037037037037,NaN,NaN,NaN,0.447159841479524,0.596,NaN
NaN,NaN,NaN,NaN,0.294633817077287,0.441875825627477,NaN,NaN
0.545454545454546,0.592592592592593,0.112107623318386,NaN,NaN,NaN,0.225,0.192307692307692
NaN,0.583333333333333,NaN,NaN,NaN,NaN,NaN,0.615384615384615
NaN,NaN,NaN,0.444128113879004,NaN,NaN,0.41,0.461538461538462
0.886363636363636,NaN,0.183856502242152,0.710498220640569,0.597367532905839,NaN,NaN,0.346153846153846
NaN,0.703703703703704,NaN,0.391814946619217,NaN,NaN,NaN,NaN
NaN,NaN,0.152466367713004,NaN,NaN,0.505284015852048,NaN,NaN
NaN,NaN,NaN,NaN,NaN,0.281373844121532,NaN,0.269230769230769
NaN,NaN,NaN,NaN,NaN,NaN,NaN,0.307692307692308
0.651515151515151,0.648148148148148,NaN,0.380071174377224,0.248396895038812,NaN,NaN,NaN
NaN,NaN,0.121076233183857,NaN,0.33580830239622,NaN,NaN,NaN
0.727272727272727,0.675925925925926,NaN,NaN,NaN,0.352047556142668,NaN,NaN
NaN,NaN,0.125560538116592,NaN,NaN,NaN,0.223,NaN
NaN,0.648148148148148,NaN,NaN,0.260209247384408,NaN,NaN,NaN
NaN,NaN,NaN,NaN,NaN,NaN,NaN,NaN
NaN,NaN,0.134529147982063,0.483451957295374,NaN,NaN,0.34,NaN
NaN,NaN,NaN,NaN,NaN,NaN,0.305,0.230769230769231
NaN,0.768518518518518,NaN,NaN,0.4073574080324,NaN,NaN,0.653846153846154
NaN,NaN,NaN,NaN,NaN,0.0957727873183619,NaN,NaN
NaN,NaN,NaN,0.354626334519573,NaN,0.26221928665786,NaN,NaN
NaN,0.425925925925926,NaN,NaN,0.151535605804927,NaN,NaN,NaN
NaN,NaN,NaN,NaN,0.323658454269322,NaN,NaN,0.192307692307692
0.5,NaN,NaN,0.223487544483986,NaN,NaN,NaN,NaN
NaN,NaN,NaN,NaN,0.341883226459669,0.273447820343461,NaN,0.269230769230769
0.863636363636364,NaN,NaN,NaN,NaN,NaN,NaN,NaN
NaN,0.722222222222222,NaN,NaN,NaN,NaN,NaN,NaN
NaN,NaN,NaN,NaN,0.308471144110699,NaN,NaN,NaN
NaN,0.685185185185185,0.130044843049327,NaN,NaN,0.356010568031704,NaN,NaN
NaN,NaN,0.0762331838565023,0.131494661921708,NaN,0.116908850726552,NaN,0.153846153846154
0.689393939393939,NaN,0.116591928251121,NaN,NaN,NaN,NaN,0.230769230769231
NaN,NaN,NaN,0.240213523131673,NaN,NaN,NaN,0.269230769230769
0.712121212121212,NaN,NaN,NaN,NaN,0.338177014531044,0.3435,NaN
0.348484848484849,NaN,NaN,NaN,0.0782990212622342,0.0799207397622193,NaN,0.269230769230769
NaN,0.722222222222222,NaN,NaN,NaN,NaN,NaN,NaN
NaN,0.444444444444444,NaN,NaN,NaN,NaN,NaN,0.192307692307692
0.583333333333333,NaN,NaN,NaN,NaN,NaN,0.197,NaN
NaN,0.537037037037037,NaN,0.253914590747331,NaN,NaN,0.245,NaN
NaN,NaN,NaN,0.338967971530249,NaN,0.320343461030383,NaN,NaN
NaN,0.675925925925926,NaN,NaN,0.336145798177523,NaN,NaN,0.346153846153846
NaN,NaN,NaN,NaN,NaN,NaN,0.32,NaN
NaN,0.787037037037037,0.130044843049327,NaN,NaN,0.415455746367239,0.415,NaN
NaN,NaN,NaN,NaN,NaN,NaN,NaN,0.230769230769231
NaN,NaN,NaN,NaN,NaN,NaN,NaN,NaN
NaN,NaN,NaN,NaN,0.256496793790078,NaN,NaN,0.346153846153846
NaN,NaN,NaN,0.524377224199288,NaN,NaN,NaN,NaN
NaN,NaN,0.0941704035874439,NaN,NaN,NaN,0.09,NaN
NaN,0.5,NaN,NaN,NaN,0.249009247027741,0.26,NaN
NaN,NaN,NaN,0.263345195729537,NaN,NaN,NaN,NaN
0.674242424242424,NaN,NaN,0.361387900355872,NaN,NaN,NaN,NaN
NaN,NaN,NaN,0.339679715302491,0.226459669254134,NaN,NaN,0.346153846153846
0.696969696969697,NaN,0.143497757847534,NaN,NaN,NaN,NaN,NaN
NaN,NaN,NaN,NaN,NaN,0.32892998678996,NaN,NaN
NaN,NaN,NaN,0.595551601423488,NaN,0.486129458388375,NaN,NaN
0.446969696969697,0.462962962962963,NaN,NaN,NaN,NaN,NaN,NaN
NaN,0.703703703703704,NaN,NaN,NaN,0.437912813738441,0.3115,0.230769230769231
NaN,0.75,NaN,0.47153024911032,NaN,0.383091149273448,0.4325,NaN
NaN,NaN,NaN,0.50711743772242,NaN,NaN,NaN,NaN
NaN,NaN,NaN,0.534519572953737,NaN,NaN,NaN,NaN
NaN,NaN,0.15695067264574,NaN,NaN,NaN,NaN,0.230769230769231
NaN,0.453703703703704,NaN,NaN,NaN,NaN,NaN,0.230769230769231
NaN,NaN,NaN,NaN,0.318933513331083,NaN,NaN,NaN
0.560606060606061,NaN,NaN,NaN,NaN,NaN,0.29,0.461538461538462
NaN,NaN,NaN,0.38202846975089,NaN,NaN,0.287,NaN
0.651515151515151,NaN,0.139013452914798,NaN,0.220047249409382,0.212021136063408,NaN,0.730769230769231
NaN,NaN,NaN,0.361921708185053,NaN,NaN,NaN,NaN
0.560606060606061,NaN,NaN,NaN,0.221397232534593,0.272126816380449,NaN,0.461538461538462
NaN,NaN,NaN,NaN,NaN,0.390356671070013,0.365,NaN
NaN,NaN,NaN,0.329715302491103,NaN,NaN,NaN,0.307692307692308
0.757575757575758,0.731481481481481,0.134529147982063,NaN,NaN,NaN,NaN,NaN
NaN,0.574074074074074,NaN,NaN,NaN,NaN,NaN,NaN
0.598484848484849,0.546296296296296,NaN,0.323131672597865,0.273709078636517,NaN,0.235,0.153846153846154
0.856060606060606,0.861111111111111,NaN,NaN,NaN,NaN,NaN,NaN
NaN,NaN,0.130044843049327,0.377580071174377,0.273709078636517,0.330250990752972,0.295,NaN
NaN,NaN,0.0941704035874439,0.169395017793594,0.14444819439757,NaN,NaN,0.153846153846154
0.742424242424243,NaN,NaN,NaN,NaN,NaN,0.411,0.269230769230769
0.78030303030303,NaN,0.161434977578475,NaN,NaN,0.489431968295905,NaN,NaN
0.53030303030303,0.611111111111111,0.112107623318386,NaN,0.226122173472832,NaN,NaN,NaN
NaN,NaN,NaN,0.417615658362989,0.321633479581505,NaN,NaN,NaN
0.628787878787879,NaN,NaN,NaN,NaN,0.264861294583884,0.245,NaN
NaN,NaN,0.125560538116592,NaN,NaN,NaN,NaN,0.269230769230769
NaN,0.638888888888889,0.121076233183857,NaN,NaN,NaN,NaN,NaN
NaN,NaN,0.161434977578475,NaN,NaN,NaN,NaN,0.461538461538462
NaN,NaN,NaN,NaN,NaN,NaN,NaN,0.423076923076923
0.356060606060606,NaN,NaN,NaN,NaN,NaN,NaN,NaN
NaN,NaN,NaN,NaN,0.309483631454607,NaN,NaN,NaN
NaN,NaN,NaN,NaN,NaN,0.0330250990752972,NaN,0.115384615384615
NaN,NaN,NaN,NaN,0.273034087073912,NaN,NaN,NaN
0.666666666666667,NaN,0.130044843049327,NaN,NaN,NaN,NaN,0.192307692307692
0.696969696969697,NaN,0.139013452914798,0.369928825622776,0.362132973337833,NaN,NaN,0.230769230769231
NaN,NaN,NaN,NaN,NaN,0.00990752972258917,0.0145,NaN
0.568181818181818,NaN,0.0986547085201794,NaN,NaN,0.208058124174373,0.181,NaN
NaN,NaN,0.103139013452915,NaN,NaN,0.148612945838838,0.125,NaN
0.712121212121212,0.722222222222222,NaN,NaN,NaN,NaN,NaN,0.230769230769231
NaN,0.861111111111111,NaN,NaN,0.624029699628755,NaN,NaN,0.346153846153846
NaN,NaN,NaN,0.350355871886121,0.329058386770165,0.256274768824306,NaN,NaN
NaN,NaN,0.143497757847534,NaN,0.169760377995275,0.221928665785997,NaN,0.192307692307692
NaN,NaN,NaN,NaN,NaN,0.358652575957728,NaN,NaN
NaN,0.314814814814815,0.0582959641255605,NaN,0.0627742153223085,NaN,NaN,0.346153846153846
NaN,NaN,NaN,NaN,NaN,NaN,NaN,0.346153846153846
NaN,NaN,NaN,0.595373665480427,NaN,NaN,NaN,NaN
NaN,NaN,NaN,0.426334519572954,NaN,NaN,NaN,0.230769230769231
NaN,NaN,0.143497757847534,0.434163701067616,NaN,NaN,0.342,NaN
NaN,NaN,0.103139013452915,NaN,NaN,NaN,NaN,NaN
NaN,NaN,NaN,0.220640569395018,NaN,NaN,NaN,NaN
0.848484848484849,NaN,0.15695067264574,NaN,0.701991225109686,NaN,NaN,NaN
NaN,NaN,0.130044843049327,0.336654804270463,0.321633479581505,NaN,NaN,NaN
NaN,NaN,NaN,NaN,0.595342558218022,NaN,NaN,0.307692307692308
NaN,NaN,NaN,NaN,NaN,0.238441215323646,0.1965,0.230769230769231
NaN,0.657407407407407,0.147982062780269,NaN,0.268984137698279,NaN,NaN,NaN
NaN,0.657407407407407,NaN,NaN,0.337158285521431,NaN,NaN,NaN
NaN,NaN,NaN,NaN,NaN,0.186261558784676,NaN,NaN
NaN,0.703703703703704,0.139013452914798,NaN,NaN,NaN,0.2995,NaN
NaN,NaN,NaN,NaN,0.290246371920351,NaN,NaN,0.384615384615385
NaN,0.342592592592593,0.0762331838565023,NaN,NaN,NaN,NaN,0.153846153846154
0.75,0.740740740740741,0.125560538116592,NaN,0.482618967262909,NaN,NaN,NaN
0.325757575757576,NaN,0.0717488789237668,NaN,0.0499493756328046,NaN,NaN,0.153846153846154
0.393939393939394,NaN,NaN,NaN,NaN,NaN,0.12,NaN
NaN,0.592592592592593,NaN,NaN,NaN,0.196829590488771,NaN,NaN
NaN,NaN,0.147982062780269,NaN,NaN,NaN,NaN,NaN
0.575757575757576,NaN,NaN,NaN,NaN,0.233157199471598,NaN,0.269230769230769
NaN,NaN,NaN,NaN,NaN,NaN,NaN,0.307692307692308
NaN,0.592592592592593,NaN,NaN,0.248734390820115,NaN,NaN,NaN
0.371212121212121,0.388888888888889,NaN,NaN,0.0904488693891326,0.126155878467635,NaN,NaN
NaN,NaN,NaN,NaN,0.10124873439082,NaN,NaN,NaN
NaN,NaN,0.197309417040359,NaN,NaN,NaN,NaN,NaN
NaN,0.666666666666667,0.130044843049327,NaN,0.37529530880864,0.398282694848085,NaN,NaN
NaN,NaN,NaN,NaN,0.408369895376308,NaN,NaN,NaN
0.734848484848485,NaN,NaN,NaN,NaN,0.373183619550859,NaN,0.730769230769231
NaN,0.611111111111111,NaN,NaN,0.206884913938576,NaN,NaN,0.230769230769231
NaN,NaN,NaN,NaN,NaN,NaN,NaN,0.230769230769231
0.734848484848485,NaN,NaN,NaN,NaN,NaN,0.3,0.230769230769231
NaN,NaN,0.170403587443946,NaN,NaN,NaN,NaN,0.423076923076923
NaN,NaN,0.143497757847534,0.49644128113879,0.462031724603442,NaN,NaN,NaN
NaN,0.444444444444444,NaN,NaN,NaN,NaN,NaN,NaN
NaN,NaN,NaN,0.325444839857651,NaN,0.309114927344782,NaN,NaN
NaN,0.592592592592593,NaN,NaN,NaN,NaN,0.265,NaN
0.712121212121212,0.685185185185185,0.165919282511211,NaN,NaN,NaN,NaN,NaN
NaN,0.787037037037037,0.170403587443946,NaN,NaN,NaN,NaN,NaN
NaN,NaN,NaN,NaN,NaN,0.0468956406869221,NaN,NaN
0.636363636363636,NaN,NaN,NaN,NaN,NaN,0.2525,NaN
0.431818181818182,NaN,0.0986547085201794,0.138078291814947,0.113736078299021,NaN,0.124,NaN
0.75,0.722222222222222,NaN,NaN,NaN,NaN,NaN,NaN
0.848484848484849,0.814814814814815,NaN,0.643950177935943,NaN,0.498678996036988,0.435,NaN
NaN,NaN,NaN,0.168149466192171,NaN,NaN,NaN,0.269230769230769
NaN,NaN,NaN,NaN,0.190685116436045,NaN,NaN,0.269230769230769
NaN,NaN,NaN,NaN,NaN,0.310435931307794,NaN,0.461538461538462
NaN,NaN,NaN,NaN,NaN,NaN,NaN,NaN
NaN,NaN,NaN,NaN,NaN,NaN,NaN,NaN
NaN,0.685185185185185,0.152466367713004,NaN,NaN,0.412153236459709,0.325,0.269230769230769
NaN,NaN,NaN,NaN,NaN,NaN,0.3295,NaN
0.704545454545455,0.666666666666667,NaN,NaN,NaN,0.352708058124174,NaN,0.769230769230769
NaN,NaN,0.0986547085201794,NaN,0.365170435369558,NaN,0.21,NaN
0.590909090909091,NaN,NaN,0.331672597864769,NaN,0.311756935270806,NaN,NaN
NaN,NaN,NaN,0.430071174377224,NaN,NaN,NaN,0.269230769230769
NaN,NaN,0.125560538116592,NaN,0.202834964562943,NaN,0.2545,NaN
NaN,0.592592592592593,NaN,NaN,NaN,NaN,0.245,NaN
0.553030303030303,0.657407407407407,NaN,NaN,NaN,0.25891677675033,0.25,NaN
NaN,NaN,NaN,NaN,NaN,NaN,NaN,NaN
0.446969696969697,0.435185185185185,0.0941704035874439,0.14270462633452,0.107323658454269,NaN,NaN,NaN
NaN,0.648148148148148,NaN,NaN,NaN,NaN,NaN,0.269230769230769
NaN,0.546296296296296,0.0941704035874439,NaN,NaN,NaN,NaN,NaN
NaN,NaN,0.0896860986547085,NaN,NaN,NaN,0.135,NaN
0.522727272727273,NaN,0.0896860986547085,NaN,0.194397570030375,NaN,NaN,NaN
NaN,NaN,NaN,NaN,0.487343908201148,NaN,NaN,NaN
NaN,NaN,NaN,NaN,NaN,NaN,NaN,NaN
NaN,NaN,0.116591928251121,NaN,NaN,0.247027741083223,0.165,NaN
NaN,NaN,0.0986547085201794,NaN,NaN,0.212021136063408,NaN,NaN
NaN,NaN,NaN,0.656049822064057,NaN,NaN,NaN,NaN
NaN,NaN,NaN,NaN,NaN,NaN,NaN,0.346153846153846
0.636363636363636,0.694444444444444,NaN,0.364768683274021,NaN,NaN,0.295,NaN
NaN,0.712962962962963,0.130044843049327,NaN,0.423219709753628,NaN,NaN,NaN
NaN,NaN,NaN,0.690747330960854,NaN,NaN,NaN,NaN
NaN,NaN,NaN,NaN,NaN,NaN,NaN,0.5
NaN,NaN,0.0896860986547085,NaN,NaN,NaN,0.215,NaN
0.674242424242424,NaN,0.139013452914798,NaN,NaN,NaN,0.33,NaN
NaN,NaN,0.125560538116592,NaN,NaN,NaN,NaN,NaN
NaN,0.416666666666667,0.0852017937219731,NaN,NaN,NaN,NaN,0.230769230769231
0.840909090909091,NaN,NaN,NaN,NaN,0.587186261558785,NaN,0.307692307692308
0.742424242424243,NaN,0.121076233183857,NaN,NaN,NaN,0.28,NaN
0.553030303030303,0.564814814814815,0.116591928251121,NaN,NaN,NaN,NaN,NaN
0.689393939393939,0.694444444444444,NaN,0.358362989323843,NaN,0.313738441215324,NaN,0.346153846153846
NaN,NaN,NaN,0.291992882562278,0.269659129260884,NaN,NaN,NaN
0.643939393939394,NaN,NaN,0.368683274021352,NaN,0.33883751651255,NaN,0.192307692307692
NaN,NaN,NaN,NaN,0.396220047249409,NaN,NaN,NaN
NaN,NaN,NaN,0.185231316725979,0.123523455956801,NaN,NaN,NaN
NaN,NaN,0.147982062780269,NaN,NaN,NaN,NaN,NaN
0.575757575757576,0.62962962962963,NaN,NaN,NaN,NaN,NaN,NaN
NaN,0.657407407407407,NaN,NaN,NaN,NaN,0.435,0.346153846153846
NaN,0.768518518518518,NaN,NaN,NaN,0.319022457067371,NaN,0.384615384615385
NaN,NaN,0.0986547085201794,NaN,NaN,0.114927344782034,NaN,NaN
NaN,NaN,0.147982062780269,NaN,NaN,NaN,NaN,0.307692307692308
NaN,NaN,NaN,0.382384341637011,NaN,0.291941875825627,NaN,0.346153846153846
NaN,NaN,NaN,0.409430604982206,0.321633479581505,NaN,0.35,0.384615384615385
NaN,0.537037037037037,0.112107623318386,0.219928825622776,NaN,NaN,0.163,NaN
NaN,NaN,NaN,NaN,NaN,NaN,NaN,NaN
NaN,NaN,NaN,NaN,0.204184947688154,0.321003963011889,NaN,NaN
0.787878787878788,NaN,NaN,NaN,NaN,NaN,0.507,0.346153846153846
0.674242424242424,NaN,0.139013452914798,NaN,0.332770840364495,NaN,NaN,NaN
0.704545454545455,NaN,NaN,NaN,NaN,NaN,NaN,NaN
NaN,NaN,0.174887892376682,NaN,NaN,0.535006605019815,NaN,NaN
NaN,0.657407407407407,0.121076233183857,NaN,NaN,NaN,NaN,NaN
NaN,NaN,NaN,NaN,0.595680053999325,NaN,NaN,NaN
NaN,NaN,NaN,NaN,NaN,NaN,NaN,NaN
NaN,NaN,NaN,NaN,0.179210259871752,0.188243064729194,NaN,NaN
NaN,NaN,NaN,0.345195729537367,NaN,NaN,NaN,NaN
NaN,NaN,0.0986547085201794,NaN,0.234897063786703,NaN,NaN,NaN
0.848484848484849,NaN,0.147982062780269,NaN,0.473506581167735,0.461690885072655,0.44,NaN
NaN,NaN,NaN,NaN,NaN,NaN,NaN,0.692307692307692
0.666666666666667,NaN,NaN,NaN,NaN,0.291941875825627,NaN,0.230769230769231
NaN,0.398148148148148,NaN,NaN,0.0631117111036112,NaN,NaN,NaN
NaN,NaN,NaN,0.416192170818505,NaN,NaN,NaN,0.307692307692308
NaN,NaN,0.062780269058296,NaN,NaN,0.0574636723910172,NaN,NaN
NaN,NaN,NaN,NaN,0.199797502531218,NaN,0.23,NaN
NaN,NaN,NaN,NaN,NaN,NaN,NaN,NaN
NaN,0.444444444444444,NaN,NaN,NaN,0.188243064729194,NaN,NaN
0.765151515151515,0.75,NaN,NaN,NaN,0.553500660501982,NaN,0.307692307692308
NaN,NaN,0.125560538116592,NaN,NaN,NaN,NaN,NaN
NaN,NaN,NaN,NaN,NaN,0.176354029062087,0.19,NaN
NaN,NaN,0.161434977578475,0.893416370106762,NaN,NaN,0.615,NaN
NaN,NaN,NaN,0.388612099644128,NaN,NaN,NaN,NaN
NaN,NaN,NaN,0.198220640569395,0.128248396895039,NaN,NaN,0.269230769230769
NaN,NaN,NaN,NaN,0.340195747553156,NaN,0.67,NaN
0.75,NaN,0.139013452914798,0.552135231316726,0.484643941950726,0.457067371202114,0.386,0.269230769230769
NaN,NaN,NaN,NaN,NaN,NaN,NaN,NaN
NaN,NaN,NaN,0.521174377224199,NaN,NaN,0.4105,0.269230769230769
NaN,NaN,NaN,NaN,0.149848126898414,0.163804491413474,0.22,NaN
NaN,NaN,NaN,0.435053380782918,NaN,NaN,0.315,0.192307692307692
NaN,0.75,NaN,NaN,0.337495781302734,NaN,0.445,0.269230769230769
NaN,NaN,NaN,0.409252669039146,NaN,0.275429326287979,0.1575,NaN
NaN,0.712962962962963,0.197309417040359,0.480604982206406,NaN,NaN,NaN,NaN
NaN,NaN,0.103139013452915,NaN,0.211272359095511,0.230515191545575,NaN,0.384615384615385
0.757575757575758,NaN,NaN,NaN,NaN,NaN,0.415,0.307692307692308
NaN,NaN,0.139013452914798,0.50373665480427,0.415457306783665,NaN,NaN,0.269230769230769
NaN,NaN,NaN,NaN,NaN,0.400924702774108,0.355,NaN
NaN,NaN,NaN,0.471886120996441,NaN,NaN,NaN,NaN
NaN,NaN,NaN,0.152491103202847,NaN,0.147291941875826,0.135,NaN
0.568181818181818,NaN,0.125560538116592,NaN,NaN,NaN,NaN,0.269230769230769
NaN,NaN,0.0807174887892377,NaN,NaN,NaN,NaN,NaN
0.46969696969697,NaN,0.0852017937219731,NaN,NaN,0.130779392338177,NaN,NaN
NaN,NaN,NaN,NaN,NaN,NaN,NaN,NaN
0.742424242424243,NaN,NaN,0.533274021352313,NaN,0.341479524438573,NaN,0.5
NaN,NaN,NaN,NaN,NaN,0.307133421400264,NaN,NaN
NaN,NaN,NaN,NaN,0.0259871751603105,NaN,NaN,NaN
NaN,0.490740740740741,NaN,NaN,NaN,NaN,NaN,0.230769230769231
NaN,0.796296296296296,NaN,NaN,0.330070874114074,0.331571994715984,NaN,NaN
NaN,NaN,NaN,0.486298932384342,NaN,NaN,NaN,0.230769230769231
NaN,NaN,NaN,0.264056939501779,0.264259196760041,NaN,NaN,NaN
0.689393939393939,NaN,NaN,NaN,0.331758353020587,NaN,NaN,NaN
NaN,0.259259259259259,NaN,NaN,NaN,NaN,0.05,NaN
0.462121212121212,0.407407407407407,0.121076233183857,NaN,NaN,NaN,NaN,NaN
NaN,NaN,NaN,NaN,0.491056361795478,NaN,NaN,NaN
NaN,NaN,0.139013452914798,NaN,NaN,NaN,NaN,NaN
NaN,0.611111111111111,NaN,NaN,NaN,NaN,NaN,NaN
NaN,NaN,NaN,0.0170818505338078,NaN,NaN,NaN,0.0384615384615385
NaN,NaN,NaN,NaN,NaN,NaN,0.21,NaN
NaN,NaN,NaN,NaN,NaN,0.230515191545575,NaN,NaN
0.598484848484849,NaN,0.112107623318386,0.248398576512456,NaN,NaN,NaN,0.230769230769231
0.621212121212121,0.62037037037037,0.0986547085201794,0.290035587188612,NaN,NaN,0.225,0.307692307692308
NaN,NaN,NaN,NaN,NaN,0.264200792602378,NaN,NaN
NaN,NaN,NaN,NaN,NaN,NaN,NaN,NaN
NaN,NaN,0.121076233183857,NaN,0.276409044886939,NaN,0.4355,0.461538461538462
0.666666666666667,NaN,NaN,NaN,NaN,NaN,0.325,0.269230769230769
NaN,NaN,0.0672645739910314,NaN,NaN,NaN,NaN,NaN
NaN,0.231481481481481,NaN,0.0494661921708185,NaN,0.0416116248348745,0.04,0.115384615384615
NaN,NaN,NaN,NaN,NaN,NaN,NaN,NaN
NaN,0.898148148148148,NaN,NaN,NaN,NaN,0.655,0.5
NaN,NaN,NaN,NaN,NaN,NaN,0.215,NaN
0.704545454545455,NaN,NaN,NaN,NaN,NaN,NaN,NaN
NaN,NaN,NaN,NaN,NaN,0.379128137384412,NaN,NaN
NaN,0.722222222222222,NaN,NaN,NaN,0.391677675033025,NaN,NaN
NaN,NaN,NaN,NaN,NaN,NaN,NaN,0.230769230769231
NaN,NaN,0.121076233183857,NaN,NaN,NaN,NaN,NaN
NaN,NaN,0.125560538116592,0.427580071174377,NaN,0.40224570673712,NaN,NaN
0.613636363636364,0.62962962962963,NaN,0.314768683274021,NaN,0.236459709379128,NaN,NaN
NaN,NaN,0.188340807174888,NaN,0.391832602092474,NaN,NaN,NaN
NaN,NaN,NaN,NaN,NaN,NaN,NaN,NaN
NaN,0.712962962962963,NaN,NaN,NaN,NaN,0.365,NaN
NaN,0.583333333333333,0.125560538116592,NaN,0.239622004724941,NaN,NaN,NaN
NaN,NaN,NaN,0.259252669039146,0.189672629092136,NaN,NaN,0.461538461538462
NaN,NaN,0.0896860986547085,NaN,NaN,NaN,0.162,NaN
NaN,NaN,NaN,0.182384341637011,NaN,NaN,NaN,NaN
0.613636363636364,NaN,NaN,NaN,0.26662166722916,NaN,NaN,NaN
0.53030303030303,0.537037037037037,NaN,0.270284697508897,NaN,0.203434610303831,NaN,NaN
NaN,0.490740740740741,NaN,NaN,NaN,0.184940554821664,0.15,NaN
0.310606060606061,NaN,NaN,NaN,NaN,NaN,NaN,0.0769230769230769
NaN,NaN,NaN,0.486298932384342,NaN,NaN,NaN,NaN
NaN,0.833333333333333,NaN,NaN,NaN,0.595772787318362,NaN,NaN
0.840909090909091,NaN,0.161434977578475,NaN,NaN,NaN,0.6805,NaN
0.598484848484849,NaN,NaN,0.322953736654804,NaN,NaN,0.278,NaN
NaN,NaN,NaN,NaN,NaN,0.395640686922061,NaN,NaN
0.560606060606061,0.611111111111111,NaN,NaN,0.211947350658117,NaN,NaN,NaN
NaN,NaN,NaN,NaN,NaN,0.0957727873183619,NaN,NaN
NaN,NaN,NaN,NaN,0.258184272696591,0.222589167767503,0.267,0.307692307692308
NaN,NaN,0.121076233183857,NaN,NaN,NaN,NaN,0.307692307692308
NaN,0.574074074074074,NaN,NaN,NaN,NaN,NaN,0.192307692307692
NaN,NaN,NaN,NaN,NaN,0.243725231175694,0.26,NaN
0.757575757575758,0.759259259259259,0.139013452914798,0.401779359430605,NaN,0.290620871862616,NaN,NaN
0.681818181818182,NaN,NaN,NaN,NaN,NaN,NaN,0.423076923076923
NaN,0.490740740740741,NaN,0.180604982206406,NaN,NaN,0.14,NaN
0.871212121212121,NaN,NaN,0.730782918149466,NaN,NaN,0.638,NaN
NaN,NaN,NaN,NaN,0.410394870064124,NaN,NaN,NaN
NaN,0.62962962962963,0.161434977578475,0.288612099644128,0.267971650354371,NaN,NaN,0.230769230769231
NaN,0.842592592592592,0.165919282511211,NaN,0.503881201484982,NaN,NaN,NaN
0.689393939393939,NaN,NaN,NaN,NaN,NaN,NaN,0.461538461538462
0.643939393939394,0.675925925925926,NaN,NaN,0.259534255821802,NaN,NaN,0.423076923076923
NaN,NaN,NaN,0.0887900355871886,NaN,NaN,0.0815,0.384615384615385
NaN,NaN,NaN,0.233807829181495,NaN,NaN,NaN,NaN
NaN,0.722222222222222,NaN,0.438078291814947,NaN,NaN,0.295,NaN
NaN,NaN,NaN,NaN,NaN,0.0224570673712021,NaN,NaN
0.598484848484849,NaN,0.147982062780269,0.288612099644128,NaN,NaN,NaN,NaN
0.666666666666667,NaN,NaN,NaN,NaN,NaN,NaN,NaN
NaN,NaN,NaN,0.151067615658363,0.109686128923388,NaN,NaN,NaN
NaN,NaN,NaN,NaN,0.171785352683091,0.180317040951123,NaN,NaN
NaN,0.703703703703704,0.0852017937219731,NaN,0.350995612554843,NaN,NaN,0.230769230769231
0.545454545454546,0.546296296296296,0.112107623318386,NaN,NaN,NaN,NaN,NaN
NaN,0.666666666666667,NaN,NaN,NaN,NaN,NaN,NaN
NaN,NaN,NaN,NaN,NaN,NaN,0.28,0.307692307692308
NaN,NaN,NaN,NaN,0.309146135673304,NaN,NaN,NaN
NaN,NaN,NaN,NaN,NaN,0.468295904887715,NaN,0.307692307692308
NaN,0.703703703703704,0.143497757847534,NaN,NaN,0.35336856010568,NaN,NaN
0.643939393939394,NaN,0.121076233183857,0.390925266903915,NaN,NaN,NaN,NaN
0.628787878787879,0.601851851851852,NaN,NaN,0.254134323320958,NaN,NaN,NaN
NaN,NaN,0.134529147982063,NaN,0.301721228484644,NaN,NaN,NaN
NaN,NaN,0.0896860986547085,0.196975088967972,NaN,NaN,NaN,NaN
0.484848484848485,NaN,0.0762331838565023,NaN,NaN,0.126816380449141,NaN,NaN
0.795454545454546,0.833333333333333,0.161434977578475,0.627046263345196,NaN,0.421400264200793,NaN,NaN
NaN,NaN,NaN,NaN,0.464056699291259,NaN,NaN,NaN
NaN,NaN,0.130044843049327,NaN,NaN,NaN,NaN,0.423076923076923
NaN,NaN,NaN,0.448754448398576,NaN,NaN,NaN,NaN
NaN,NaN,NaN,0.398220640569395,0.350995612554843,NaN,0.29,NaN
0.71969696969697,NaN,0.121076233183857,NaN,NaN,NaN,0.311,NaN
NaN,NaN,NaN,0.266370106761566,NaN,NaN,NaN,NaN
0.681818181818182,0.666666666666667,NaN,NaN,0.402294971312859,NaN,NaN,0.307692307692308
0.787878787878788,NaN,NaN,NaN,NaN,0.527080581241744,NaN,NaN
NaN,NaN,NaN,NaN,0.4073574080324,NaN,NaN,NaN
NaN,0.62962962962963,NaN,NaN,NaN,NaN,NaN,NaN
NaN,0.638888888888889,NaN,NaN,NaN,NaN,NaN,0.269230769230769
NaN,NaN,NaN,NaN,NaN,NaN,NaN,NaN
NaN,NaN,NaN,0.372953736654804,0.350995612554843,NaN,NaN,0.192307692307692
NaN,NaN,NaN,0.147508896797153,NaN,0.122853368560106,0.125,NaN
NaN,0.657407407407407,NaN,0.3855871886121,NaN,NaN,NaN,NaN
NaN,NaN,0.103139013452915,NaN,0.198110023624705,NaN,NaN,0.307692307692308
NaN,NaN,NaN,NaN,NaN,NaN,NaN,NaN
NaN,NaN,NaN,NaN,NaN,0.254953764861295,NaN,NaN
NaN,NaN,1,NaN,NaN,NaN,0.1285,NaN
NaN,NaN,NaN,NaN,0.486331420857239,0.471598414795244,0.44,NaN
0.757575757575758,NaN,0.165919282511211,0.545195729537367,NaN,NaN,NaN,NaN
0.772727272727273,0.768518518518518,NaN,NaN,NaN,0.398282694848085,NaN,NaN
NaN,NaN,NaN,NaN,NaN,0.292602377807133,NaN,NaN
NaN,NaN,NaN,0.315658362989324,0.204859939250759,NaN,NaN,0.423076923076923
NaN,NaN,NaN,NaN,0.168072899088761,NaN,NaN,NaN
NaN,NaN,0.125560538116592,NaN,NaN,0.231175693527081,NaN,0.307692307692308
0.628787878787879,NaN,NaN,0.350533807829182,NaN,NaN,NaN,NaN
0.628787878787879,NaN,NaN,NaN,0.354033074586568,0.245706737120211,NaN,NaN
NaN,NaN,0.125560538116592,0.362277580071174,0.312183597705029,0.28996036988111,NaN,0.269230769230769
0.590909090909091,NaN,0.121076233183857,NaN,0.25683428957138,NaN,NaN,0.307692307692308
NaN,NaN,NaN,NaN,NaN,NaN,NaN,0.230769230769231
0.818181818181818,NaN,NaN,NaN,NaN,NaN,0.4705,NaN
0.674242424242424,NaN,NaN,0.324733096085409,NaN,NaN,0.27,NaN
NaN,NaN,0.130044843049327,0.339679715302491,0.190347620654742,NaN,NaN,NaN
NaN,0.75,NaN,NaN,0.272696591292609,0.256274768824306,NaN,0.384615384615385
NaN,0.62962962962963,0.121076233183857,0.328291814946619,NaN,NaN,NaN,NaN
0.507575757575758,0.490740740740741,0.10762331838565,NaN,NaN,NaN,NaN,NaN
0.840909090909091,NaN,NaN,0.672241992882562,0.590955113061087,NaN,NaN,0.384615384615385
NaN,NaN,NaN,0.141459074733096,NaN,0.130118890356671,NaN,NaN
0.704545454545455,0.685185185185185,NaN,0.364768683274021,0.308808639892001,NaN,0.295,NaN
NaN,NaN,NaN,0.358896797153025,NaN,NaN,NaN,NaN
NaN,NaN,0.103139013452915,NaN,0.236584542693216,0.235138705416116,NaN,0.384615384615385
NaN,NaN,0.170403587443946,NaN,NaN,NaN,NaN,NaN
NaN,NaN,0.134529147982063,NaN,NaN,NaN,0.289,NaN
NaN,NaN,0.134529147982063,0.481672597864769,NaN,0.447159841479524,0.353,0.269230769230769
NaN,NaN,NaN,0.177758007117438,NaN,NaN,NaN,NaN
NaN,NaN,NaN,NaN,0.491731353358083,NaN,NaN,0.307692307692308
NaN,NaN,NaN,NaN,NaN,NaN,NaN,NaN
NaN,NaN,NaN,NaN,NaN,0.54557463672391,NaN,0.230769230769231
NaN,0.814814814814815,0.139013452914798,NaN,NaN,NaN,0.296,NaN
0.666666666666667,0.657407407407407,NaN,0.359608540925267,NaN,NaN,NaN,NaN
NaN,NaN,NaN,0.309074733096085,0.189672629092136,NaN,NaN,NaN
0.689393939393939,NaN,NaN,0.374377224199288,NaN,0.281373844121532,NaN,NaN
NaN,NaN,0.116591928251121,NaN,NaN,0.16776750330251,NaN,NaN
NaN,NaN,0.134529147982063,0.299288256227758,NaN,0.261558784676354,0.205,NaN
NaN,0.638888888888889,NaN,NaN,NaN,NaN,NaN,NaN
NaN,NaN,NaN,0.391637010676157,NaN,NaN,0.31,NaN
0.674242424242424,NaN,NaN,NaN,NaN,NaN,NaN,0.384615384615385
0.545454545454546,0.537037037037037,0.130044843049327,0.285409252669039,NaN,NaN,NaN,NaN
0.492424242424242,NaN,NaN,NaN,NaN,NaN,NaN,NaN
0.840909090909091,0.824074074074074,0.139013452914798,0.517615658362989,NaN,NaN,0.426,NaN
NaN,0.527777777777778,NaN,NaN,0.213972325345933,NaN,NaN,NaN
NaN,NaN,0.147982062780269,NaN,NaN,NaN,0.36,NaN
NaN,0.638888888888889,NaN,NaN,NaN,NaN,NaN,NaN
NaN,0.694444444444444,NaN,0.436832740213523,NaN,NaN,NaN,0.269230769230769
NaN,NaN,0.143497757847534,0.389501779359431,NaN,NaN,NaN,NaN
NaN,NaN,NaN,0.160142348754448,NaN,NaN,0.13,NaN
NaN,NaN,NaN,0.166192170818505,0.137360782990213,0.132760898282695,0.1485,0.269230769230769
NaN,NaN,0.062780269058296,NaN,0.036787040161998,NaN,0.04,NaN
NaN,0.814814814814815,NaN,NaN,NaN,NaN,NaN,0.269230769230769
NaN,NaN,NaN,NaN,0.0610867364157948,0.023778071334214,NaN,NaN
NaN,NaN,NaN,NaN,NaN,NaN,NaN,0.230769230769231
NaN,NaN,NaN,NaN,NaN,NaN,NaN,0.346153846153846
0.651515151515151,0.657407407407407,NaN,NaN,NaN,0.296565389696169,NaN,0.230769230769231
0.825757575757576,NaN,NaN,NaN,NaN,NaN,NaN,NaN
0.681818181818182,NaN,NaN,NaN,NaN,NaN,NaN,NaN
0.393939393939394,NaN,0.0762331838565023,NaN,NaN,0.071994715984148,NaN,NaN
0.742424242424243,NaN,NaN,NaN,NaN,NaN,NaN,NaN
NaN,0.509259259259259,NaN,NaN,NaN,NaN,NaN,0.346153846153846
NaN,NaN,0.143497757847534,0.456227758007117,NaN,NaN,0.31,NaN
0.492424242424242,NaN,0.0941704035874439,0.204270462633452,NaN,NaN,NaN,NaN
NaN,NaN,NaN,0.217437722419929,0.170435369557881,NaN,0.17,NaN
0.522727272727273,0.518518518518518,NaN,NaN,NaN,NaN,NaN,NaN
NaN,0.694444444444444,NaN,0.380071174377224,NaN,0.301188903566711,0.271,NaN
0.575757575757576,NaN,NaN,0.266370106761566,0.20620992237597,NaN,0.26,0.307692307692308
0.765151515151515,0.722222222222222,0.134529147982063,0.464056939501779,NaN,NaN,NaN,0.230769230769231
0.583333333333333,NaN,0.112107623318386,NaN,0.21599730003375,NaN,0.2315,NaN
NaN,NaN,0.0941704035874439,NaN,0.20620992237597,NaN,NaN,NaN
NaN,NaN,0.0582959641255605,0.0626334519572954,NaN,NaN,NaN,NaN
NaN,NaN,NaN,NaN,0.261896726290921,NaN,NaN,NaN
NaN,NaN,0.15695067264574,NaN,NaN,NaN,NaN,NaN
0.666666666666667,NaN,0.121076233183857,0.366014234875445,0.345258184272697,0.287318361955086,NaN,0.230769230769231
NaN,0.62962962962963,NaN,NaN,0.221397232534593,0.169749009247028,NaN,0.423076923076923
0.727272727272727,0.740740740740741,0.174887892376682,0.563167259786477,NaN,NaN,0.575,NaN
NaN,0.796296296296296,0.130044843049327,NaN,0.557880526493419,NaN,0.47,NaN
0.78030303030303,0.787037037037037,0.152466367713004,NaN,NaN,0.458388375165125,NaN,0.692307692307692
NaN,NaN,0.121076233183857,0.307829181494662,NaN,NaN,0.23,NaN
NaN,NaN,0.147982062780269,NaN,NaN,NaN,NaN,NaN
NaN,NaN,NaN,NaN,0.373607829902126,0.320343461030383,NaN,0.423076923076923
0.590909090909091,NaN,NaN,NaN,0.267634154573068,0.240422721268164,NaN,0.153846153846154
NaN,NaN,NaN,0.506761565836299,0.448869389132636,NaN,NaN,NaN
0.674242424242424,0.675925925925926,NaN,NaN,NaN,NaN,NaN,NaN
NaN,NaN,NaN,NaN,NaN,0.256274768824306,NaN,NaN
NaN,NaN,0.152466367713004,0.62491103202847,NaN,0.4332892998679,0.432,NaN
0.431818181818182,NaN,0.103139013452915,0.16779359430605,NaN,0.123513870541612,NaN,0.230769230769231
NaN,NaN,0.201793721973094,NaN,0.907526155923051,NaN,NaN,NaN
0.409090909090909,NaN,NaN,NaN,NaN,NaN,0.16,NaN
NaN,NaN,0.143497757847534,NaN,NaN,0.440554821664465,NaN,0.269230769230769
NaN,NaN,NaN,NaN,0.363820452244347,NaN,NaN,NaN
NaN,0.759259259259259,NaN,NaN,0.410732365845427,NaN,NaN,NaN
NaN,NaN,0.139013452914798,NaN,NaN,NaN,0.336,NaN
0.71969696969697,NaN,NaN,0.413879003558719,0.345595680053999,NaN,0.3185,NaN
NaN,0.638888888888889,0.121076233183857,NaN,NaN,NaN,NaN,NaN
NaN,NaN,NaN,0.380427046263345,NaN,0.307133421400264,NaN,NaN
NaN,NaN,NaN,NaN,0.473506581167735,0.473579920739762,0.4665,NaN
NaN,NaN,0.134529147982063,NaN,NaN,NaN,0.445,NaN
0.446969696969697,NaN,NaN,0.164590747330961,NaN,NaN,NaN,NaN
0.446969696969697,NaN,NaN,NaN,NaN,NaN,0.105,NaN
NaN,NaN,0.0941704035874439,NaN,NaN,NaN,0.165,NaN
0.803030303030303,NaN,NaN,NaN,NaN,NaN,NaN,NaN
NaN,NaN,NaN,NaN,NaN,NaN,0.353,NaN
NaN,NaN,0.116591928251121,NaN,NaN,0.247688243064729,0.245,0.384615384615385
0.71969696969697,0.731481481481481,NaN,NaN,NaN,0.281373844121532,0.31,NaN
NaN,NaN,NaN,NaN,NaN,0.330911492734478,NaN,0.307692307692308
0.560606060606061,0.555555555555555,NaN,NaN,NaN,NaN,0.1715,0.230769230769231
NaN,NaN,NaN,0.498220640569395,0.338508268646642,0.410832232496697,NaN,NaN
NaN,NaN,NaN,NaN,0.190685116436045,NaN,NaN,NaN
0.742424242424243,NaN,NaN,0.436298932384342,NaN,NaN,0.31,0.230769230769231
NaN,NaN,NaN,NaN,NaN,NaN,NaN,NaN
NaN,NaN,NaN,NaN,NaN,0.0198150594451783,NaN,NaN
NaN,0.787037037037037,NaN,NaN,NaN,0.334874504623514,0.48,0.423076923076923
0.71969696969697,0.666666666666667,NaN,NaN,NaN,NaN,NaN,0.346153846153846
0.636363636363636,NaN,NaN,NaN,NaN,NaN,NaN,NaN
NaN,NaN,0.121076233183857,NaN,NaN,NaN,NaN,0.192307692307692
NaN,0.703703703703704,NaN,NaN,NaN,NaN,0.275,0.269230769230769
0.522727272727273,NaN,0.116591928251121,NaN,0.179885251434357,NaN,NaN,0.307692307692308
NaN,0.361111111111111,NaN,NaN,0.0766115423557205,NaN,NaN,0.269230769230769
0.643939393939394,0.648148148148148,NaN,0.409074733096085,NaN,0.287318361955086,NaN,NaN
NaN,0.722222222222222,NaN,NaN,NaN,NaN,NaN,NaN
NaN,NaN,NaN,NaN,NaN,0.136723910171731,NaN,0.307692307692308
0.484848484848485,0.481481481481481,NaN,NaN,0.145460681741478,NaN,NaN,NaN
0.674242424242424,NaN,NaN,0.363879003558719,NaN,NaN,NaN,NaN
0.71969696969697,0.694444444444444,NaN,0.437010676156584,NaN,0.402906208718626,NaN,0.307692307692308
NaN,NaN,NaN,NaN,NaN,NaN,NaN,NaN
NaN,0.611111111111111,0.130044843049327,NaN,NaN,0.270145310435931,NaN,0.269230769230769
0.75,0.759259259259259,NaN,NaN,NaN,NaN,NaN,NaN
NaN,NaN,NaN,NaN,NaN,NaN,NaN,NaN
NaN,NaN,NaN,0.313879003558719,NaN,NaN,NaN,0.269230769230769
NaN,0.648148148148148,NaN,NaN,0.263584205197435,NaN,0.2605,0.230769230769231
NaN,0.861111111111111,NaN,NaN,NaN,0.592470277410832,0.845,NaN
NaN,NaN,0.143497757847534,NaN,0.26662166722916,NaN,NaN,0.384615384615385
NaN,0.361111111111111,NaN,NaN,NaN,0.111624834874505,NaN,NaN
NaN,NaN,0.210762331838565,NaN,NaN,1,NaN,0.346153846153846
NaN,0.537037037037037,NaN,0.288078291814947,NaN,NaN,NaN,NaN
0.689393939393939,NaN,NaN,NaN,0.325008437394533,0.324966974900925,NaN,NaN
NaN,NaN,NaN,NaN,NaN,NaN,NaN,NaN
NaN,0.722222222222222,NaN,0.614056939501779,NaN,0.426023778071334,NaN,NaN
NaN,0.666666666666667,0.112107623318386,NaN,NaN,NaN,NaN,NaN
0.636363636363636,0.638888888888889,0.134529147982063,NaN,0.249746878164023,NaN,NaN,NaN
NaN,0.842592592592592,0.170403587443946,NaN,NaN,0.603698811096433,NaN,NaN
NaN,0.796296296296296,NaN,NaN,0.494431319608505,NaN,NaN,NaN
0.712121212121212,NaN,0.134529147982063,NaN,NaN,NaN,NaN,NaN
NaN,0.722222222222222,NaN,NaN,0.395882551468107,NaN,NaN,0.307692307692308
NaN,NaN,NaN,0.570640569395018,NaN,NaN,NaN,NaN
NaN,NaN,NaN,NaN,NaN,NaN,0.395,NaN
0.371212121212121,NaN,NaN,0.14288256227758,NaN,NaN,NaN,NaN
NaN,NaN,0.152466367713004,NaN,NaN,NaN,NaN,0.269230769230769
NaN,0.518518518518518,0.125560538116592,NaN,NaN,NaN,NaN,NaN
0.787878787878788,NaN,0.147982062780269,NaN,NaN,NaN,NaN,NaN
0.598484848484849,NaN,NaN,NaN,0.199460006749916,NaN,NaN,0.769230769230769
0.765151515151515,0.731481481481481,0.165919282511211,NaN,NaN,0.388375165125495,NaN,0.576923076923077
NaN,NaN,NaN,NaN,NaN,NaN,NaN,0.269230769230769
NaN,NaN,NaN,NaN,NaN,0.325627476882431,NaN,NaN
0.477272727272727,0.490740740740741,NaN,NaN,NaN,NaN,0.164,0.192307692307692
NaN,NaN,0.103139013452915,NaN,0.284171447856902,NaN,NaN,0.384615384615385
NaN,NaN,0.116591928251121,NaN,NaN,NaN,NaN,NaN
0.537878787878788,NaN,0.0941704035874439,NaN,0.172460344245697,NaN,0.188,0.346153846153846
0.568181818181818,NaN,NaN,NaN,NaN,NaN,NaN,0.615384615384615
NaN,0.888888888888889,NaN,NaN,NaN,NaN,NaN,NaN
NaN,NaN,NaN,0.469928825622776,NaN,NaN,NaN,NaN
NaN,NaN,NaN,NaN,NaN,NaN,0.218,NaN
NaN,0.611111111111111,NaN,NaN,NaN,0.285997357992074,NaN,NaN
NaN,NaN,0.152466367713004,NaN,NaN,0.363936591809775,NaN,NaN
NaN,NaN,NaN,NaN,NaN,NaN,NaN,0.307692307692308
0.348484848484849,NaN,NaN,NaN,NaN,NaN,NaN,NaN
NaN,NaN,NaN,NaN,0.285858926763415,NaN,NaN,NaN
NaN,0.666666666666667,NaN,NaN,NaN,0.293923381770145,0.315,NaN
NaN,NaN,NaN,NaN,0.11609854876814,NaN,0.135,NaN
NaN,0.824074074074074,0.161434977578475,NaN,NaN,NaN,NaN,0.538461538461539
NaN,NaN,0.134529147982063,NaN,NaN,NaN,NaN,NaN
NaN,NaN,0.165919282511211,0.501779359430605,NaN,0.439894319682959,NaN,0.307692307692308
NaN,0.583333333333333,NaN,0.290391459074733,NaN,0.229194187582563,NaN,NaN
NaN,0.722222222222222,NaN,NaN,0.360107998650017,NaN,NaN,NaN
NaN,NaN,0.0941704035874439,0.198398576512456,NaN,0.165785997357992,NaN,NaN
0.643939393939394,NaN,NaN,NaN,NaN,NaN,NaN,NaN
NaN,NaN,0.143497757847534,NaN,NaN,0.428665785997358,0.393,NaN
0.689393939393939,NaN,NaN,NaN,NaN,NaN,NaN,0.192307692307692
0.681818181818182,NaN,NaN,0.435231316725979,0.352008099898751,NaN,NaN,NaN
0.696969696969697,NaN,NaN,NaN,NaN,0.418097754293263,NaN,NaN
0.598484848484849,NaN,NaN,0.276690391459075,0.22713466081674,0.264861294583884,0.21,NaN
NaN,NaN,NaN,NaN,NaN,NaN,NaN,0.269230769230769
NaN,NaN,0.10762331838565,NaN,NaN,NaN,0.275,0.384615384615385
NaN,NaN,NaN,NaN,NaN,NaN,NaN,NaN
0.871212121212121,NaN,NaN,0.673487544483986,NaN,NaN,NaN,0.423076923076923
NaN,NaN,NaN,NaN,NaN,NaN,NaN,NaN
NaN,0.5,0.10762331838565,0.167437722419929,NaN,NaN,0.18,0.153846153846154
NaN,NaN,NaN,NaN,NaN,NaN,0.07,NaN
NaN,NaN,0.147982062780269,NaN,0.757003037462032,NaN,NaN,NaN
0.553030303030303,0.537037037037037,0.0941704035874439,NaN,NaN,0.23447820343461,NaN,NaN
NaN,0.62962962962963,NaN,0.317615658362989,NaN,NaN,0.25,NaN
NaN,NaN,NaN,0.320640569395018,NaN,NaN,NaN,0.230769230769231
NaN,NaN,NaN,NaN,NaN,NaN,NaN,NaN
NaN,NaN,NaN,NaN,NaN,NaN,NaN,NaN
NaN,NaN,NaN,NaN,NaN,NaN,NaN,0.384615384615385
NaN,NaN,0.125560538116592,NaN,NaN,NaN,0.272,NaN
NaN,NaN,0.0717488789237668,NaN,0.0546743165710429,0.0528401585204756,NaN,NaN
NaN,NaN,NaN,0.294483985765125,NaN,NaN,NaN,NaN
NaN,NaN,NaN,0.430071174377224,NaN,0.422060766182299,0.2645,0.269230769230769
NaN,NaN,NaN,NaN,NaN,NaN,NaN,NaN
NaN,NaN,NaN,NaN,NaN,NaN,NaN,NaN
0.53030303030303,NaN,NaN,NaN,NaN,NaN,NaN,NaN
0.757575757575758,NaN,NaN,0.549110320284698,NaN,NaN,NaN,0.307692307692308
NaN,NaN,NaN,0.247330960854093,NaN,NaN,NaN,NaN
0.681818181818182,NaN,NaN,NaN,NaN,NaN,NaN,NaN
NaN,NaN,NaN,NaN,NaN,NaN,NaN,NaN
NaN,0.824074074074074,NaN,0.756049822064057,NaN,0.488110964332893,0.429,NaN
NaN,NaN,NaN,0.304982206405694,NaN,0.25891677675033,NaN,NaN
0.545454545454546,0.546296296296296,NaN,0.224377224199288,NaN,0.181638044914135,NaN,NaN
0.704545454545455,NaN,NaN,NaN,NaN,NaN,NaN,NaN
NaN,NaN,NaN,NaN,NaN,NaN,NaN,0.384615384615385
0.431818181818182,NaN,NaN,NaN,NaN,NaN,NaN,0.192307692307692
NaN,NaN,0.0941704035874439,NaN,0.159973000337496,0.117569352708058,NaN,0.192307692307692
0.628787878787879,0.62037037037037,NaN,0.306761565836299,NaN,0.282694848084544,0.215,NaN
NaN,0.768518518518518,NaN,0.419750889679715,NaN,NaN,0.33,NaN
NaN,NaN,NaN,NaN,0.215659804252447,NaN,NaN,NaN
0.651515151515151,NaN,NaN,0.349288256227758,0.269321633479582,NaN,0.246,0.307692307692308
NaN,NaN,NaN,NaN,0.158285521430982,NaN,NaN,0.192307692307692
NaN,NaN,0.147982062780269,0.40711743772242,0.322645966925413,NaN,0.32,NaN
NaN,0.537037037037037,NaN,NaN,NaN,NaN,NaN,NaN
NaN,0.722222222222222,0.143497757847534,NaN,NaN,NaN,0.381,NaN
NaN,NaN,0.125560538116592,0.540391459074733,NaN,NaN,0.379,NaN
0.598484848484849,NaN,NaN,NaN,NaN,NaN,NaN,NaN
NaN,NaN,0.130044843049327,0.436654804270463,NaN,NaN,NaN,NaN
0.78030303030303,NaN,NaN,0.355516014234875,NaN,NaN,NaN,0.269230769230769
NaN,NaN,NaN,NaN,NaN,NaN,0.2985,NaN
NaN,NaN,0.121076233183857,NaN,NaN,NaN,NaN,NaN
NaN,0.490740740740741,NaN,NaN,NaN,0.153896961690885,NaN,NaN
0.795454545454546,NaN,0.134529147982063,0.577758007117438,NaN,0.366578599735799,NaN,NaN
NaN,0.666666666666667,NaN,NaN,NaN,NaN,NaN,NaN
NaN,0.851851851851852,NaN,NaN,NaN,0.507265521796565,0.483,NaN
NaN,0.453703703703704,NaN,NaN,NaN,NaN,NaN,0.192307692307692
NaN,NaN,0.0986547085201794,NaN,0.171110361120486,NaN,0.34,NaN
NaN,NaN,NaN,NaN,NaN,0.225891677675033,0.275,NaN
NaN,NaN,0.116591928251121,NaN,0.258521768477894,NaN,NaN,NaN
0.666666666666667,NaN,NaN,NaN,NaN,0.229194187582563,NaN,0.230769230769231
NaN,NaN,0.0672645739910314,0.0667259786476868,NaN,0.0449141347424042,0.0745,NaN
0.674242424242424,NaN,NaN,NaN,NaN,NaN,NaN,NaN
NaN,0.638888888888889,NaN,NaN,0.208234897063787,NaN,NaN,NaN
NaN,0.666666666666667,0.121076233183857,NaN,0.252784340195748,NaN,NaN,NaN
NaN,NaN,NaN,NaN,0.35437057036787,NaN,NaN,NaN
NaN,0.583333333333333,NaN,NaN,NaN,NaN,NaN,NaN
NaN,NaN,0.139013452914798,0.482562277580071,NaN,NaN,0.404,NaN
0.75,NaN,NaN,0.591814946619217,NaN,NaN,NaN,NaN
NaN,NaN,0.0941704035874439,0.226334519572954,NaN,NaN,NaN,NaN
0.560606060606061,0.574074074074074,NaN,NaN,NaN,0.182959048877147,0.1995,NaN
NaN,NaN,NaN,NaN,NaN,NaN,0.105,0.346153846153846
NaN,NaN,0.15695067264574,NaN,NaN,0.531704095112285,NaN,0.269230769230769
NaN,NaN,NaN,0.286832740213523,NaN,NaN,0.248,0.230769230769231
NaN,0.731481481481481,NaN,NaN,NaN,NaN,NaN,NaN
0.765151515151515,NaN,0.139013452914798,NaN,NaN,NaN,0.448,NaN
NaN,NaN,NaN,NaN,NaN,0.345442536327609,NaN,NaN
NaN,NaN,NaN,0.312989323843416,NaN,NaN,0.266,NaN
NaN,NaN,NaN,0.381138790035587,NaN,NaN,NaN,NaN
0.871212121212121,0.87962962962963,NaN,0.788256227758007,NaN,NaN,0.558,NaN
0.424242424242424,NaN,NaN,NaN,NaN,0.126155878467635,NaN,NaN
NaN,NaN,NaN,0.543060498220641,NaN,0.334874504623514,NaN,0.461538461538462
0.681818181818182,NaN,0.152466367713004,NaN,NaN,0.337516512549538,NaN,0.230769230769231
0.674242424242424,NaN,NaN,NaN,0.245359433007087,NaN,NaN,0.269230769230769
NaN,NaN,0.161434977578475,NaN,0.550118123523456,NaN,NaN,NaN
NaN,0.212962962962963,0.0538116591928251,NaN,NaN,NaN,NaN,0.0769230769230769
NaN,0.62962962962963,NaN,NaN,NaN,NaN,NaN,NaN
NaN,NaN,0.183856502242152,NaN,NaN,NaN,NaN,NaN
0.537878787878788,NaN,NaN,0.201067615658363,NaN,0.172391017173052,0.183,0.307692307692308
NaN,NaN,NaN,NaN,NaN,0.148612945838838,0.13,NaN
NaN,0.546296296296296,NaN,NaN,NaN,NaN,0.195,NaN
NaN,NaN,NaN,NaN,NaN,NaN,NaN,NaN
NaN,0.768518518518518,0.165919282511211,NaN,NaN,NaN,NaN,0.269230769230769
NaN,0.574074074074074,0.116591928251121,NaN,NaN,NaN,NaN,NaN
0.727272727272727,NaN,NaN,NaN,0.3827202159973,0.340819022457067,NaN,NaN
NaN,NaN,NaN,NaN,0.354708066149173,0.354029062087186,0.349,0.230769230769231
0.757575757575758,NaN,0.147982062780269,NaN,NaN,NaN,NaN,0.384615384615385
NaN,0.574074074074074,NaN,NaN,NaN,NaN,NaN,NaN
0.568181818181818,0.555555555555555,NaN,NaN,NaN,NaN,NaN,NaN
NaN,NaN,NaN,0.555516014234876,NaN,NaN,NaN,NaN
NaN,NaN,0.134529147982063,NaN,NaN,NaN,NaN,0.307692307692308
0.348484848484849,NaN,0.0807174887892377,0.112455516014235,NaN,NaN,0.095,NaN
NaN,NaN,NaN,NaN,0.181910226122173,NaN,0.355,NaN
NaN,0.805555555555556,NaN,NaN,NaN,NaN,NaN,NaN
NaN,0.509259259259259,NaN,NaN,NaN,NaN,NaN,NaN
NaN,NaN,NaN,NaN,NaN,NaN,NaN,NaN
NaN,0.62962962962963,NaN,0.351245551601424,NaN,NaN,NaN,NaN
0.681818181818182,NaN,NaN,0.395017793594306,0.39385757678029,NaN,NaN,0.269230769230769
NaN,NaN,NaN,NaN,NaN,0.276089828269485,NaN,NaN
NaN,NaN,NaN,0.494839857651246,NaN,NaN,NaN,NaN
0.522727272727273,NaN,NaN,NaN,NaN,0.223910171730515,0.215,NaN
NaN,0.75,NaN,0.534163701067616,NaN,NaN,NaN,0.461538461538462
NaN,NaN,NaN,NaN,NaN,NaN,NaN,0.346153846153846
NaN,NaN,0.143497757847534,0.6144128113879,0.46540668241647,0.509907529722589,0.5,NaN
NaN,0.611111111111111,0.143497757847534,NaN,0.36044549443132,0.35336856010568,NaN,NaN
0.613636363636364,0.648148148148148,0.197309417040359,NaN,NaN,NaN,0.3,0.346153846153846
0.613636363636364,NaN,NaN,NaN,0.23827202159973,NaN,0.345,NaN
NaN,0.574074074074074,NaN,0.305693950177936,NaN,NaN,NaN,NaN
NaN,0.583333333333333,NaN,NaN,0.15558555518056,NaN,NaN,0.384615384615385
