0.884145110513365,0,0,0,0
0.739618400161501,0,0,0,0
0.750072293363742,0,0,0.552014455630349,0
0,0.0648665566789801,0,0,0
0.642183314146038,0.0738311113472298,0,0,0
0.61726529209247,0,0,0,0
0.670271331998407,0,0,0,0.11620172770721
0,0,0,0.355838181661736,0.181319165793442
0,0,0,0,0.105640606230991
0,0.0579340986274253,0,0,0.127874613438291
0,0,0.0355149358378048,0.107717612173441,0
0,0.0615432500495176,0,0,0
0,0,0,0,0.107928029238122
0,0,0.0292327511942835,0.365031141822707,0
0,0.0537555674769837,0,0,0.148225010862065
0,0,0,0,0.140995348480589
0.65022015375298,0,0,0,0
0.711279401574631,0,0.0170311407161562,0.160425064368592,0
0,0,0,0,0.0775890050348864
0.720374725148815,0.0362711055956861,0.0153994061273661,0.124207223843847,0.0955241904567179
0.524405148378719,0,0.0339514654490855,0,0
0,0.0531434553957969,0,0,0.161575766095024
0,0,0,0.214173666130538,0
0,0,0.164271320791157,0,0
0.642156033631418,0,0.0242496588894917,0,0.109957318475733
0,0,0.018277901485951,0.182151532601285,0
0,0.0603144061733236,0,0,0
0.648419639788085,0.123477443381076,0,0,0
0,0.0479058548520566,0,0,0
0,0,0,0.278049151790738,0
0.797851386668558,0,0,0,0
0,0,0,0.271963093134237,0
0,0.0541430459736595,0,0,0
0,0,0,0.376567184924843,0.177478467554374
0,0.0313713216250536,0,0,0.117000408924783
0,0,0,0,0.0904356326833133
0.609484889322952,0,0,0,0
0,0,0.0158167633429795,0.151347934579006,0.160324072890843
0.755064627539134,0,0,0,0
0,0,0,0.380203596698504,0
0,0.0707104946616319,0,0,0
0.686470501579542,0.0456260260817493,0,0.176494377262829,0
0,0.051849935526119,0,0,0
0,0,0,0,0.202711682469906
0.671728111479095,0,0,0,0.0786349579574207
0,0.0666538084632002,0,0,0.0966813198047384
0,0,0.0693937977116726,0.34647842576597,0
0.728711650416573,0,0.0405207612870224,0,0
0,0,0.0294076863028142,0.24005877563988,0
0,0,0,0,0.167448948296573
0,0,0,0.244567555582031,0
0,0.0546731581345364,0,0,0
0,0,0,0.249991064514207,0
0.653275571390379,0,0,0,0
0,0.0632525441630205,0,0.389195342957182,0.167041301403123
0,0,0.0597739859123158,0.254467411952371,0
0.684620882688331,0.0581494927842957,0,0,0
0.694703760891745,0,0,0,0
0,0,0,0.192911843159058,0.184634012318859
0.747535205504117,0,0.0283176611726507,0.248738110839737,0
0,0,0,0,0.130951133488384
0.724237646018954,0.0410808051468232,0.0330065179357709,0,0
0,0.0642532896693382,0,0.300818093365898,0
0,0.0468294615319317,0,0,0
0.609708589542833,0.0334946575896989,0,0,0.119473125974391
0.682383880489521,0,0,0,0
0,0,0,0.288605600894872,0
0,0,0,0.364540021048033,0
0,0,0.0318465446689125,0,0
0.6663702184078,0,0.0595395301208011,0.330471992216199,0
0,0,0.0179448058683378,0.189725515114209,0
0.587906002258827,0.044573886259181,0.0205231719070667,0,0
0,0.0681632999539761,0,0,0
0,0.0472943202350972,0.0245242700928128,0,0
0,0,0.0297011446429669,0.272822223545998,0.189477215222225
0.656074552190352,0,0,0.257742432967309,0
0,0.0501175428435147,0.0297416238887395,0,0
0,0,0,0,0.142749891379354
0,0.0613474896763833,0.0439048262336083,0,0
0,0,0,0,0.104739054872594
0,0.0397757359925946,0,0,0
0,0,0,0,0.214652925090091
0.681216274463802,0,0,0,0.103369795793186
0,0.0577008030795012,0.0324851452502203,0.296994367334512,0
0,0,0.0396431712386733,0,0
0,0.0617153343893229,0,0.419794417637987,0
0,0.0692073552773589,0,0,0
0,0,0.0277754983464714,0,0
0,0.0595325196092415,0.0304142270364963,0,0
0,0,0.0435855259429543,0,0
0.678826501383122,0,0.0252484276079855,0,0.0977854167199121
0.688532908484786,0,0.0488083201495129,0,0.0872977739157104
0,0,0.0333964140310522,0,0
0.664324179811328,0.0327936160174718,0,0,0
0,0,0,0,0.167872568814374
0,0.0742613221967432,0,0,0.197384159276203
0,0,0.0573290394676532,0.192173838221375,0.118049556572188
0,0,0.0446030122646933,0,0
0,0,0.0307131257872809,0,0
0,0,0.0342565170452275,0,0.146476218468066
0.729033560489085,0,0,0,0
0.755806657536788,0.0526872586560444,0.0260175332776641,0.344611902067076,0
0.67855915233985,0,0,0,0
0.66418777723823,0,0,0,0.292816980601631
0,0.0666001042900395,0,0,0
0,0,0.0424773661106848,0,0.179464947478723
0,0,0,0.21970903410708,0.146811664579446
0,0.0369663725256379,0.0168823066252997,0,0
0,0.0493622196338993,0,0,0
0,0,0.0429553450447672,0.396231872546878,0.132988090065684
0.740802374495993,0,0,0,0
0,0.0439294361812522,0,0.237017401031221,0
0,0.0667392731688753,0,0,0
0,0,0.0927538846960666,0,0
0.703280754688156,0,0,0.440982771059616,0.185991770388734
0,0,0,0.289098045445219,0
0.668307134945794,0,0.0370602715244179,0.319625636239683,0
0,0,0.0308274391773425,0.232225333095054,0.147602678457331
0,0.0541597924362581,0,0,0.0462959720908835
0,0,0,0,0.136192399110589
0,0,0,0,0.116023462059447
0.62475652140702,0.059125984793057,0,0.545594143616423,0
0,0,0.0305556129461307,0.282348775176559,0
0,0.0991015234083786,0,0,0.0764516829810616
0,0.0732640414757907,0,0,0.121020650701562
0,0,0,0.336538194237605,0
0,0,0,0.246553219091493,0
0,0,0,0.297925643520449,0.125945638561607
0.646821001631375,0,0.0249164977926505,0,0
0,0,0.0304253021581397,0,0
0.807099481124612,0,0,0,0
0,0,0,0.263954250312742,0
0,0.0657344854129649,0.0347720607193868,0,0
0,0,0.0904229278074996,0,0.126645283308201
0,0.0668640054420229,0,0,0.087348250568661
0.742706554416443,0,0,0,0
0,0,0.0191630692491087,0,0
0,0.0591219425434643,0.0314156511935128,0,0.190960206507016
0,0,0,0,0.289330896823166
0,0,0.0247184409389345,0.271366070305726,0
0.649990997430176,0.0666232028591409,0,0,0
0.764711017508634,0,0,0,0
0,0.0672901740419435,0,0,0
0.629699750656096,0,0.0247545808095603,0,0.0584765634983515
0,0,0.0628607712779479,0,0
0,0.0659533443552006,0.0395809951171667,0.331096814333843,0
0,0.0868760282472401,0.0810958619135699,0,0.120153602371764
0,0,0,0.337689879073092,0
0,0,0,0.292230760575313,0
0,0,0.158528449234913,0,0.356361975106704
0.684386270262602,0,0.0275126099327261,0,0
0,0.0601602232245718,0,0.343936776473859,0.125092647021239
0,0,0,0,0.13408324175122
0,0,0.0427137649059965,0,0.0648842231707005
0.549489581571467,0,0.0584009298957106,0,0.0587343139008868
0,0.0387080046358828,0,0,0
0,0,0.0287701219901981,0,0
0.751687299829224,0.0724284507385479,0,0,0
0,0.0551224253035585,0,0,0
0,0,0,0.247364693579026,0
0,0,0.031522710702732,0,0
0,0.0573358456876993,0,0,0
0,0,0,0.268263140128274,0
0,0.051998921296823,0,0,0.0919122345183633
0,0,0,0,0.093505763283666
0,0.042389339086417,0,0,0
0.740835111113536,0.0487616568372631,0,0,0
0,0,0,0.361898426692613,0.193611189204386
0,0.0513758373953129,0.0311295115009957,0.29210500188638,0
0.736164687010656,0,0.0267890353186925,0.194536777797634,0
0,0,0,0,0.0588617834232116
0,0,0,0.455823620129333,0
0,0,0.0199313329504752,0,0
0.5922326918775,0,0.0265916261329088,0,0
0,0.0649277678870988,0,0,0.0414969841797224
0.653788445065228,0,0,0,0
0.745041766467883,0.0484001642308263,0.024484568048559,0.283137745477651,0.174878600454929
0.903836185965812,0,0,0,0
0,0,0.0260299685019654,0.283058980825109,0
0.90869757367103,0,0.0365421371785292,0.427248598452506,0
0,0,0.0313019207045901,0,0
0,0,0.0520019707239846,0,0
0.555043894348023,0,0,0,0
0,0,0.153430007271368,0,0.288152682291001
0,0.0514457105668447,0,0,0
0,0,0,0.318698993268601,0
0.74409240455912,0,0,0,0
0,0,0.0176950003468262,0,0.0777282950392312
0.699592429111583,0,0,0,0.0509284509418049
0,0,0,0,0.134510695938866
0,0.0600788007684894,0,0,0
0.646684599058277,0.0562559875822092,0.0293473884183114,0.306712866437653,0
0.717586656554689,0.0723123804288134,0,0,0
0,0,0.0290939559563785,0.338224684444974,0
0,0.0546356229597467,0.0277033481388064,0,0.142713471515833
0,0.0314059694787057,0,0,0.0671639788381425
0.699788848816844,0,0.0272157189525318,0,0
0,0,0.0425563815984328,0.475850360397927,0
0,0,0,0.166177531555503,0
0,0,0,0,0.14290196028318
0.584244957196873,0,0.0390945964999636,0,0.173881846295397
0.596728520686814,0.056700635037411,0,0.364554582580436,0.214804993993917
0.682242021813499,0,0,0,0.0611958494134485
0.676114818229931,0,0,0,0
0,0,0.0243444127079961,0.259974980639781,0
0,0,0,0.360397926967296,0
0,0.0559643681473042,0.028689163498653,0,0
0,0,0.0455492551138726,0.511585684689872,0
0,0.0329668552857322,0.0199618381100894,0.0839273776665806,0
0,0,0,0,0.164237610856953
0,0,0.0252199302189616,0,0
0,0,0.0361477074077214,0,0
0,0.0392900885772379,0,0.133535871011298,0
0.70905331158167,0,0,0.347322994645327,0.16867955631661
0,0,0,0,0.110416719912081
0,0,0.319720044240901,0,0.275996115214558
0,0.0494823321932265,0,0,0
0,0.0642850502018526,0,0,0
0.710722879076391,0,0,0,0.132261609630179
0,0,0,0.18029096589292,0
0,0.0557021993880034,0.0348633818978497,0.181191795238379,0
0,0,0.0266278307703278,0,0
0,0,0,0,0.0907250747565619
0.655463468662873,0,0,0.275804690137209,0
0,0,0.023815462307637,0.222129557925114,0
0.656991177481572,0,0,0,0
0,0,0,0,0.124770618754313
0.621995733327513,0.0522789914471773,0.0314533454671762,0.339292971413064,0
0,0,0.0255317823283934,0,0
0.739252841265598,0,0,0.187150771430273,0
0,0,0.245091211398748,0,0
0.784314795314299,0,0.0434171322805404,0,0
0,0.0493737689184499,0,0.21796231210659,0
0.577883141187575,0.0591993227499539,0,0.344000979593998,0
0.520336532428348,0.0776781780310664,0,0,0
0,0.05111886581406,0.0264425977416726,0,0
0,0.0598865051807203,0.0314147444584074,0.372477379983188,0.106671863419122
0.762179385751933,0.0588684357475765,0,0,0
0,0.0598431953636552,0,0,0
0,0,0.032563513070036,0,0
0.694605551039115,0,0,0,0
0,0.0579052254160485,0,0,0
0,0,0.0300654578549199,0,0.136117642548624
0.631118337416317,0.0374133298377499,0,0.147667176320301,0
0,0,0,0,0.225782068648248
0,0,0,0.269021663588888,0
0.617019767460893,0,0,0,0
0,0,0.0312888378123565,0,0
0,0,0,0.443377481252027,0
0,0.0591369566133802,0.0293869609289786,0,0
0,0,0.0313607937196418,0,0
0.62518755353801,0,0,0,0
0,0,0,0,0.115571727962788
0.742373732138083,0,0,0.344016203014237,0
0,0,0.0232951906575714,0,0.152077849055639
0,0.0773599952416947,0,0.285682704208945,0.17556993891686
0,0,0,0.389964456623181,0.213849132312725
0.740835111113536,0,0,0,0.142386970634089
0,0.167920245260607,0,0,0.115670764433767
0,0,0.0171120992077013,0,0.0844065479080942
0.768497552937839,0.0507752745986768,0,0,0
0,0.0707907621892593,0,0.211340786190372,0
0,0.0640407828336054,0,0,0
0.66228359731778,0.0749485046275096,0,0.558302390076978,0.16153103994684
0,0,0,0.360922804021631,0
0,0.0617407428153344,0.0371069036155479,0,0.161704832979784
0,0,0,0.290935446079307,0
0,0,0.0345557396299783,0.285648947929284,0
0,0.0290042957563886,0,0,0
0,0.0697628758642474,0,0,0
0.620369814656184,0,0,0,0
0.672028197139911,0,0.0903244822817807,0.255846124315773,0.114766657295474
0,0.0661670061193884,0,0,0.161045441766555
0,0,0,0.162635107854623,0
0,0.427490415537483,0,0,0.179189562194904
0,0,0.0123355482065395,0.0746278535639351,0
0,0.0356087541267037,0,0,0
0.674767160807721,0.0681205676011385,0.03383747589299,0,0
0,0.0504518946312573,0,0,0
0,0,0.0241664335601833,0,0
0,0,0,0,0.147327293173512
0,0.0625180096655962,0,0.423834580991905,0
0,0,0.0170740163332785,0.104266528993997,0.0590551281723618
0,0,0.0270830765599843,0,0
0,0,0,0,0.0722570092263654
0.611345420420011,0.0781026142383044,0,0,0
0.643236342010356,0,0.0262494631642425,0,0
0,0,0.0578653085156481,0.24389706320367,0
0,0,0.0359870857604959,0.321157244693314,0.134324124006441
0.670784205673256,0,0,0,0
0.681914655638064,0,0.0431522360962049,0,0.154704551843995
0,0,0.0396399328990115,0,0
0,0.0695001296407191,0,0,0
0,0,0,0.260151704692123,0.159672987962277
0.715682476634239,0,0,0.322044174394207,0
0.674314304265036,0.0688920598091249,0,0.389682492404837,0.13175492626575
0,0,0.0231766026591562,0,0.053810220563805
0,0,0,0,0.153065657985534
0,0.0541597924362581,0,0,0
0.636105215488785,0,0,0,0
0.701567538370044,0.0735539285180131,0,0,0
0,0,0.0239569129840646,0,0.14257609834641
0,0,0.0639838274726618,0,0
0,0.0643739796928929,0,0,0.160695299920771
0,0.0402677355144542,0.0169085371765603,0,0
0.770374452343669,0,0,0,0.0991910956628415
0,0.0616061936503188,0,0.256881978779876,0
0,0,0.0421820295335282,0.437176915999815,0
0,0.0616471936104738,0,0,0.0842142254709024
0,0,0,0,0.0491237508625757
0,0.0660145555633193,0,0,0.232780432949114
0,0,0.0368297017404975,0,0
0.727729551890267,0,0,0,0
0,0,0.0299117662545706,0.279333214193523,0
0,0,0,0.363502180920421,0
0,0.060786771911447,0,0,0.19839433128019
0,0,0,0.317347418306494,0
0,0,0.0323322956181832,0.276751851631223,0.164654841925013
0.739651136779044,0,0.050886686544459,0.295344942845985,0
0,0.0619405454380615,0.0359942101077519,0,0.154942239374345
0.652533541392725,0.0547782566239478,0,0,0.237588493878907
0,0.0735227454497263,0,0,0
0,0,0,0,0.182190047793084
0.73863084553227,0,0,0,0
0.638380410408062,0.0560896778846792,0,0.313543548910202,0
0,0.0664309072713718,0.0383232239925217,0,0.0843432923556623
0.65040020514947,0.0822823003172011,0.0452208874721657,0,0
0,0,0.0276521823721498,0.318289946585652,0
0,0.179497248094224,0,0,0
0.788177716184438,0.0581414082851103,0.0320427880524178,0,0
0,0.0546321581743815,0,0,0.16524778286094
0.626824384415188,0,0,0,0.188608250057505
0,0,0.047638631863669,0.212818781729248,0.0964992204871317
0,0.0673063430403145,0,0.38108986451156,0
0,0.0677411736036482,0,0.369590887128267,0
0,0.0568819588048569,0,0,0.118211209650625
0.725388883735903,0,0,0.318490498600107,0.237260076162241
0,0.0871329998284931,0,0.249531714355685,0
0,0,0,0.152644572850685,0
0,0,0,0.261373549638278,0
0,0,0,0.188645976052898,0
0,0.091117502998483,0,0,0
0,0,0,0,0.20132708871112
0.761742897518019,0,0.0263737506404627,0,0
0,0,0,0.201885056558316,0
0,0,0,0,0.22610984741994
0,0.199567594786422,0,0.205947724098674,0.12130370332507
0.719278048461106,0,0.0621120671481387,0,0
0.629137772054932,0.0575437328096118,0.0302311313120178,0,0
0,0,0,0,0.111520816827255
0.657995100419574,0,0,0,0
0.700656369181748,0.0505512184783933,0,0,0.22956526183965
0,0.0656305418520086,0.0504080599424443,0,0
0,0,0,0.356294222381075,0
0,0,0,0.250276338171733,0
0,0,0,0,0.258089682316559
0.732509098051626,0.0557957485928641,0.0298341756362738,0,0
0,0,0,0,0.274244128095688
0,0,0.026084178307904,0.230940608804432,0
0,0,0.029417789922559,0,0
0,0,0,0,0.208460909346487
0,0.0718636907240189,0,0,0
0,0,0.0275429855587538,0.313438970632037,0
0,0,0.0217515389075824,0.134599524764533,0
0.53371871606986,0.0606273917846474,0,0,0.124382779155059
0,0,0,0.40105902053838,0
0.590077531222549,0,0,0.258864332850155,0
0,0,0,0,0.164720014312367
0,0.104904461430876,0,0,0.209478109745189
0,0,0.0247702543735234,0.25782715461038,0.184994377284228
0,0,0,0,0.121564392874486
0.746258477419918,0,0,0,0
0.59395682040146,0.0673178923248652,0,0.476512248234414,0.122320903723771
0,0.0491422057632085,0,0,0
0.708071213055363,0,0,0.248538882600954,0
0,0,0,0.412199254714296,0
0.722775410435342,0,0.0263972609864073,0,0
0,0.0679883282930331,0,0,0
0.695527632433258,0,0.0232950611239849,0,0
0,0.0550814253434035,0,0,0
0,0.0419314099539819,0.0201218768561758,0,0
0,0,0,0.288094623485104,0
0.751872807328637,0,0.0198121620509208,0.142141074773469,0
0,0.0460752932507714,0,0,0
0.786322641190303,0,0,0,0
0,0.0567104519292791,0.0301194085936856,0,0
0,0,0,0.166625629620804,0.156443760063383
0,0.0691351722489171,0,0.268130762560976,0
0,0,0.0461574153023596,0,0
0,0.0840828337786545,0,0,0.15237240268868
0,0.0765267143613621,0.0422759413837205,0,0
0.749581244100589,0.0570014938999566,0,0,0.110954711580239
0,0.0575997468396827,0.0313326201645841,0,0.10581823293378
0.656009078955265,0,0,0.328919865239637,0
0.778624079964644,0,0,0.313210619328449,0
0,0.0422368885303478,0,0,0
0,0.0583521827281605,0.0512312458844751,0,0
0.685635717832181,0,0.0958704627865874,0.118546097178372,0
0,0.0485595443576259,0,0,0
0,0.0409168053062033,0.0212139745237228,0,0.11559728576175
0,0,0,0.387932460965165,0.161672246786107
0,0,0.0212739485742595,0,0
0,0,0.0228892971643608,0,0
0,0,0.0217105415274639,0.196613781828531,0
0.758049115838521,0,0,0.336756617223645,0.157246274950801
0.750852516081863,0,0,0,0
0,0,0.0232538046766936,0.337437037919554,0
0,0.0374341185499411,0,0,0.11954852148133
0,0.047663319876492,0,0.24280230072212,0.103413882996396
0.751452687403495,0,0,0.347886261194178,0
0.681025310861464,0.0711949871485336,0.0404929115659309,0,0
0,0.129126198454821,0,0,0
0,0,0,0.447023821343235,0
0,0,0,0.342109966045154,0
0,0.121386445413173,0,0,0
0.720620249780392,0,0,0,0.096243003552534
0,0,0,0.334584301344294,0
0.726922048657526,0,0.0439870800610181,0.237737534997319,0.143471899200041
0,0.0706452412039205,0.0406768492587214,0,0
0.661181464527147,0.0496451771053912,0.0278869619976307,0,0.291457944641807
0.714340275314954,0,0,0,0
0,0,0,0.409892575604138,0.179726275973113
0.628575793453768,0,0,0,0.138474071612953
0.651207708382211,0.0641990080319499,0,0,0
0,0,0.0173025783466087,0,0
0,0.0435488872553068,0.0231435068278125,0,0
0.685433842023996,0,0,0.280976681691521,0
0.649450843240707,0.0441777457990921,0.00554662817273899,0.256670836560037,0.199877961509955
0.528105477381725,0,0.186801097486265,0,0.661538068341554
0.70054724712327,0,0.0435013291117474,0.289419722933752,0
0,0.0676239483654586,0,0,0
0.711874116793339,0.0992268331457537,0,0,0
0,0,0,0,0.219078257980423
0,0,0.0976107465208412,0,0
0,0,0.115692339856494,0,0.0454666854090526
0,0.0515034569895981,0,0,0.0799601298336187
0,0,0,0.346056803214127,0.106607968921716
0,0.0366135418826142,0,0.121539153974967,0
0,0,0,0,0.133876862524599
0.638920564597531,0,0.0245937648619551,0.190018731425773,0
0,0,0,0.496599882183965,0
0,0.0797460774298684,0,0,0
0,0.0480109533414679,0,0,0
0,0,0.0152986289970907,0,0.0869291026656784
0,0.0647320075139645,0.0382856592524448,0,0
0.628908615732127,0,0,0.136952536023246,0
0,0,0.0290939559563785,0,0
0,0,0.0254392305808591,0,0
0,0.0401354962063488,0,0,0
0.803798538855637,0.0677931453841263,0,0,0.182586193677001
0,0,0,0.275014396060444,0
0.627850131764886,0,0,0,0
0,0,0,0,0.174162343139009
0,0,0,0.336569964853756,0
0,0,0.0299757558462879,0,0
0,0.0874217319422605,0.0488478278933869,0,0
0.600727844130052,0,0,0,0
0,0.0814057096198033,0.0447260691718419,0,0
0,0.0485918823543678,0,0.18905634651152,0
0,0,0.0298989424295099,0,0
0,0,0,0.260717618792319,0.0703887341222174
0.851637649292616,0,0,0,0
0.762986888984674,0.0642654164181165,0.0352468013138074,0,0.14917831676336
0.685330176068441,0.0533796382648586,0,0.23614900418975,0
0,0.0628217558492795,0,0,0
0,0.0531555821445751,0,0.370540696173626,0
0.741009706407102,0,0.0255557460418908,0,0.118703836225624
0,0,0,0,0.117553096327344
0.613576966515896,0,0.0380434314457418,0,0.161195593835459
0.605250953453986,0,0,0,0.120181077005648
0,0,0.210332816472734,0,0
0,0,0,0,0.0805939632478851
0,0,0,0,0.164988371201472
0.666304745172713,0,0,0,0.177615201778823
0.711137542898609,0.0537497928347084,0,0,0.136222429524369
0,0.0338134178432982,0,0,0
0.651791511395071,0,0.0387299594540444,0,0
0,0.0455821388004566,0,0,0
0,0,0,0,0.197917678329542
0,0.0490492340225754,0,0,0
0,0.0538710603224907,0,0,0
0.614908255629334,0,0.0264709008303168,0,0
0,0,0,0,0.101179492422113
0.727576781008397,0,0,0,0
0,0,0.0294717406613246,0.160370127678164,0
0,0.122934049542966,0,0.30467094246209,0
0,0,0,0,0.191206200322028
0,0,0,0,0.197710660157947
0,0.131347703338147,0.133044659100308,0,0
0.678428205869676,0,0.0426107857047511,0,0
0,0,0,0.119402580038787,0
0,0,0.0447798256102279,0.402869283771172,0.105779896235336
0.778667728788036,0,0.0452046957738567,0,0
0,0,0,0.276844515928331,0
0,0,0.0359469303486895,0.343284816954919,0
0,0,0,0,0.192043218238045
0,0,0,0,0.257326143072559
0.643689198553042,0,0,0,0
0,0.0620733622103945,0,0,0
0,0.0537059055534157,0,0.31250570878259,0
0.724264926533574,0,0.0322351454283291,0,0
0,0,0,0.513483317117081,0.169878856032918
0,0,0,0,0.245497354767807
0,0,0,0.203639059325007,0
0.602664760668045,0,0,0.285500023166074,0
0.674030586912992,0,0,0,0
0.614482679601268,0.0564910155228159,0,0,0
0,0,0.0306321672957358,0,0.151144350448539
0,0,0.0242458376486908,0,0
0,0,0.040378274341903,0,0
0,0.0690520174001521,0.0423750345773717,0,0
0.682291126739815,0.071067945018476,0,0.212929316997942,0.12819089120045
0.745074503085426,0.0522275971309267,0.0274997213408721,0,0
0,0.0556998895310933,0,0,0
0.70349354270219,0,0,0,0
0,0,0,0,0.152051652311703
0,0.0711320435477323,0,0,0.181962583382319
0,0.0427156063749741,0.0301832038850232,0.217851114950061,0
0,0,0.030497258065425,0.249568780074529,0
0,0,0,0,0.188524548265903
0,0,0.0176067879744386,0.115833018936611,0.125991642599739
0.740360430159154,0.0808386397483641,0,0.486840346034961,0.274644107649449
0.649740016695675,0,0,0,0.159541365297621
0,0,0,0,0.165633705625272
0,0,0,0,0.0524886267794618
0.730539444896089,0,0,0,0
0,0,0,0.313613047133033,0.186619853298234
0.805757279805326,0,0,0,0.132044368338999
0.711399435838958,0.0396157784015675,0.0296738130562213,0,0.144737649193651
0,0.0478567703927161,0,0,0
0,0,0,0.102833541828002,0
0.644742226417359,0.0701122417219059,0,0,0.125543742172924
0.631249283886491,0,0,0,0
0.628335724925115,0.0619157144762775,0.0458128559623435,0,0
0,0.050612429686512,0,0,0.0702781966417052
0.652811802641845,0,0.0448517167507199,0,0
0,0.0469807571595459,0.0430628579215391,0,0
0.589144537622558,0,0.0278525708304224,0,0.163299000690061
0.71867242103655,0,0,0,0
0.666555725907213,0,0.0513206240591409,0.214461587339409,0.138215937843433
0.620555322155597,0,0.0262720020082887,0,0
0,0,0.035003925839172,0,0
0,0,0.037343950078792,0.398024926695922,0.218018887213433
0,0,0.0181645595977878,0,0
0,0,0.0361185623507652,0.495372080247281,0
0,0.0366707108411402,0,0,0.0808942673856927
0.758136413485304,0.067704215893086,0,0,0.209002095739515
0,0,0,0.435784965879682,0
0,0,0.0383925244612844,0,0.0905065555754339
0,0.0681101732450429,0,0,0.138820379788893
0,0,0.0298888388097651,0,0
0.662310877832399,0.0497092756346476,0,0,0.105631022056381
0,0,0.0180541322153203,0,0.0692124364249751
0,0,0,0.251186433946903,0
0,0,0,0,0.146823165588979
0,0.0529603992356684,0,0,0
0.675580120143386,0,0,0,0
0,0.0424771136490023,0,0,0
0,0,0,0,0.128088021059626
0.698010159263644,0.0762980385272583,0,0,0
0,0,0.0407085849874071,0.524556038733676,0
0,0,0.0365797019186062,0,0.319446290285481
0,0,0,0,0.0950513711759143
0,0,0,0,0.130327523193703
0,0.0450208435712929,0.0192803619116593,0,0
0,0.0642527122051107,0,0,0
0,0.069074538505026,0.036044728206476,0.45215940906654,0.135653129552483
0.511168642685276,0,0,0,0
0,0.093585007642739,0,0,0
0.675372788232277,0.0497369939175693,0,0,0
0,0,0,0.306295877100667,0
0,0,0,0,0.120484575868326
0,0,0.0272589184036203,0,0
0,0,0,0.319043174943574,0
0,0,0,0.467623756478227,0
0.632236838515722,0.0530216104437871,0,0,0.166022823114473
0.694343658098766,0,0,0,0
0.739187368030511,0,0,0,0
0,0.0739858717602092,0.0456094882315822,0,0.126247859534337
0,0,0.0206527054935388,0,0
0,0.0423541137685373,0,0,0
0,0,0,0,0.143264881028446
0,0,0.0441043079567754,0,0
0,0,0.0333575539551105,0,0
0,0.0613688558528021,0,0,0
0,0.0697686505065228,0,0.250419967832251,0.211702916144862
0.503939306311074,0,0,0,0.116659212308636
0.617532641135742,0,0.0399423938234241,0,0
0.727189397700798,0,0,0,0
0,0.0811724140718793,0.0639061073207784,0,0
0,0.0561341426301994,0,0,0
0,0.122742908883652,0,0.335176029070114,0
0.937680392402922,0.0668640054420229,0,0.462328653786329,0
0,0.0780367833163655,0.0412221856577693,0,0
0,0,0.0495453662565396,0,0
0,0,0.139521338423917,0.208825612411721,0
0.737086768404799,0,0.025207948362213,0,0.175914330257878
0,0.0662744144657099,0,0.108887167980514,0.265846474301633
0,0,0.044523349109013,0.231697808489373,0
0.702227726823839,0,0,0.449593931812315,0
0.659129969827751,0,0,0,0.137327165384517
0,0,0.0279824282508607,0,0
0,0,0,0,0.154003629207453
0,0,0,0.301861890484039,0
0,0,0.0254295155618736,0.316678249703805,0
0,0,0,0.408931514465559,0.089454852148133
0.668334415460413,0.0523667660097626,0,0.30943256355778,0.0701881054003629
0,0,0,0.218158230906191,0
0.829742308258903,0,0,0.375474408106802,0
0,0.0491456705485737,0,0,0
0.766686126767095,0,0,0.217718075494927,0.117714749405781
0,0.118501434132409,0,0,0
0.651229532793907,0.0567993814203195,0,0,0
0,0,0,0.222791445761601,0
0,0,0.0423322884938359,0,0.0615150024279909
0,0,0,0,0.15126255526874
0.516156066368036,0,0,0,0
0.736786682743983,0.0718475217256479,0.0420110451993849,0.491770086641118,0
0,0,0.0329799635505441,0.428343360934056,0
0.647803100157681,0,0.0706833045650032,0,0
0.685035546510549,0,0,0,0
0.693634364718656,0,0,0.15138301463434,0
0,0.0509104012279199,0.030497258065425,0,0.103290566616403
0,0,0,0.336595116591542,0
0,0,0.0310523742502515,0,0
0,0,0.0445298257883365,0,0.148449919492933
0,0.0556964247457281,0,0.335207799686265,0.197874230071306
0.77057087204893,0,0,0.432441770417585,0
0,0.0625087702379557,0,0,0.219043754951824
0.62470196037778,0,0,0,0
0,0,0.0326561295843636,0.410039514703838,0
0,0.03695886549068,0,0,0
0.721225877204948,0.0953075834334752,0,0,0.19096404017686
0,0.0476153903456066,0,0,0
0,0,0,0,0.0606009916425997
0.753449621073652,0.0700123404105424,0,0.37897380909831,0
0,0,0,0.529140273889187,0.103726327088711
0,0,0,0.280138069802691,0
0,0.0567820574934934,0,0.252922565742009,0.0875207657116569
0.675607400658006,0,0,0,0.159450635111304
0.605316426689073,0,0,0,0.21896452577504
0,0,0.0510356501689021,0,0
0,0,0,0.301600444788626,0
0,0,0.0288163654805687,0,0.236947632069926
0.713881962669344,0,0.0396787929749532,0,0
0,0,0.0425868219912537,0.372311908024066,0.129602320648146
0.642636170688724,0,0.0408497765966618,0,0
0,0,0.025736315861433,0,0
0,0,0,0,0.194147902982595
0,0,0.016001802071255,0.200599008492021,0
0,0,0.0304432425598661,0.352289800970328,0.113521353541033
0,0.0524273997536537,0.0281001095141707,0,0.172172029544816
0.916145154162188,0,0,0,0
0.749875873658481,0.0610893631666752,0.0281224540578371,0,0
0,0,0.0437960180209716,0,0
0.599898516485615,0,0.0314234879754943,0,0
0,0,0.0449618202992213,0.110742439586188,0
0,0,0,0.21880092399542,0
0,0.104447109762668,0,0,0
0.764269073171796,0.0607041945269096,0.0234448667167401,0.277073529119755,0
0,0,0,0.215597386866822,0.159265980013801
0,0,0.0315550940993501,0,0
0,0,0.0197763460142613,0,0
0.752462066444421,0,0.0347448586662276,0,0
0.758207342823315,0.0516149075855123,0,0,0
0,0,0.0406910979532333,0.424890953978939,0
0,0,0,0,0.20959950929026
0,0,0.0276103430237193,0.327042089447522,0
0,0.0485087275056029,0,0,0
0,0,0,0.363817901418426,0.161105502594117
0,0,0.0224014089109134,0,0.133996345234748
0.60624396418614,0.0656178376390029,0,0.435818060271506,0
0.627882868382429,0,0.0280792546067486,0.28637702454942,0
0,0.0548816227206765,0,0,0
0,0,0,0.162493463857615,0.118146037263271
0.678444574178447,0,0,0,0
0,0,0,0.358837857336696,0.274426227413295
0,0,0.0407888958110199,0,0.22473547678074
0.728084198580322,0,0.0423581952111304,0,0
0,0.0468883628831403,0,0.197235956394829,0.140264395430266
0,0.0701364952194624,0.040643818194171,0.465969036887009,0
0,0.0639356843441941,0,0,0
0.954588855364168,0,0.0307131257872809,0.300828021683446,0
0.746738614477223,0,0.0395136376522012,0,0.178850921358653
0,0,0,0,0.104605515373016
0,0,0,0,0.206837350167404
0.635074012036163,0.0647025568383602,0,0,0.140283563779487
0.572514335910433,0,0,0.427007671280025,0
0.752472978650269,0.0488661778624468,0,0.248649417869648,0
0,0.0578705775623964,0.0283291248950535,0,0
0,0.0498149515882865,0,0,0
0.755741184301701,0.0489886002786842,0.0440142821141772,0,0.128331459094743
0.852472433039977,0,0,0,0
0,0,0.0394106584509558,0,0.209171416157641
0.532749712190571,0.0438480137251698,0,0,0
0,0,0,0.257871501095424,0
0.660057507324818,0,0.0647098632248384,0,0.238632529966519
0.748566408956739,0,0,0,0
0,0,0,0.431587935108517,0
0,0.0852273678776284,0.0519566339687193,0,0
0.713740103993322,0,0,0,0
0,0.0582701828078505,0,0,0
0,0,0,0.090357617998054,0.134395685843535
0.694185431113972,0,0,0,0.077161550847241
0.641648616059493,0,0.0340395482878866,0,0
0.706499855413273,0,0.241464270977527,0,0
0,0.0806850342638399,0,0.231122627959466,0
0.735602708409491,0.068353285684835,0,0.308910334054791,0
0.780277279150594,0.0572249725560126,0.0364922667477374,0,0.174118894880773
0,0,0,0,0.107575331612442
0,0,0.0331541862243492,0,0
0.809893005821662,0,0,0.402369558454624,0
0,0.050496936841005,0.0263644889890299,0,0.155771589950673
0.781182992235965,0.052788314895863,0,0.345836394564577,0
0.687681756428653,0,0,0,0
0.692799580971295,0.0721905354768035,0.0407351393726338,0,0.139373706136428
0.716959204718438,0.0518303017423828,0.0186084064318348,0,0.142265571089018
0.487180340569944,0,0,0,0.10842512842794
0,0,0.0183148833248888,0,0.0885686354691134
0,0.055828086589606,0,0,0
0.769948876315603,0,0,0.280136746027018,0
0,0,0.0241118999202786,0,0.116205561377054
0,0,0,0.386797323325589,0
0,0.0745298430625469,0,0.455346398999226,0
0,0,0,0,0.143203542310936
0.638249463937888,0,0.0524527476049078,0,0
0,0,0.0380214107360416,0,0
0.696869833752544,0,0.116667727762629,0.21761945420729,0
0.710613757017912,0,0,0.207986338635055,0
0,0,0,0.34369717307705,0.214758351010811
0,0.0798378942420465,0,0,0.18425000638945
0,0,0,0,0.100574411531679
0.673223083680251,0,0.228687078007911,0,0
0.599281976855211,0.0687979331400368,0.0457752912222666,0,0
0,0,0.0299984889907138,0,0
0,0,0,0.116641183984962,0
0,0,0,0,0
0,0,0,0.303437183534878,0
0,0.06428331780917,0,0,0.181329388913027
0.703477174393418,0,0.130779764340841,0.16712204549817,0
0,0.0680016099702664,0,0,0
0.631614842782394,0,0,0,0
0.66311838106514,0,0,0.197811136924737,0
0,0,0.0213266039771604,0,0
0.683109542178404,0,0,0,0
0.785935257882705,0,0,0,0
0,0.0473953764749158,0,0,0.143741533979094
0,0,0.0235362526619962,0,0.133041761443504
0.633131639395246,0.172728212419061,0,0,0.0783723515730825
0,0.0471528414993512,0,0.156576186599419,0
0,0.0644559796132029,0,0,0.195912030055972
0,0,0,0.47318361430472,0
0,0,0.0227041289024988,0.235761137917568,0
0.739209192442206,0.0926229522396662,0,0,0
0.679563075277852,0,0,0.377070881568409,0
0,0.0675696667280704,0,0.30943256355778,0
0.656434654983332,0.0422859729896882,0.0210385860476395,0,0
0,0.0398675528047726,0.0216457747342279,0,0
0,0.0490088115266479,0,0,0.297437830654024
0.631063776387078,0.0653625984504325,0,0,0.0813843381807959
0,0,0.115125630415678,0,0.452293812456871
0,0,0,0.393958287828545,0.181159429549927
0,0.0548140594060549,0,0,0.165443938967976
0,0.0556998895310933,0,0,0.124177677818386
0.713549140390984,0,0,0.43960472058405,0
0.758676567674773,0.0535927225648189,0,0.107100070821999,0
0,0.044117112055201,0,0,0.144835407774682
0,0,0,0,0.11388299639635
0.652789978230149,0,0,0.203076454663993,0.133547166917985
0,0,0,0,0.169174738671506
0.684609970482483,0,0,0,0.120259667237458
0,0.0573641414348485,0,0.369560440287789,0
0,0,0,0.291267713773224,0.21613399953996
0,0,0,0.226307393949021,0.152778132747208
0.731286930996666,0.0637139380808207,0,0,0
0,0.0740055055439453,0,0,0
0,0,0.023660734438596,0,0
0.801070487393674,0,0,0,0.167661716972934
0.757361646870107,0.0607931240179499,0,0,0
0.740627779202427,0,0.0350563869416932,0,0.128072047435275
0,0.0540263981996975,0,0.238686682154842,0.173221816137194
0,0,0,0.468899214339138,0.173855649551461
0.646810089425527,0,0.0541353888931815,0,0
0,0,0,0.209888604277119,0
0,0.0501879934792739,0.0389346225206705,0.219577980315456,0.147757942086028
0,0,0,0.392563690157066,0.148699108032816
0.804627866500074,0,0.0313607937196418,0,0
0,0,0.0396995183487888,0,0.10037314386485
0.697088077869501,0,0,0.289982327594766,0
0,0,0,0,0.231477624147008
0,0,0.0442623389322715,0,0
0.738363496488998,0,0,0.263940350668176,0
0,0.0531434553957969,0.0276690865051845,0,0
0.658513430197347,0.0570748318568535,0,0,0
0,0,0,0.150910426719088,0
0,0.0531971595689576,0,0,0
0,0,0,0.237171620897123,0.0948731055281519
0.569142464303447,0,0,0,0
0,0.0628217558492795,0,0,0
0,0.0659874147446251,0,0,0.166806169652669
0,0.0759954472720301,0,0,0
0,0,0.0629112893766721,0,0
0,0,0,0.39901643467498,0
0,0.031036969837311,0,0,0
0,0.0743710403999748,0,0,0
0.648332342141302,0.0638583041377044,0,0,0.181972806501904
0,0,0.0307949910139313,0,0
0,0.0687297923611877,0,0.389113930753295,0
0,0,0.0430188165021385,0,0
0,0.133744757346644,0,0,0
0.679950458585451,0.0539553700997107,0,0,0
0,0,0.018646035938705,0.140999318255528,0
0.621062739727522,0.0879154638568027,0,0.460644149242469,0.0763456181153679
0.815992928890611,0,0,0,0.190809415493138
0,0,0.033562864689669,0,0
0,0,0,0.466677918759887,0
0,0,0,0.466352931832172,0
0,0.0806267103768589,0,0.160204655719042,0.100975668975388
0,0,0.0364657123625106,0.441576484448945,0.267265571089018
0.522178512775465,0,0,0,0
0,0.0766808973101138,0,0,0.0590999821095407
0,0,0.0255269895856939,0,0
0.736061021055101,0,0.0320084616520027,0,0
0,0,0,0.358412263457834,0
0,0,0.034307682811884,0.24084443650179,0
0,0,0,0.397095636173494,0
0.696526099268337,0,0,0,0
0.549364091204216,0,0,0,0
0.865768955865583,0,0,0.232700568561652,0
0,0.0612533630072951,0,0,0
0,0,0,0.3267296783887,0
0,0,0,0.162737700469278,0
0.638047588129702,0,0,0.510290370193867,0
0,0.0564696493463971,0.0321936946806579,0,0.157654560789225
0,0.0359119228461595,0.0207390396289225,0,0.0858352288700897
0,0.0787112615341261,0,0,0.217978633680067
0.775312225489822,0,0.0326561295843636,0.404082524175453,0
0.729213611885575,0,0.0228744655687098,0.159262127439884,0
0,0.0983410030207154,0.0858750035864612,0.174482238239908,0
0,0.0451513504867157,0,0,0
0.665257173411319,0,0,0.410269851670936,0
0.631931296751982,0,0,0,0
0,0.0336765588213724,0,0,0.108721598895903
0,0,0.0176767361111336,0.195656030129134,0
0,0,0.0250204484957945,0,0.281537046029596
0,0,0.040557678359167,0.453017877590464,0
0,0.0569558742259814,0,0,0.133935006517239
0.682716702767881,0,0.0472927771877883,0.434446628674305,0
0,0.0582569011306172,0,0,0
0.565235894609916,0.0605118989391404,0,0.35686807913531,0
0,0,0,0,0.185262734173333
0,0.0571331557438345,0.0305207684113696,0,0
0,0,0,0,0.13214851636977
0,0,0.0445809915549931,0,0.164091292457894
0.690966330388856,0,0,0,0
0,0.0543676795581706,0,0,0
0,0,0.0274466125704185,0,0.191484141385744
0,0,0,0.232575471760555,0
0,0,0.0398549586525554,0,0
0,0,0.0407519787388753,0,0.118702558335676
0,0,0,0,0.107910138778848
0,0,0,0,0.237870907557441
0,0,0,0.435742605058147,0
0,0.0505506410141658,0,0.244168437216629,0
0,0,0,0,0.146441715439466
0.656489216012571,0,0,0.38353752573089,0
0.652937293009095,0,0,0.283235704877452,0.179779947350934
0.729268172914814,0,0,0.160525671319738,0
0,0.0484492486901668,0.0204223947767913,0,0
0,0.0613780952804426,0,0.251186433946903,0
0.892552965119134,0,0,0,0
0.629890714258434,0,0,0,0
0.533712714356644,0,0.0438821578559756,0,0.0914304700079229
0,0,0,0.467965952489691,0
0,0.0628217558492795,0.0354132519724241,0.448294645989291,0.126757737623636
0,0.0671030756322223,0,0,0.154271347151583
0.69394536258532,0,0,0,0.114899557850078
0.713396369509114,0.0752770817729769,0,0.451290350337232,0.0659576507271194
0,0.0452397025135285,0.0261283492608911,0.154132496707108,0
0,0,0,0.363146085264391,0
0,0,0,0.314727666249677,0
0,0,0,0,0.166896899838986
0.645958937369394,0,0,0,0
0,0.120168573357302,0,0,0
0,0,0,0.181976794212453,0.163185907429652
0.703498998805113,0,0,0,0
0,0.0535823282087233,0.0272589184036203,0,0
0,0,0,0.520535732014853,0
0.621984821121666,0,0,0,0
0,0.0547372566637928,0,0.253999457251974,0
0,0,0.0644708737577972,0,0
0,0.0708069311876303,0,0,0
0,0,0.0540732127716749,0,0
0.66695402142066,0,0,0,0
0,0,0,0.257805312311776,0
0.601846345229456,0,0,0.327619917528776,0.173410304904542
0,0.0623037704371808,0,0.337147131047173,0.176951337950776
0.698042895881188,0,0,0,0.186088251079817
0.658971742842957,0,0,0,0
0,0,0.0584119402505607,0.0652522123600935,0
0,0.0348199379918913,0,0.203321353163493,0
0,0,0.0277500449967296,0,0
0,0,0.0476930359699873,0,0
0,0,0.0308858588248415,0.304446562485521,0
0,0,0,0.197402090241788,0
0.669131006487306,0.0534581733998033,0,0,0
0,0,0.0265680510201709,0,0.114206941498198
0,0,0,0,0.126378843254019
0.673294013018262,0,0,0,0
0.777451017836,0,0,0,0.125387839599254
0,0.165783627618728,0,0.24175453227696,0
0,0.0635268396710995,0,0,0.241090551281724
0.729169963062183,0,0.029047712466008,0,0
0.645102329210338,0.0590174215182805,0,0.322864915311451,0
0.717777620157027,0,0,0,0.253515475247272
0,0.061118236378052,0,0,0
0.801807061288404,0.0795682184477877,0,0.371980964105823,0
0,0,0.0379670066297232,0,0
0.726720172849341,0,0,0,0
0,0.0567803251008108,0,0,0
0,0.0781823043017043,0,0.480199625371485,0
0,0,0,0.190020055201446,0.267449587241547
0.72619093086572,0,0,0.315491484812984,0
0,0,0,0,0.124169371533723
0,0,0,0.263868204893999,0
0,0,0.0280726483938386,0,0.157879469420094
0.621188230094773,0,0,0.309979282910718,0
0,0,0.0296144219068238,0.355634982095934,0
0,0,0,0,0.121224474148286
0,0.0493200647452892,0.024051407735396,0.223828624001377,0.108545889028037
0,0,0,0,0.057741648989189
0,0,0.0440680385525632,0,0
0.742908430224628,0,0.0535252857008975,0.112079453015892,0
0,0.052854145817802,0,0.328886108959976,0
0.680747049612344,0,0,0,0
0.633333515203431,0,0,0,0.138419761290158
0,0,0,0,0.164940450328418
0,0.0915026716382487,0,0,0
0.608977471751027,0.10403191298307,0,0.219917528775574,0
0,0.152357584328545,0,0.393111733285677,0
0.706363452840174,0.0498386276216154,0,0,0
0,0.10077847952514,0,0,0
0,0,0.0256313936563906,0,0
0,0.0463293775108866,0,0.29773899115056,0
0,0,0.0262514061680397,0.354698410807305,0
0,0,0.036058976900988,0,0
0.676714989551563,0,0.0432416142708706,0,0
0.721836960732427,0,0,0.270650569554483,0
0.735815496423525,0,0,0,0
0,0,0,0,0.17539359010402
0.727211222112494,0,0,0,0
0,0,0,0,0.0812936079944795
0.730768601218893,0.0537116801956911,0.025135280020202,0,0
0,0,0.0236350220216812,0,0
0,0.0706175229209989,0,0,0.123970020701817
0,0,0.0350084595146986,0.167463579621797,0
0.701643923810979,0,0,0.104165922042851,0
0,0.0606360537480605,0,0,0
0.697797371249611,0,0,0.414105491683379,0
0,0.108441429824526,0.0814384782497888,0.134270566509799,0
0,0.0430724792675906,0,0.221649689243661,0.148167505814399
0.71222330738047,0.0709062550347662,0,0,0.120371482607918
0,0,0.077835501542065,0,0
0.65365204249213,0,0,0,0
0,0,0.0257808754151794,0.258696213339687,0
0,0.0552483125051611,0,0.384970512896884,0
0,0.0361977676387892,0.015140144654042,0.061336483919435,0.0398494006696143
0,0,0,0.222890728937074,0
0,0,0.0486405741550314,0,0
0.761475548474746,0,0,0,0
0,0,0,0.516995955865319,0
0.680506981083691,0,0,0,0
0.782137810247652,0,0,0,0.10440935926598
0.697715529705752,0,0,0,0.15408349732921
0.791364080292011,0,0.0306411698799955,0,0
0.740529569349796,0.0702808612763461,0.0369197275830956,0.433384960584579,0
0,0,0.037944985920023,0,0
0,0.0601267302993748,0.0296336576444149,0.287148785766764,0
0,0.0713150997078609,0,0.463349284830193,0
0,0.240139653948787,0.206058855787085,0,0
0,0.110103371871371,0.101890536217882,0,0
0,0,0,0,0.115365987681141
0,0,0.0302273748380101,0,0
0.790889399337629,0.0543699894150807,0,0,0
0,0,0,0.246437388720108,0
0.391305154380432,0,0.107785609738231,0,0
0.752614837326291,0,0,0,0
0.711268489368783,0,0,0.0445238709848229,0
0.67395965757498,0,0,0,0
0,0,0.064176184848573,0,0
0.703689962407451,0,0,0,0
0,0,0,0.253313741453373,0
0,0.0318916168940624,0,0,0
0,0,0.0343886413034291,0,0
0.681843726300053,0,0,0.302813685192907,0
0.729917449162761,0,0,0.204330070226299,0.115191555703223
0.848560407243522,0,0,0.428704751692778,0
0.738930931193086,0,0,0,0
0,0,0.0311355348127667,0,0
0.570195492167764,0.0705095371104498,0.0489695894646707,0,0
0,0,0.0233009549021694,0,0
0,0,0,0.51870097893211,0
0,0.070952452172969,0,0,0.140634344570246
0,0,0.0296490721412051,0,0
0,0,0,1,0.10614409487055
0.687447144002924,0,0.0523355197091505,0,0
0,0,0,0,0.227453548700386
0.767215368750716,0,0,0,0.135162419812406
0,0,0,0.170954376071431,0
0,0,0.0193789369709646,0.212135051594157,0
0,0.0532063989965982,0,0,0
0.66581369590956,0,0.022455359649679,0,0.0922604595292253
0,0,0,0,0.197815447133693
0,0.0866358031285857,0.0722234589081575,0,0.178746773327881
0.644158423404499,0.0582551687379346,0,0,0.120782324226238
0.739258297368521,0,0.0221975230458061,0,0.182429013213382
0,0,0.0221218754313064,0,0
0.599369274501994,0,0.0418160971517443,0,0.0870843662943747
0,0,0,0,0.146519027781327
0.647644873172887,0,0.0469229587984102,0,0.214381373476116
0,0,0.0257216137993684,0.185956063885414,0.134669154292432
0,0.0436297322471616,0.0209981068018669,0,0
0.704546570566507,0,0,0.374040097165134,0
0.712905320245961,0.0558748611920363,0.0294472588134814,0,0
0.668012505387902,0,0,0,0
0.610494268363878,0,0.0356263347221709,0,0
0,0.0929821349891927,0,0,0.0811971273033966
0,0,0,0,0.130218902548113
0,0,0.0211475885606558,0,0
0.661481550187963,0,0.0307778925805169,0.267520501975735,0.177324481815626
0.576939235381736,0.026585875571473,0,0.0974629839227444,0.0537435786030107
0,0,0,0,0.176221662790401
0,0.0609628985008451,0,0,0
0,0,0.0238721332517186,0,0.195534413576303
0,0,0,0,0.188127124492039
0,0,0.042068687645365,0,0
0.726240035792035,0,0,0,0.102052291256677
0,0,0.0221869660585086,0,0
0,0,0.0365421371785292,0,0.0575050476652951
0.705414090931411,0.0581252392867393,0.0362830700055848,0.330215841623479,0.108067319242467
0,0.0476604325553543,0,0,0.0959637845988703
0,0,0,0.188851823170046,0
0.742226417359137,0.0656426686007868,0.0398135079048842,0,0
0,0,0.0355492622382199,0,0.165486109336264
0,0.0588949991020431,0,0,0
0,0.0671088502744976,0.0424015889625985,0.315015587458549,0.146786745725458
0,0.047456010218807,0,0,0
0,0,0,0,0.154119917192731
0,0.0690514399359246,0,0,0
0,0,0.0471574145899248,0,0
0,0,0,0.331916893363251,0.18356058476244
0,0.0858596912067789,0,0,0
0.764961998243135,0,0,0,0
0,0.0619295736177383,0,0.270682340170635,0.106444399008357
0,0,0,0.23316256627152,0.124607687785928
0.784549407740028,0,0,0,0.121873003296956
0,0,0,0.283489207918826,0
0,0,0.0477293053741995,0,0.156031640555115
0,0,0.0626224294788391,0,0
0.759609561274764,0,0,0.236902232547673,0
0,0,0,0,0.125637028139137
0.854796732885569,0,0,0,0
0,0,0.0299130615904354,0,0.228489278503335
0,0,0.0187018001476812,0.0835785627767519,0.20289186495259
0,0,0.0246065239202226,0.143361595943951,0
0,0.0664228227721863,0,0,0
0,0,0,0.392580899240815,0.176317504536509
0.705375898210944,0,0,0.157599465194628,0
0,0.0505933733670034,0,0,0
0,0.205076026052876,0.274388470319095,0,0.27152413934112
0.657673190347063,0,0.0499132416421206,0,0
0.69275047604498,0,0,0,0
0,0,0.0290604715242755,0,0
0,0.0712787194615261,0.0403238702355847,0,0.176102819025226
0.742902974121704,0.0499292895053384,0,0.225545561049225,0
0,0.0856235083377173,0,0,0
0.680414227333984,0,0,0.461004878113355,0.0602496996958622
0,0,0,0,0.192797173307435
0.666670304068616,0.0479999815211447,0.0255317823283934,0.360397926967296,0
0,0,0.029137155407467,0,0
0,0,0.0450285300962545,0,0
0.683698801294188,0,0.0263996573577571,0,0.130777979400414
0,0,0,0,0.152297007181741
0.716746416704405,0.0397231867478889,0,0,0
0.707132763352448,0,0.0242364464636716,0,0.274162343139009
0,0.0737687452106561,0,0,0
0,0.0314487018315433,0,0,0
0.550428031274382,0.0477355029049338,0,0,0.139858026426764
0,0,0.0257260827081017,0,0.200444066756971
0,0,0.0229411105989497,0,0.0769046949676694
0.655812659250004,0,0.0484158333825021,0,0
0,0.0730746332091593,0,0,0
0.638069412541398,0,0.0224514088752916,0,0
0,0.0757846728289799,0,0.223798839048735,0
0.751878263431561,0,0,0,0.0937389781991975
0,0,0,0.386101017321605,0
0.765818606402191,0.0589897032353588,0.0316551587948998,0,0.215484831446316
0,0,0.030501662207365,0,0
0.653706603521369,0,0.0272551619296126,0,0
0,0.0490781072339521,0.0242364464636716,0.214385470238213,0.128743578603011
0,0,0,0.245349907004759,0
0.679563075277852,0.0855172549198508,0.0611755393179448,0,0
0,0,0.0359404536693659,0,0.464360288291972
0,0,0.0390492597446984,0,0.199919492933269
0,0,0,0.187289105988099,0.148409665959568
0,0,0,0,0.116905206123649
0,0,0,0.434639899922559,0
0,0,0,0.193348027243303,0.116555064277864
0.75208559534267,0,0,0.2124659955124,0
0.649696367872283,0,0,0,0
0,0.0538860743924066,0,0.294348801652072,0
0.706892694823795,0,0,0,0
0,0,0,0.288702898406836,0
0.653537464330727,0,0,0,0
0,0,0,0.275479703209494,0
0,0.0459309271938876,0,0,0
0,0,0.0300654578549199,0.316713329759139,0.0447261481841184
0.644163879507423,0.0451513504867157,0,0,0
0,0,0,0.310019658068744,0.182234773941268
0,0.0351612193503643,0.0176302335535901,0,0
0.704513833948964,0,0,0.264833899247434,0.153433690290592
0,0,0,0.263045478313245,0
0.680905276597138,0.0664788368022572,0,0,0
0.734036806870325,0,0.0253390363517228,0,0.216804891762721
0.716800977733644,0.0405131578111565,0,0,0.154183811690137
0,0.0507521760295754,0.0247107984573327,0,0
0.651169515661743,0,0.0400680414023021,0,0
0,0,0.0552862948089868,0,0.146150356531295
0,0,0.0489197190338789,0,0
0,0.0443758160291365,0,0,0
0,0,0,0.14132496707108,0
0,0,0,0,0.158405960078718
0,0.0418886776011443,0,0,0.16307856467401
0.702478707558339,0,0.0283329461358545,0,0.0950360364965369
0,0.07433235029673,0,0,0
0,0.070278551419436,0,0,0
0.701567538370044,0,0,0,0
0,0.258389833395796,0,0,0
0,0.0575697186998508,0,0,0
0,0,0,0,0.183476244025864
0,0,0,0,0.315307204743527
0,0,0.19307376141118,0,0
0.707372831881101,0.0644923598595376,0,0.296844780683465,0
0,0,0.0827422337976313,0,0.109352876530273
0,0,0,0.295391936882376,0
0,0.0487246991267009,0,0,0.112998057607279
0,0,0.0215378084899033,0,0
0,0.05024747229471,0,0,0
0,0.0682966941905366,0,0.407759972994976,0
0.60249016537448,0.0661814427250768,0,0,0.06796329900069
0,0.0739431394073716,0,0,0.247441664323868
0,0,0.0260067172231937,0,0.169029698162394
0,0,0,0.136416406875691,0.120968257213689
0,0.0688273838156411,0.0498322831505755,0,0
0,0.0491248818363824,0,0,0
0,0,0,0.320603244574174,0
0,0.0697605660073373,0,0.106699628680924,0
0.722289817275113,0,0,0.266787792140744,0.159973292100084
0.695674947212204,0,0,0.26823004573645,0
0.683404171736296,0,0,0,0
0,0.39255382977163,0,0,0
0.798931695047495,0,0,0,0
0,0.0627998122086332,0,0,0
0,0,0,0,0.169904413831881
0,0,0.0777707347488289,0,0.126194188156516
0,0,0,0,0.207697370102487
0,0.0480623476577185,0,0.185075753062886,0
0,0.0868384930724504,0,0,0
0,0,0.0536671249780845,0.418332307407187,0.10925000638945
0,0.0563633959285307,0.0295711576889421,0,0
0,0,0,0,0.138664477215222
0,0,0,0.191238590708419,0
0.703509911010961,0.0516299216554282,0.0290168834724276,0.373415275047491,0
0.752172892989453,0,0.0213272516450927,0.198951569667004,0
0.736350194510069,0.0632103892744104,0,0,0
0,0,0,0.523810753029792,0
0,0.0519088368773276,0.0256243340759278,0,0.155501955171621
0.642772573261822,0,0,0,0.188824852403711
0.624740153098248,0.082845905403275,0,0,0.0554255373527232
0,0,0,0.234683584519767,0
0,0.0606851382074009,0,0,0.138643392031078
0,0.0653712604138455,0,0,0.174166815753827
0.720647530295011,0.041418621719931,0,0.108274921731763,0
0.689820548774832,0,0,0,0
0.6455497296501,0,0,0,0
0.539855740638691,0,0,0,0
0.660892291072179,0.0596000829238631,0.037053147177162,0,0
0,0,0,0.175449918256852,0
0.694403675230929,0,0,0,0
0.630725498005794,0.0739038718398992,0,0.422313562743657,0.239386485035909
0,0.0563351001813815,0.0368258157329033,0,0
0,0.0461740396336798,0.0237183121177828,0,0
0,0,0,0.484913590542947,0
0,0.0541597924362581,0,0,0
0,0,0,0.282244196898394,0
0,0,0.0343944703148203,0,0
0.683638784162024,0,0,0,0
0,0.0603819694879452,0.0332448597348797,0,0.208427045262862
0,0,0.0247761481517079,0,0.106643749840264
0,0,0,0,0.142006798374524
0,0,0,0.236589821488851,0
0,0.0621426579176986,0,0,0
0.559005025070793,0.0572948457275443,0.0303430483307298,0.237759377295923,0.0721458328008792
0,0,0.0171120992077013,0,0
0,0.06166682739421,0,0.293194469265238,0.0900548214787742
0.861382249114747,0,0,0.234970181952966,0
0.633884581598747,0,0,0,0.197830142868096
0.775666872179877,0.0723909155637581,0,0,0.162792317325632
0,0.0360331903339418,0,0.104941654587214,0
0.721422296910209,0,0,0,0.148662688169295
0.69508568809642,0.0479999815211447,0.0314687599639664,0,0.166275845324201
0.475448082452627,0,0,0,0
0.664793404662785,0,0,0.322859620208759,0.192005520484576
0.704033696891658,0,0,0,0
0,0.0481980517511891,0,0,0.0967145449433895
0.660390329603178,0,0,0.351545177154279,0.150528407493547
0,0,0.025936574786119,0.191037376806126,0
0.681669131006487,0.0631104879630469,0,0,0
0,0.0525538644194838,0,0.259064222976774,0
0.670271331998407,0,0,0,0
0,0,0,0.456731068353157,0
0,0,0.0284383864752428,0,0
0.638467708054845,0.0560382835684287,0,0,0
0,0,0,0.268395517695571,0
0.695876823020389,0,0,0,0
0,0,0.039204700048465,0.263247354103374,0
0,0.0583671967980763,0,0.347285928926484,0
0,0.0651893591821721,0,0,0
0,0,0,0,0.0997661461394945
0,0,0.0288436970673143,0,0
0,0,0.0312682419721074,0,0
0,0.0412632838427242,0,0,0
0.786268080161064,0,0,0,0
0.801125048422913,0,0.0406872119456392,0,0.254232371508166
0.886103851463054,0,0.355194759900106,0,0
0.833572492511499,0.0430915355870992,0,0.0523440757729196,0
0,0,0.0409844915265928,0,0.149543793288522
0,0.0770874321262983,0,0.306098634525393,0
0,0.0494736702298134,0,0,0
0,0.225545400526301,0,0,0
0.782236020100283,0,0,0,0
0,0,0,0,0.125243438035116
0,0.0534206382250135,0.0602726902202336,0.214226617157457,0.0978371712628108
0,0,0,0,0.172856978557007
0,0,0.0162432526764392,0,0.150539269558106
0.609097506015353,0,0,0.341111839187731,0
0,0.0504911621987297,0,0,0.148311907378537
0.685433842023996,0,0.0409618231489602,0,0
0,0.0575177469193727,0.0272109262098323,0,0.114634395685844
0,0.0488344173299324,0.0242796459147601,0,0.103627290617732
0.727129380568635,0.0591438861841106,0.0312393559823241,0,0.206878242645743
0,0,0,0.513459489154968,0
0,0,0.0375816442099685,0,0
0.837468149999182,0,0,0,0
0,0.06378438871658,0.0361911011591896,0,0
0.660308488059319,0,0,0.217230264159436,0.0603034349681805
0.686230433050889,0,0.037162603057731,0,0
0.634244684391726,0,0.0236535453245467,0,0.111335522784778
0,0,0.0370058674180996,0,0
0.752320207768399,0.057414380822644,0.0287701219901981,0.33157602112746,0.153632402177524
0.755293783861939,0,0,0,0
0,0,0,0.422615383597096,0.158643008664094
0.740000327366175,0.0726386477173705,0,0.367709801896971,0
0,0.0536978210542303,0,0,0
0.738412601415313,0.0455908007638697,0,0,0.0865636261405168
0.619791467746248,0,0,0.402527087759708,0
0,0.034526008700076,0.0180836011062427,0,0
0,0,0.0323322956181832,0,0.136925907940808
0,0,0.0200959701388814,0,0
0,0,0.0260394244537779,0,0
0.7886251166242,0,0,0.366294685702561,0
0,0,0.0941845831586519,0,0
0.64674461619044,0,0,0.433175804028249,0
0,0.0420041704466513,0.0337571650693772,0,0
0,0,0.0159462969294517,0,0.2607093567102
0.849067824815447,0,0,0.404817881561791,0
0,0,0.0417234806374167,0.233712595063641,0
0,0,0.019106916439373,0,0
0.706221594164152,0,0,0,0
0,0,0.0435453705311479,0,0
0,0.0544485245500254,0.0370278881277999,0,0
0,0,0,0,0.226820993176068
0.712927144657657,0.0419377620604848,0,0,0
0,0,0.0673368043584943,0,0
0,0,0.0323245236029949,0,0
0,0.0565920717626345,0.029162673524002,0,0
0,0.0475189538196082,0.0250460313791227,0,0
0.683971606440384,0.0755675462794269,0.0458193326416672,0,0
0.766211445812714,0,0,0,0.244777902727017
0,0.0581067604314582,0,0.326980533878729,0.215534030209318
0,0.0489146848575598,0,0,0
0,0,0.0307131257872809,0,0
0.631156530136785,0,0,0,0
0,0.06017234997335,0.0298749787160126,0,0
0.75355874313213,0.0449013084761932,0,0.180187711390428,0
0.700983735357184,0,0,0,0.170809159915148
0.733742177312433,0,0,0.181952966250339,0.105352442047691
0,0.0751003777193512,0,0,0
0.614515416218812,0,0.0297081394566364,0,0.214239527691875
0,0,0,0.352350694651284,0
0.663009259006662,0,0,0,0.183386152784522
0,0,0,0,0.162040918036139
0.478346909936109,0,0,0,0.140812610218008
0,0,0,0,0.0936258849387891
0,0,0,0.199327521958129,0
0,0,0.0213514096589698,0,0.190153219004779
0,0,0,0.237703116829822,0.116580622076827
0,0.0494511491249396,0,0,0
0.739405612147468,0,0.0260535436147034,0,0
0.463768748533672,0,0,0,0
0,0,0.0301218049650353,0,0
0,0.0476344466651152,0.0248193476027964,0,0
0,0.0709738183493878,0,0,0
0,0,0.0442772352947158,0,0
0,0,0.0437649299602183,0,0.116621514555167
0,0,0.0802765619791333,0,0
0.723806613887964,0,0,0,0.091224729726276
0,0,0,0,0.101176297697242
0,0.150415572131345,0,0.206877014621102,0
0.629934363081825,0,0.0360861789541471,0,0.0873201369898025
0,0.0504472749174371,0,0,0.159673626907251
0,0.0809968649467087,0,0.397881958923241,0.0741827893781787
0,0,0.0475816370856212,0,0.161278656682087
0,0.0662969355705837,0,0,0.142806757482046
0,0.0619671087925281,0,0,0.150158458353567
0,0.0540154263793743,0,0,0
0,0.0370795555142348,0.0253251762579703,0,0
0,0.0646609794139777,0,0.383398529285227,0
0,0,0,0,0.149268408004703
0.655016068223111,0,0.177039446409721,0.314685305428142,0
0,0,0.0210479124658655,0,0
0,0,0.0846386055035842,0,0.125309888312419
0,0,0,0,0.23179581874409
0,0.0501672047670827,0,0.34411548618971,0.198913154599126
0,0,0,0,0.137401921946482
0.711252121060012,0,0,0,0
0,0.0881476044762717,0,0,0
0,0,0,0.244047311742552,0
0,0.0552402280059756,0,0.369535950437839,0.229015130216986
0.813259421325724,0.0900347575718553,0,0,0.12795639839497
0.68421713107196,0,0,0,0.13427045262862
0,0.0654780912959395,0,0.267689283374039,0
0,0,0,0,0.150983975260051
0.717881286112581,0.0418407480702589,0.0257476500502493,0,0
0.73964568067612,0,0,0,0
0.77133472645828,0.0790756414617005,0,0,0
0.764989278757754,0.0464899125661413,0.0199685090897928,0,0
0,0.0472302217058409,0,0.190292752990078,0.126672118997112
0,0.0526514558739373,0,0,0
0,0.044184097905595,0,0.204289695068274,0
0.637441960705147,0.0796201902282658,0,0.451204966806325,0
0.74784620337078,0,0,0,0
0,0.0511725699872207,0,0,0
0.646444530529624,0,0,0,0
0.763265150233794,0,0,0,0.201968589465075
0.640731990768274,0.0535546099258016,0.0264262117429839,0,0
0,0,0,0.20040507535593,0
0.71252884914421,0,0.029522841661188,0,0
0.702249551235534,0,0.0247833372657571,0,0
0,0,0.042990966781047,0,0
0,0.0628939388777214,0,0,0
0.771192867782258,0.0367636825817733,0,0.173125368175109,0
0,0.0547372566637928,0,0,0
0.722038836540613,0,0,0,0
0.729039016592009,0,0,0.10103254502492,0
0,0.0573358456876993,0,0.377518979633711,0.165443938967976
0,0,0.0335434346516981,0,0
0,0,0.0272342422553974,0,0
0,0.053328243948608,0,0,0
0,0.0406251858712983,0,0,0
0.737714220241051,0,0,0.199571096681956,0
0,0,0,0.185034054129187,0
0,0,0.0237183121177828,0,0
0,0,0.0268271181931153,0,0
0,0.0356480216941761,0,0,0.140957011782145
0.734740644147511,0.0374271889792107,0.0181231088501168,0,0
0,0.0582222532769651,0.0329592381767085,0,0
0,0,0,0,0.169272497252537
0,0,0.0482616884146002,0,0
0,0.0631797836703511,0.0341205067794317,0,0
0,0,0.0304253021581397,0,0
0,0,0,0.409938907752692,0
0,0.0390539057081761,0,0.175363210950272,0
0,0,0.0863607545357319,0,0
0,0,0,0,0.171450660669103
0,0,0,0,0.185112582104429
0,0.0721639721223369,0,0,0
0,0,0,0.22880800619527,0
0,0,0.0388925241050671,0,0
0,0,0.0313778273862629,0,0.21307536994914
0,0.0585693092777135,0.0331859219530349,0.432062508687278,0.0438539244000307
0,0.0252761867034242,0,0,0
0,0.0459228426947021,0.0225069787838882,0,0
0.67269384169663,0.0510969221734137,0,0,0
0,0,0,0.233328700118478,0
0,0,0,0.105874254548824,0
0.727151204980331,0.0499177402207877,0,0.283771834025006,0
0,0,0,0,0.0549196207222634
0.811797185742112,0.0576245778014666,0,0,0
0,0,0.0394780159159213,0,0.166390855419531
0,0,0,0.410272499222282,0
0,0,0.0178929924337489,0.0997729724720849,0
0,0.0742203222365883,0,0.197515934949663,0
0,0.0391769055886411,0,0.170849797793266,0
0,0,0,0.200054274802592,0.0949012191070105
0,0,0.0331859219530349,0,0
0.684380814159678,0,0,0.181747781021028,0
0,0,0,0.265612279343143,0.154123111917602
0,0,0,0.146608155781921,0.0901589695095458
0.758381938116881,0,0.0384508145751969,0,0
0.739378331632848,0,0,0.156717168708591,0
0.575105984799297,0,0,0.110608738243217,0
0,0.0457062936093766,0,0.203650311418227,0
0.716299016264643,0.0696606646959738,0,0,0.180561377054208
0,0,0.0270295144219781,0.315306818106604,0.127786439031871
0.65479236800323,0,0,0,0.170460295959312
0.756968807459584,0,0,0,0
0,0,0.0258370929917084,0.337609790644877,0
0,0.0406667632956808,0,0,0.105706417563319
0.409889732159907,0,0,0.207943315925683,0.250649807038618
0.660303031956395,0,0.0347720607193868,0,0
0,0,0,0,0.214770490965318
0,0.0657916543714908,0.0452396698422041,0,0
0,0.0557657204530322,0.0264425977416726,0,0
0,0,0.0184793909797085,0,0
0,0,0,0.235763785468914,0
0.68569027886142,0,0,0.338676091949458,0.248165588979477
0.842051276455279,0,0,0,0
0.714634904872846,0,0,0,0
0,0,0,0,0.154280931326194
0,0,0.0368659711447097,0.280356492788732,0
0.631980401678297,0,0.0464909642875255,0.29706254178167,0.101401845273085
0.674352496985503,0.0535563423184842,0,0,0.212389143047001
0,0.0504715284149935,0.024560280429852,0,0.106705088557773
0,0,0,0,0.109206558131214
0,0.0608006310529078,0,0,0
0.687299829223978,0,0.0274100193322401,0.236975040209686,0.148033966314821
0.593154773271643,0,0,0.445836394564577,0
