0.51032,0.53408,0.47043,0.37708,0.41238,0.19941,0.18452,NaN,0.22331,0.16216,0.2908,0.22392,0.30229,0.29308,0.47086,0.54763,0.52191,0.35023,0.43015,0.56774,0.73272,0.75913,0.54551,0.61654,NaN,0.684,0.74441,0.80208,0.84547,0.92426,0.9843,0.85273,0.40796,0.40657,0.48369,0.16452,0.36092,0.35146,0.26038,0.033769,0.57568,0.842,0.55451,0.39461,0.82954,0.78058,0.47628,0.35819,0.49621,0.45333,0.28984,0.21113,0.4987,0.3655,0.27438,0.34359,0.36932,0.29291,0.42149,0.48961
0.23599,0.10802,0.12582,0.12173,0.11717,NaN,0.45346,0.35921,0.26507,0.36422,0.41103,0.48608,0.42205,0.17449,0.17544,0.26786,0.26122,0.3734,0.53703,0.67209,0.78594,0.7395,0.80958,0.92429,0.87807,0.86937,0.92657,0.99537,0.85552,0.58123,0.37624,0.23141,0.12265,0.098357,0.074972,0,0.038378,0.057503,0.055134,NaN,0.05941,0.1177,NaN,0.29065,0.25789,NaN,0.30569,NaN,0.2529,NaN,NaN,0.15977,0.088311,0.12573,0.12698,0.10769,0.11932,0.043478,0.01102,0.057737
0.11947,0.12602,0.089685,0.079886,0.14278,0.11395,0.17722,0.12745,0.081297,0.0715,0.19722,0.47479,0.63006,0.50686,0.62965,0.71636,0.49777,0.35771,0.22617,0.28778,0.45879,0.65525,0.72332,0.91937,1,0.75218,0.53703,0.60601,0.86151,NaN,0.46736,0.51438,0.29959,0.30355,0.27135,0.21633,0.048436,0.022876,0.071474,NaN,0.13549,0.11319,0.21247,0.24491,0.15738,0.26289,0.26566,0.1174,0.17971,0.32727,0.16733,0.13409,0.3039,0.099415,0.15646,NaN,NaN,0.12357,0.0854,0.030023
0.16224,0.091728,0.049934,0.10889,0.1722,0.27385,NaN,0.36648,0.4441,0.4413,NaN,0.32943,0.33482,0.15809,0.13863,0.29076,0.34048,0.36488,0.26152,0.16727,NaN,0.11492,0.15715,0.3639,0.5667,0.7296,0.83255,0.85045,0.90219,1,0.9988,0.84341,0.62323,0.61198,0.67628,0.7753,0.84551,0.73235,0.6245,0.60904,0.47169,0.40354,0.49075,0.63772,0.62169,0.32968,0.20427,0.49536,0.47097,0.27273,0.21315,0.30385,NaN,0.21345,0.11791,0.048718,0.15341,0.11213,NaN,0.034642
0.059735,0.1706,0.21912,0.14979,0.20796,0.22306,0.24946,NaN,0.36591,NaN,0.5297,0.71981,0.679,0.39744,0.3555,0.33432,0.28173,0.26701,0.40574,0.70719,0.8047,0.80605,0.6466,0.68835,0.76926,0.85549,NaN,0.99393,0.87754,0.62523,0.5879,0.67446,0.47202,0.26953,0.0078755,0.33024,0.30789,0.38993,0.62302,NaN,0.26092,0.56667,0.62149,0.63399,0.75263,0.30389,0.25371,0.56544,0.47804,0.16242,0.30877,0.32668,0.18961,0.39181,0.37188,0.020513,0.30114,0.075515,0.1157,0.027714
0.95723,1,1,1,1,NaN,0.49242,0,0.27454,0.30287,0.37119,0.29645,0.42493,0.31236,0.36403,0.38612,0.4183,0.44623,0.50084,0.32952,0.18244,NaN,0.39992,0.64471,0.49488,0.20652,NaN,0.58316,0.51725,0.37978,0.35226,0.22141,0.040534,0.12984,0.2734,0.45333,0.3689,0.3108,0.3618,0.4427,0.37556,NaN,0.21376,0.25135,0.39963,0.30801,0.34788,0.44924,0.33569,0.23394,0.15538,NaN,0.53247,0.42105,0.39456,0.023077,0.29261,0.28375,0.4876,0.51963
0.062684,0.080583,0.045992,0.10247,0.19579,0.24375,0.43128,0.44454,0.38812,0.41141,0.41869,0.48784,0.54225,0.5082,0.69435,0.84531,NaN,NaN,0.84326,0.78703,0.80417,0.87987,0.7141,0.60117,0.70891,0.83016,0.6133,0.46562,0.62368,0.6966,0.60196,0.43035,0.38108,0.40064,NaN,0.19103,0.22075,0.099407,0.12777,0.3305,0.18622,0.24396,0.16449,0.14545,0.27666,0.30102,0.34951,0.44864,0.39021,NaN,0.12151,0.17404,0.17662,0.19591,NaN,0.14359,0.21875,0.036614,NaN,0.030023
0.78761,0.45607,0.0795,NaN,0.17271,0.27493,0.88988,1,0.8072,0.83698,0.71105,0.29528,0.31927,NaN,0.66356,0.65846,0.13729,0.048,0.40364,0.8628,0.78836,0.35712,0.1208,0.14056,0.18914,0.21214,0.18174,0.6021,0.57457,0.67242,NaN,0.43799,NaN,NaN,1,0.92056,0.98786,0.92752,0.73192,0.50915,0.2,0.23932,0.21583,0.37001,NaN,0.42471,0.28577,0.16562,0.1686,0.25333,0.17131,0.24536,0.27273,0.65497,0.61225,0.071795,0.23011,0.27231,0.22314,NaN
0.15708,0.36305,0.32359,0.087969,0.26629,0.41629,0.42316,0.45447,0.47683,0.48677,0.43116,0.49927,0.55218,0.45973,0.51811,0.65245,0.83691,0.84166,0.82579,0.83444,0.7891,0.85042,0.96206,1,0.93412,0.9349,0.9023,0.70193,0.62662,0.5384,0.32905,0.2295,0.12822,0.32623,0.35297,0.22692,NaN,0.22595,0.16034,0.19858,NaN,0.33321,0.03983,0.15949,0.26358,0.2404,NaN,0.21803,0.12216,0.23152,0.15837,0.23395,0.48312,0.73099,0.30385,0.31026,0.32102,0.20595,0.030303,0.069284
0.10841,0.10587,0.081143,0.077984,0.14659,0.099436,0.27679,NaN,NaN,0.1746,0.37998,0.66207,0.7907,0.55863,0.64099,0.74547,0.89628,NaN,0.96739,0.8964,0.75601,0.69308,0.64438,0.58652,0.35564,0,0,0.06093,0.090909,0.11729,0.30322,0.4727,NaN,0.51277,0.47151,0.34587,NaN,NaN,0.34841,0.15174,0.044586,0.16349,0.2007,0.04857,NaN,0.060752,0.047809,0.066787,0.094397,0.093334,0.13645,0.089871,0.2,0.64912,0.43537,0.17949,0.090909,0.22197,0.12948,0.030023
0.21608,0.14273,0.061433,0.19758,0.38118,0.44289,0.23999,0.28622,0.22479,NaN,0.43201,NaN,NaN,0.31577,0.49694,0.72593,NaN,0.81849,0.87303,NaN,1,NaN,0.62605,0.58744,0.81742,0.75273,0.59145,0.40253,NaN,0.078939,0.21319,0.58639,NaN,0.71553,0.72364,0.6998,NaN,0.10793,0.46036,0.68551,0.46497,0.3812,0.30738,0.36176,0.19534,0.15579,0.18725,0.20605,0.21302,0.14182,0.069721,0.22682,0.31688,0.37427,0.19048,0.12051,0.073864,NaN,0.15152,0.032332
0.23304,0.17874,0.15079,0.18069,0.19478,0.17576,0.092262,0.19978,0.070043,0.01144,0.086205,0.21952,0.2522,0.26091,0.32922,0.4944,0.62284,0.69829,0.82464,0.86408,0.7969,NaN,0.73784,0.72318,0.6083,0.44333,0.42546,0.39265,0.44602,0.37403,0.28959,NaN,NaN,0.37774,0.43428,0.47349,0.47726,0.44515,0.37128,NaN,0.42895,0.4464,0.49955,0.36099,0.1824,0.15318,0.23596,0.2357,0.22009,NaN,NaN,0.099857,0.43896,0.48538,NaN,0.32051,0.17898,0.093822,0.36639,0.19861
0.43068,0.2006,0.15867,0.078221,0.24322,0.18033,0.22186,NaN,0.1509,0.034034,0.18333,0.26187,0.29999,0.26359,0.37998,0.45827,0.65672,0.85943,0.93278,NaN,0.90978,0.91432,0.92699,0.85698,0.72613,0.53332,0.3867,0.39409,0.40605,0.27016,0.26747,0.3106,0.28058,0.41547,0.3857,0.41482,0.45714,0.41967,0.46026,0.361,0.3282,0.40464,0.32238,0.34141,0.24851,0.12781,0.095979,0.024259,0.17264,0.16606,NaN,0.0071325,0,0.6345,0.46032,0.19744,0.32386,0.254,0.30578,0.21709
NaN,0.076725,NaN,0.0014265,0.048947,0.095673,0.11824,0.000441,0.051829,0.075361,NaN,0.19974,0.19534,0.2573,0.21517,0.26837,0.32556,0.25444,0.20882,NaN,0.39924,0.4565,0.41931,0.49042,0.6124,0.62231,0.64618,0.72427,0.85126,1,0.86823,0.66839,NaN,0.63582,0.6907,NaN,NaN,0.34314,NaN,0.14728,0.2154,NaN,0.19268,0.15602,NaN,0.10847,0.066099,0.045523,0.042907,0.14545,0.021913,0.087018,0.15325,0.34795,0.2449,0.12821,0.24432,0.10755,0.15703,0.04388
0.14307,0.1093,0.034494,0.16881,0.25285,0.42408,0.80709,0.75083,NaN,0.57372,0.51808,0.1609,0.63884,1,0.91343,0.8274,0.68853,0.77403,0.87261,NaN,0.88617,0.94612,1,NaN,0.7752,0.81507,0.63252,0.43886,0.4655,0.29594,0.24687,0.06448,0,0.12623,0.16477,0.20847,0.10059,0.15899,0.31836,0.36242,0.23266,NaN,0.34463,0.33329,0.19804,0.14852,0.25045,0.39563,NaN,0.39394,0.31474,0.0699,0.4,0.2193,0.82993,NaN,NaN,0.65217,0.35262,0.039261
0.14823,0.089584,0.084757,0.019258,0.073548,0.18355,0.2362,0.18809,0.15934,0.12298,0.12959,0.1269,0.1451,NaN,0.23663,0.2011,0.16371,0.14442,0.02651,0.065175,0.15736,0.13823,0.21638,0.5273,0.84016,1,0.86175,0.66468,0.54718,NaN,0.34082,0.18546,0.12002,0.19926,NaN,0.22823,0.077302,0,0.016551,0.12789,0.21783,0.22698,0.20522,0.12136,0.11942,0.091882,0.061934,0.14046,0.18021,0.16485,0.081674,0.1883,0.1013,0.12281,0.15193,NaN,NaN,0.048055,NaN,NaN
0.19764,0.25418,0.21058,0.040656,0.19579,0.4222,0.3033,0.22999,0.19177,0.23652,0.24188,0.38584,0.44494,0.36052,0.41509,0.49603,0.60419,0.7948,0.92983,NaN,0.92359,0.94377,0.82282,0.77185,0.69334,0.57639,0.55983,0.42919,0.36151,0.24268,0.18561,0.14682,0.32563,0.39587,0.27043,0.23397,0.35731,0.30477,0.35758,0.50654,0.42837,0.44017,0.30001,0.18681,0.14458,0.15236,0.11862,NaN,0.12317,0.21697,0.10857,0.19829,0.42857,0.43275,0.090703,0.17692,0.14489,0.06865,0.12121,0.16859
NaN,0,0.023981,0.094627,NaN,NaN,NaN,0.19537,0.24226,0.19591,0.17624,0.12661,0.10163,NaN,0.11696,0.10004,0.18527,0.2559,0.33095,0.51092,NaN,0.79337,0.92296,0.90032,0.91721,1,0.9812,0.90655,0.81575,0.67636,0.59052,0.5665,0.48987,0.5487,0.54291,0.52802,0.48928,0.35427,0.15391,0.17789,0.15275,0.075458,NaN,NaN,0.075775,0.038124,NaN,0.034142,0.03685,0.14061,0.091633,0.099857,0.093506,0.008772,0.011338,0.10513,0.10227,0.043478,0.060606,0.023095
0.25664,0.20231,0.09297,0.036139,0.34035,0.4875,0.35606,0.34355,NaN,0.19033,0.24103,0.28107,0.38563,0.34,0.39613,0.42713,0.51653,0.616,0.68388,0.72549,0.82915,0.86106,0.89552,0.94181,0.95246,1,0.95241,0.97375,NaN,0.70129,0.54278,0.30914,0.21506,0.18622,0.20108,0.14647,0.039361,0.11594,0.1459,NaN,0.11141,0.1221,0.25514,0.21798,NaN,0.16141,0.14107,0.14825,0.24836,0.23515,NaN,0.15264,0.48052,0.13158,0.20408,0.11795,0.17898,0.254,0.19835,0.062356
0.18068,0.15302,0.039751,0.05088,0.037282,0.063424,0.16829,0.29658,NaN,0.32046,NaN,0.32327,0.21319,0.006497,0.1275,0.15734,0.18941,0.29091,0.33873,0.41695,0.5468,0.73387,0.79464,0.88085,0.9418,1,0.93434,0.75329,0.7081,0.82508,0.7782,0.46765,0.13,0.14171,NaN,0.18034,0.25191,0.1383,0.061986,0.070915,0.056399,0.24664,0.32394,0.23989,0.20458,0.20159,0.17946,0.012279,0.077738,0.14061,0.18028,NaN,0.32208,0.10819,0.07483,0.14615,0.10511,0.075515,0.16529,0.25173
0.076696,NaN,0.19974,0.12886,0.33731,0.47863,0.37581,0.30695,0.06101,0.10739,NaN,0.51055,0.35713,0.18975,0.10753,0.099125,NaN,0.39138,0.29297,NaN,0.73314,0.7624,0.77398,0.82102,1,0.94283,0.74146,0.58913,0.53703,0.50858,0.55989,0.53213,0.58879,NaN,0.58638,0.60464,0.51104,0.25434,0.011174,NaN,0.3546,0.62161,0.56537,0.31822,0.24282,0.18417,0.15176,0.22612,0.15346,NaN,0.068725,0.024251,0.25455,0.18713,0.26531,0.16667,0.20739,0.16018,0.07989,0.30485
0.025811,0.004715,0.083771,0.0932,0.22597,0.19565,0.2289,NaN,0.28165,0.31017,0.31646,0.47597,0.44983,0.24141,0.17564,0.19265,0.20195,0.32935,0.60215,0.7073,0.82567,0.82292,0.82685,0.93935,0.94979,0.97808,0.99727,1,0.90219,0.61745,0.36785,0.28129,0.16413,0.15273,0.15813,0.10685,0.042532,0.058022,NaN,0.03366,0.024551,0.12357,0.24686,0.28717,0.31319,0.31061,0.31981,0.32854,NaN,NaN,0.27988,0.22397,0.13247,0,0.047619,0.14872,0.059659,0.1373,0.044077,NaN
0.15708,0.042863,0.037779,0.1864,0.26629,NaN,0.47159,0.20772,0.20036,0.3023,0.33064,0.42101,0.38506,NaN,0.37356,0.44138,0.45757,0.61081,0.71639,0.86109,0.93139,0.96054,0.90739,0.94294,1,0.93997,0.87551,0.74475,0.70252,0.57239,0.36785,0.23658,0.17694,0.080127,0.11251,0.12742,NaN,0.29749,0.37613,0.40185,0.33561,0.43932,0.38575,0.22919,0.21823,0.16443,0.17367,NaN,0.32761,0.37939,0.18426,0.12839,NaN,0.19591,0.1542,NaN,NaN,0.09611,0.1708,0.076213
0.7028,NaN,0.20171,0.13077,0.13949,0.29696,0.24648,0.91907,0.83948,0.70242,0.45357,0.21454,0.27235,0.29019,0.4206,0.52412,0.21625,0.15678,0.14875,0.82031,1,0.39434,0.042069,NaN,0.22326,0.316,0.25339,0.32596,0.36861,NaN,0.19989,0.32925,0.45196,0.62576,0.66298,0.73538,0.76591,0.77041,0.67647,0.56013,0.27817,NaN,0.26109,0.28743,NaN,0.4206,0.24067,0.40401,0.53357,0.60485,0.20518,0.092724,0.1974,0.85672,0.41723,0.53333,0.34943,0.45309,0.57576,0.080832
0.47861,0.24389,NaN,0.074655,0.099163,0.17979,0.19968,NaN,0.33733,0.24667,0.3658,0.57049,0.49849,0.17645,0.28177,0.39457,0.56865,0.6667,0.58826,NaN,0.28815,0.18342,0.16096,0.14824,0.22992,0.19991,0.26295,0.44988,0.6946,0.7309,0.81461,0.85116,0.65505,0.7133,0.73816,NaN,0.93604,1,0.88362,0.75643,0.74615,0.71331,0.59718,0.46882,0.21211,0.16676,0.23651,0.35879,0.29177,0.28485,0.13446,0.18973,0.48052,0.096491,0.068027,0.05641,NaN,NaN,0.29752,0.16859
0.074484,0.074153,0.14258,0.24679,0.46817,0.22091,0.19697,0.22867,NaN,0.1277,0.31348,NaN,0.52181,0.462,0.61531,0.64136,0.79525,0.91771,0.98233,0.96083,0.85729,0.82875,0.81732,0.79582,0.60062,0.43309,0.40698,0.41406,0.43172,0.34303,0.27793,0.29555,0.28562,0.22046,0.19515,0.22853,0.31161,0.42342,0.34619,0.28301,0.16063,0.21062,0.28437,NaN,0.081462,0.042101,0.042919,0.14076,0.051489,NaN,0.030876,0.22111,0.24416,0.21637,0.59864,0.7,0.26705,0.11671,0.40496,0.19861
NaN,0.079726,0.078515,0.0007135,0.07228,0.16098,NaN,0.22602,0.21442,NaN,0.10506,0.2859,0.19548,0.24306,0.2918,0.28659,0.036266,NaN,0.26257,0.34878,0.32525,0.22329,0.38625,0.55691,NaN,0.595,0.63746,NaN,1,0.83626,0.5479,NaN,0.4927,0.42989,0.1615,0.071674,NaN,0.15837,0.23087,0.22179,0.27898,0.34005,NaN,0.105,0.047626,0.12795,0.18435,0.092543,0.105,0.38545,0.13147,0.15692,0.2987,0.11988,0.14512,0.028205,0.090909,0.011441,0.11846,0.16397
0.37168,0.23232,0.27168,0.062054,0.27669,0.22037,0.26894,0.12304,0.20583,0.38968,0.3563,0.41764,0.35598,0.36382,0.56124,0.42886,0.235,0.08561,0.65033,0.936,0.7715,0.52479,0.66186,0.91538,0.75543,0.80394,0.8815,0.59767,NaN,0.0522,0.091117,0.024713,0.05387,0.40212,0.35215,0.097782,0.171,0.36883,0.41292,0.2646,NaN,0.26129,0.24298,0.18513,0.30509,0.32364,0.20373,0.07607,0.14387,0.21576,0.051793,0.10414,0.2987,0.10234,0.26077,0.23846,0.23295,0.10069,0.12948,NaN
0.041298,0.041577,0.039422,0.10366,0.047172,0.1892,0.18074,0.15061,0.0062195,0.11225,0,0.19314,0.18037,0.078581,0.13973,0.10839,0.056264,0.17371,0.035031,0.092894,0.26549,0.14201,0.01102,0.12161,0.015881,0.080626,NaN,0.47046,0.5136,NaN,0.61253,0.62739,0.66019,0.92051,1,0.95131,0.88651,0.69564,0.66688,0.67636,0.54916,0.50122,0.36415,0.21966,0.20202,0.13316,0.15918,0.25846,0.1792,NaN,0.251,0.049928,0.11169,0.19298,0.26757,0.25897,0.14489,0.066362,0.19835,0.13164
0.12832,0.12945,0.05979,NaN,0.003297,0.18463,0.38068,NaN,0.25381,0.34449,0.32865,0.50909,0.53577,NaN,0.26933,0.40922,0.68791,0.55668,0.1822,0.21137,0.73366,0.72017,0.29988,0.26483,0.59559,0.54808,0.47127,0.85755,0.83147,0.36977,0.19466,0.15064,NaN,0.14584,0.28812,0.12994,0.13711,0.17448,0.038267,0.0092595,0.148,0.18645,0.23665,0.24298,0.1433,0.090921,0.03314,0.12099,0.054518,0.17333,0.090637,NaN,0.23636,0.38597,NaN,0.34872,0.27273,0.20366,NaN,0.15935
0.55088,0.2829,0.15309,0.079886,0.13264,0.147,0.31818,0.53186,0.51666,0.62148,0.54771,0.54455,0.58615,0.39827,0.4511,0.52554,0.72086,NaN,0.16179,0.42594,0.38322,0.41642,0.54753,0.52863,0.29928,NaN,0.68432,1,0.7222,0.43795,0.50365,0.56785,0.25244,0.081505,0.17674,0.41341,0.46501,0.29469,0.25901,0.25196,NaN,0.29158,0.23885,0.10835,0.09838,0.072408,0.06465,0.025456,0.1161,0.055758,0.15538,0.032811,0.12727,0.27778,NaN,0.028205,0.19602,0.10297,0.29201,0.20323
0.21239,0.14874,0.15604,0.13077,0.025361,0.33647,NaN,0.2355,0.27691,0.32046,0.36991,0.37749,0.20066,0,0.064399,0.13047,0.17832,0.23584,0.24553,NaN,0.54522,0.69226,NaN,0.75638,0.92234,1,NaN,0.82472,NaN,0.69543,0.69875,0.51191,0.22125,0.080233,0.056561,0.028629,0.1335,0.14974,0.1031,0.079738,0.015286,0.16007,0.2007,0.19943,0.18752,NaN,0.22782,0.28571,0.24684,0.29212,0.041832,0.11127,0.10649,0.33918,NaN,NaN,0.088068,0.17391,0.096419,0.096998
0.20575,0.05015,NaN,NaN,0.10905,0.2408,0.34984,0.23418,0.43077,0.48048,0.55891,0.70457,0.72736,0.42539,0.3215,0.28435,0.30432,0.29673,0.42436,0.6082,0.68845,0.82763,0.83565,0.84756,NaN,0.99835,1,0.74722,0.4583,0.35272,0.36698,NaN,NaN,0.30556,0.054107,0.28276,0.40684,0.2898,0.2627,0.27418,0.020961,NaN,0.4473,0.59856,0.6207,0.35395,0.23886,0.15124,0.056537,0.071515,0.040836,0.068474,0.25714,0.20175,0.018141,0.12821,0.034091,0.006865,0.22039,0.08545
0.17257,0.048436,0.086071,0.1669,0.29191,0.38592,0.31358,0.25888,0.30268,0.34577,0.36382,0.39933,0.45444,0.41394,0.51901,0.60299,0.71361,0.74826,NaN,0.79645,0.89408,0.92301,0.93271,0.98494,0.97705,1,NaN,0.9049,0.72666,NaN,0.43455,0.37239,0.16822,0.078749,0.027104,0.13367,0.24087,NaN,0.13104,0.23039,0.16364,0.27314,0.32601,0.18861,0.095678,0.13234,0.27019,0.33783,0.23372,0.23394,0.13944,0.027104,0.16364,0.40936,0.013605,0.33077,0.12784,0.55149,0.20937,0.15704
0.17552,0.34376,0.16163,0.044222,NaN,1,1,0.77795,0.49667,0.29801,0.33518,0.43772,0.77703,0.68506,0.79366,0.71138,0.32774,NaN,0.22954,0.38988,0.50253,0.33432,0.091873,0.53417,0.62479,0.74799,0.66782,0.7957,0.80448,0.81996,0.79673,0.52179,0.098289,0.2708,0.49719,0.4745,0.10988,0.19923,0.2549,0.40479,0.29797,0.13419,0.22048,0.16671,0.12923,0.10971,0.10268,0.059299,0.057547,0.18303,0.084662,NaN,0.17662,0.20175,0.072562,0.28718,0.085228,0.08238,NaN,0.10855
NaN,0.26104,0.20861,0.20518,0.39259,0.58909,NaN,0.43616,0.20495,0.10568,0.31008,0.49956,0.37325,0.26328,0.3216,0.42469,0.54803,0.43429,0.40543,0.61826,0.36046,0.18096,0.31546,0.91446,0.93555,0.40742,0.24057,0.6514,0.79992,0.38212,0.51335,0.73669,0.55812,0.91966,0.78143,NaN,NaN,0.4178,0.27809,0.33181,0.28361,0.34701,0.06802,NaN,0.22079,0.22394,NaN,0.22402,0.22817,0.077576,0.15339,0.032811,0.38442,0.17836,0.46712,0.18462,0.4233,0.10526,0.54821,0.15473
0.089971,0.12473,0.03318,0.005706,0.044129,0.040581,0.066559,0.016538,0.061306,0.10882,0.11499,0.12427,0.13099,0.077344,0.057177,0.075717,0.099886,0.24758,0.33305,0.49369,0.55839,0.60955,0.56289,0.45077,0.53115,0.70999,NaN,1,0.82214,0.51433,0.31248,0.053134,0.11793,0.4194,NaN,0.73689,0.83228,0.73932,0.67721,NaN,0.23104,0.20122,0.35277,0.51739,0.58644,0.47586,0.49602,0.53609,0.46542,NaN,0.16833,0.10414,0.090909,0.043859,0.068027,0.13846,0.18182,0.073227,NaN,0.062356
NaN,0.13416,0.13141,NaN,0.013695,0.090299,0.34253,0.29438,0.091811,0.065065,0.082234,NaN,0.18627,0.16479,0.19691,0.31763,0.67475,0.56509,0.21102,0.11537,0.30049,0.54892,0.63887,NaN,0.80523,0.87895,0.86816,0.78252,0.87064,0.93352,0.91967,0.79802,0.66733,0.7841,0.89946,1,0.95911,0.7284,0.58444,0.42919,0.30793,0.27778,0.37903,0.29606,0.33992,0.26193,0.19848,0.089848,0.08632,0.46424,0.052789,0.11698,0.096104,0.41813,0.22676,0.041025,0.28977,0.10526,NaN,0.1709
0.52065,0.6721,0.36038,0.24417,0.15192,0.45633,0.29085,0.60397,0.19739,0.097526,0.3183,NaN,0.45933,0.13788,0.18638,0.32017,0.20029,0.18722,0.14296,NaN,0.50906,0.62151,0.83438,0.66766,0.57223,NaN,0.87488,0.83275,0.37794,0.47278,NaN,0.43103,0.11099,0.50217,0.69142,0.70857,0.57905,0.46657,0.54227,0.47015,0.5663,0.73492,0.67904,NaN,0.60677,0.60916,0.39714,0.26954,0.60575,0.76121,0.23307,0.42939,0.31688,NaN,0.62358,0.28974,0.25284,0.32952,0.42975,0.28406
0.084809,0.048864,0.13831,0.13457,0.091554,0.06638,0.094967,0.086218,NaN,0.18047,0.24628,0.3155,NaN,0.12076,0.071321,0.13953,0.28007,0.38868,NaN,0.56475,0.64829,0.72733,0.69651,NaN,0.77029,0.90495,0.99622,1,0.88647,0.6362,0.24251,0.15075,0.23438,0.49189,NaN,0.81946,0.78559,0.63565,0.4572,0.36656,0.36456,NaN,0.45571,0.4714,0.40461,0.23505,0.12568,0.090745,0.1474,0.14061,0.023904,0.10842,NaN,0.023392,0.06576,0.13846,0.022728,0.01373,0.088155,0.046189
0.15339,NaN,0.15407,0.099144,NaN,NaN,0.19481,0.009482,NaN,0.19648,0.12293,0.2078,0.52526,0.34289,0.16872,0.099125,0,0.35543,0.72659,0.99197,0.97913,0.88651,NaN,0.41461,0.32111,NaN,0.95913,0.72756,0.47808,0.10451,0.2752,0.41474,0.28279,0.32782,0.32576,0.2123,0.23092,0.24363,NaN,NaN,0.25455,NaN,0.27428,0.14159,0.14003,0.1743,0.26422,0.34861,0.39223,0.53212,0.060757,0.19544,NaN,NaN,0.11791,NaN,0.17614,0.20595,0.15978,0.036952
0.22124,0.10544,0.049934,0.10009,NaN,0.25665,0.26813,NaN,NaN,0.20306,0.26074,0.33705,0.36016,NaN,0.18608,0.13464,0.18765,NaN,NaN,0.28735,0.34507,NaN,0.49475,0.68374,0.78156,0.81683,0.91585,1,0.89752,0.62246,0.59782,0.44383,0.26462,0.22067,0.16805,0.084879,0.1616,0.14142,0.21938,0.24946,0.24991,0.38193,0.2179,0.086962,NaN,0.25137,NaN,0.33363,0.15649,0.17333,NaN,0.14265,0.14805,0.099415,0.14966,0.0076925,0.14489,0.073227,0,0.11316
0.086283,0.031719,0.056833,0.019734,0.093583,0.15211,0.15584,0.016759,0.12202,0.11569,0.1639,0.18156,0.27393,0.23564,0.258,0.18553,0.2119,0.28665,0.37692,0.41449,0.46174,0.5569,0.60093,0.66612,0.82398,0.87036,0.91554,0.89347,0.75132,0.65229,0.65188,0.51707,0.33456,NaN,0.1165,0.20595,0.22349,0.23812,0.26291,0.21166,0.15043,0.31465,0.33001,0.2185,0.20856,0.17636,0.16769,0.21444,0.16406,0.31273,NaN,0.051355,0.05974,0.032164,0.036281,0.11282,NaN,0.3135,0.07438,0.13395
0.15487,0.005572,0.019711,0.0092725,0.095866,0.21607,0.2316,0.1323,0.22938,0.19148,0.16348,0.10434,0.062473,0.14107,0.06791,NaN,0.2322,0.23938,0.27351,0.43044,0.57399,0.71833,0.86998,NaN,NaN,NaN,1,0.90438,0.85237,0.71162,NaN,0.6366,0.5367,0.60996,0.619,0.54224,0.48491,0.37247,0.1809,0.1671,0.17093,0.072771,0.098021,0.062613,NaN,0.040729,0.043644,0.11351,0.060071,0.088485,0.050797,NaN,0.32208,0.26316,0.086168,0.1359,0.076705,0.073227,0.055096,0.048499
NaN,0.061723,0.039751,0.0042795,0.036521,0.25692,0.26786,0.084896,0.12676,0.088803,0.063945,0.056565,0.12538,0.093844,0.16953,0.24649,0.29873,0.35761,0.39438,0.3811,0.41495,0.39423,NaN,0.38654,NaN,0.47329,0.74283,0.94885,1,0.90242,NaN,0.8051,0.71249,0.62957,0.55815,0.57228,0.54373,0.342,0.13683,0.081591,0.033121,0.22405,0.34695,0.37194,0.33281,0.22874,0.18381,0.35789,NaN,0.20242,0.10657,0.1184,0.028572,0.21637,0.13152,0.05641,0.073864,0.077803,0.19008,NaN
0.47124,0.27561,0.23719,0.25535,0.61248,0.3104,0.47727,0.20595,0.35318,0.47319,0.26074,0.1672,NaN,0.55801,0.23744,0.42428,0.58077,0.56073,0.80812,0.87532,NaN,NaN,0.82781,0.66182,0.77008,0.86232,0.82141,0.68053,0.32752,NaN,0.72545,0.87598,0.64895,NaN,0.27994,0.062903,0.06768,0.36997,0.59635,0.37081,0.41274,0.58022,0.59511,0.53646,0.7731,0.77468,0.57859,0.74394,0.65573,1,0.24203,0.28816,0.92468,0.66959,1,1,1,1,NaN,0.21247
NaN,0.071582,0.10907,0.002853,0.030434,0.15292,0.27679,0.14157,0.13135,0.019734,0.072593,0.12016,0.15575,0.063628,0.016752,NaN,0.25666,0.29704,0.28866,0.39351,0.58558,0.75994,0.91555,0.97121,0.91875,0.7296,NaN,0.8875,0.72697,0.66933,0.58278,0.50899,0.27554,0.009963,0.002148,0.10363,0.13591,0.10273,0.034261,0.036492,0.03011,0.16667,0.20652,NaN,0.052886,NaN,0.15701,0.15364,NaN,0.24,0.11753,0.11698,NaN,0.49415,NaN,0.1641,0.082386,NaN,0.15152,0.078522
0.073009,0.092585,0.083443,0.077508,0.29166,0.52674,0.39394,0.19272,0.18881,NaN,0.3115,0.40108,0.50209,0.42498,0.52433,0.67097,0.73081,0.82171,0.89827,0.95548,1,0.99816,0.88333,0.74316,0.62777,0.64137,0.70659,0.67281,0.54464,0.44487,0.37515,0.23916,NaN,NaN,0.23811,0.3247,0.26974,0.18291,0.19977,0.22059,0.23092,0.34371,0.3357,0.248,0.17856,0.13755,0.17222,0.36238,0.36749,0.21091,0.21215,0.37233,0.38182,NaN,0.20635,0.094872,NaN,0.32494,NaN,0.04388
0.29277,0.48393,0.16524,0.04137,0.14684,0.27466,0.47457,0.51863,NaN,0.27814,0.17822,0.35683,0.42565,0.27132,0.35109,0.50041,0.44451,0.15418,0.41868,0.36633,0.51518,0.46693,0.39939,0.60178,0.49703,0.40588,NaN,0.89574,0.88088,0.91488,0.81995,0.63233,0.17253,0.28129,0.38969,0.2745,0.29915,0.32931,0.22918,0.14325,0.63799,NaN,0.75339,NaN,0.69576,0.79224,0.78142,0.79066,0.9056,0.93576,0.79482,0.52496,0.35844,0.76608,0.27438,0.41538,0.26136,0.50801,0.26722,0.18245
0.16077,0.16631,NaN,0.11626,0.23485,0.37974,0.44399,NaN,0.24404,NaN,0.13469,0,0.22844,0.29308,0.49744,0.66609,0.75702,0.8426,0.97949,1,1,0.99918,0.90113,0.67247,NaN,0.418,NaN,0.60848,0.71297,0.60754,0.33482,NaN,0.40313,NaN,0.22481,0.087097,0,0.047936,NaN,0.11035,0.19514,0.22967,0.10785,0.19351,0.23813,0.14509,NaN,0.25427,NaN,0.24364,0.070717,0.13695,0.14805,0.046783,0.043084,0.14615,0.099432,NaN,0.21212,0
0.51401,0.38363,0.41426,0.34213,0.30865,0.28568,NaN,0.35921,0.25988,NaN,0.36892,0.54938,0.63222,0.57214,0.50115,0.17993,NaN,0.29112,0.2368,0.59182,0.89018,0.73847,0.49009,0.2635,0.15707,0.62628,0.74535,0.49794,0.46236,0.51838,0.42125,0.097955,0.038749,0.075782,0.0092055,0.092541,0.15635,0.12509,0.27725,0.22778,0.12681,0.34664,0.4142,0.18217,0.089423,0.10066,0.14578,0.18209,0.28521,0.34667,NaN,0.20827,0.39221,0.12866,NaN,NaN,0.23864,0.22426,0.25895,0.14319
0.05826,0.14016,NaN,NaN,0.31169,0.45499,0.50758,NaN,0.26581,0.23052,0.27492,NaN,0.57003,NaN,0.53546,0.50326,0.63123,0.72218,0.80686,NaN,NaN,1,0.86754,0.85975,0.90512,NaN,0.76363,0.65006,0.55509,0.36252,NaN,0.085374,0.064895,0.023211,0.040503,0.18911,0.19342,0.29729,NaN,0.30741,0.17962,0.20098,0.13061,0.19479,0.20287,NaN,0.21242,NaN,0.35487,0.34061,0.21514,0.20685,0.27792,0.67544,0.35828,0.13077,0.21307,0.11899,0.24793,0.14088
0.26032,0.17017,NaN,0.055872,0.19097,0.33324,0.30519,0.13407,0.011846,0.056199,0.087481,0.33836,0.18425,0.10302,0.11957,0.15337,0.11139,0.094546,0.14338,0.05137,0.1641,0,0.19466,0.23645,0,0.11036,0.44879,0.69154,0.67786,0.62107,0.71727,0.55819,0.64307,NaN,0.9507,0.96018,0.80483,0.66434,0.63884,0.71928,0.65721,NaN,0.49166,0.29348,0.21638,0.10985,0.1456,0.22522,0.28571,0.21212,NaN,0.1184,0.4026,0.4386,0.17007,0.16923,0.375,0.14645,0.21212,0.14319
0.13422,0.16631,0.12122,NaN,0.046665,0.14163,0.19318,0.11533,0.18984,0.22623,0.20488,NaN,0.42565,0.31185,0.27365,0.19275,0.08424,0.15678,0.30465,0.34996,0.39734,0.53154,0.62361,0.7155,0.78002,0.77795,0.87887,0.95698,0.89752,0.66241,0.61319,0.57021,0.48105,0.45193,0.22277,0.13357,0.15537,0.14131,0.31151,0.42527,0.30678,0.24652,0.15596,0.032853,0.042366,0.094761,0.14143,0.2327,NaN,0.069091,0.090637,0.17974,0.23896,0.093568,0.11791,0.17436,0.10795,0.09611,0.12672,0.11085
0.015487,0.030861,0.025296,0.078221,NaN,0.29428,0.32738,0.21411,0.17237,0.11083,0.091876,0.14786,0.20369,0.13087,0.18206,0.15978,0.11688,0.14265,0.10109,0.09878,0.18392,0.17953,NaN,0.57259,0.84682,1,0.8379,0.65253,0.54992,0.35283,0.29984,0.18535,NaN,0.21357,0.29907,0.22056,0.048546,0.037953,0.083807,NaN,NaN,0.29927,0.25643,0.12213,0.13236,0.13234,0.068997,0.13028,0.16961,NaN,0.078686,0.15835,NaN,0.073099,0.068027,0,0.042614,0.10526,NaN,NaN
0.74189,0.35319,0.18463,0.13528,0.14405,0.32948,0.25839,NaN,0.16644,0.17961,0.31476,NaN,0.37599,NaN,0.38038,0.30195,0.37374,0.17849,0.28656,0.28778,0.28162,0.27277,0.32288,0.2384,0.39611,0.40423,0.44553,NaN,0.75558,NaN,0.76643,0.70344,0.46477,NaN,0.64734,0.39657,0.091516,0.2976,0.28842,0.13475,0.54997,0.9685,NaN,0.70961,0.83281,1,1,1,0.81171,NaN,1,1,0.81039,0.87427,0.55782,0.21282,0.49432,0.48284,0.62259,0.23095
0.20944,NaN,0.32096,0.22896,0.1859,0.14163,0.026245,0.16714,0.24967,0.12655,0.033178,0.09789,NaN,0.29143,0.34998,NaN,0.37437,0.21548,NaN,0.25567,NaN,0.45793,NaN,0.43981,0.43279,0.41293,0.43492,0.69,0.75913,0.68307,0.75204,0.79106,0.78232,0.53153,0.38294,0.29859,0.10474,0.21056,NaN,0.16133,NaN,0.77985,0.54843,0.58838,0.81888,0.72586,NaN,0.38425,0.35235,0.40485,0.34064,0.64337,NaN,0.47368,0.18367,0.10769,0.56818,0.29062,0.31405,0.020785
NaN,0.18474,0.10907,0.094627,0,0.21177,0.47754,0.37177,0.22553,0.18518,0.34085,NaN,0.62775,0.56842,0.44538,NaN,0.18806,0.29361,0.25468,0.38303,0.4161,0.22094,0.62011,0.89407,0.88914,0.72783,0.66782,0.83429,1,0.8255,0.53896,0.46877,0.79702,0.71659,0.37762,0.14899,0.13634,0.18488,0.50675,0.50817,0.22976,0.4326,0.36014,NaN,0.050042,0.064866,0.058312,0.12219,0.082282,0.10667,0.12052,0.084166,0.07013,0.28947,0.35828,0.37692,0.19034,0.18764,0.31956,0.11547
0.081121,0.06258,0.066688,0.027817,0.074816,NaN,0.22727,0.1237,0.17429,0.17003,0.084929,0.038687,0.063912,0.10323,0.07724,0.059027,0.17604,0.26753,0.28393,0.41856,0.57409,0.70361,0.81191,0.83864,0.9042,0.97819,1,0.87155,0.75477,0.6395,0.57809,0.53067,0.45143,0.50684,0.50875,0.50313,0.46206,0.32463,0.15539,0.19314,0.1861,NaN,0.071124,0.063385,NaN,0.069254,0.04473,0.065588,0.051489,NaN,0.018925,0.047075,0.17922,0.05848,0.099773,0.11282,0.039772,0.086956,0.23416,0.12009
0.37979,0.37677,0.65112,NaN,0.80091,0.57646,0.15801,NaN,0.12957,0.089661,0.1873,NaN,0.3626,NaN,0.42482,0.40525,0.54979,0.6801,NaN,0.91802,0.91263,NaN,0.95041,0.9079,0.82961,0.67541,0.63589,0.43217,0.23498,0.14989,0.10507,0.066277,NaN,0.23105,0.4307,0.49829,0.44719,0.43548,0.37487,0.30316,0.35298,0.60244,NaN,0.17869,0.2559,0.17814,0.094712,0.24468,0.23675,0.13818,0.29781,0.33666,0.5039,0.72222,0.17234,0.37692,0.47727,0.32723,0.36639,0.11547
0.21829,0.20789,0.2224,0.18378,0.0030435,0.026337,0.25649,0.21191,0.28876,0.093522,0.20956,0.33983,0.37829,NaN,0.32059,0.33595,0.52285,NaN,0.90154,0.86098,0.75464,0.27993,0.37989,0.59461,0.30102,0.28208,0.59639,0.7992,0.62348,0.46724,0.58289,0.70276,0.38297,0.11108,0.23156,0.46331,0.55008,0.28772,0.18638,0.18856,0.15275,0.27741,0.13126,0.091858,0.087433,0.10683,0.13781,0.25307,NaN,0.082424,0.088645,0.1127,0.07013,0.35088,0.4127,0.24872,0.64205,0.40961,0.12397,0.073903
0.0073745,0.12988,0.051248,0.040419,NaN,0.30153,0.51786,0.35413,0.19147,0.18833,0.099957,0.29514,0.32532,0.30587,0.30174,0.22878,0.001865,NaN,0.26762,0.36526,0.32683,0.18147,0.42895,0.67718,NaN,NaN,0.69556,0.84726,1,0.75392,0.4751,0.37216,0.59005,0.51913,0.24169,NaN,0.065165,NaN,NaN,NaN,0.17846,0.35226,NaN,0.19634,0.10606,0.083105,0.12532,0.13357,0.17365,0.099394,0.10757,0.20114,0.18701,0.076024,0.2449,0.20769,0.27841,NaN,0.07438,0.018476
0.16445,0.13373,0.13371,0.081074,0.18286,0.17845,0.22944,0.23991,0.22494,0.27671,0.33503,NaN,0.31625,0.16964,0.14033,0.16009,0.14838,0.25735,0.4778,0.58968,0.74874,0.8083,0.76613,0.87583,0.87838,0.94162,1,0.97314,0.84233,0.58996,0.41635,0.31015,0.25118,0.19131,0.10054,0.019254,0.025039,0.0914,0.073898,0.10512,0,0.13932,0.26652,NaN,0.26699,0.28072,0.31076,0.32016,0.24079,0.20606,0.18526,0.12554,0.17143,0.21637,NaN,0.05641,0.071022,0.022884,0.093664,0.12471
0.25811,0.69696,0.53252,0.32406,0.26959,0.32357,0.5625,0.48798,0.43196,0.51795,0.39033,0.022128,0.35915,0.52841,NaN,0.72206,0.82903,0.67668,0.41616,0.34942,0.53678,0.749,0.82102,1,0.87316,0.6797,0.68579,0.48683,0.38535,0.4094,0.39128,0.041451,0.099338,0.020032,0.3451,0.68216,NaN,0.3342,0.025406,NaN,0.4176,0.46545,0.30777,0.26527,0.32528,0.23368,0.2874,0.53669,NaN,NaN,0.22211,0.14551,0.17143,0.57018,0.35828,0.15128,0.21307,0.20824,NaN,NaN
NaN,0.49593,0.27957,0.071327,NaN,0.31309,0.64502,NaN,0.63246,0.7529,0.50007,0.11064,NaN,0.15696,0.38881,0.35009,0.27893,0.2133,0.37513,0.82823,0.9765,0.45609,0.0049805,0.19506,0.11352,0.21291,NaN,0.24341,0.44856,0.62736,0.25787,0.32487,0.51381,0.67992,0.85947,0.85353,NaN,0.89768,0.89142,0.65022,0.28373,0.10379,0.1522,0.34708,0.74126,0.58036,0.42376,0.57742,0.55124,0.61455,0.22709,0.12981,0.15584,0.2193,0.36281,0.2718,NaN,0.31579,0.18457,0.18476
0.30457,0.23532,0.22766,0.13314,0.29115,0.38216,0.40855,0.074091,0.079224,0,0.13696,0.32781,0.40694,0.35825,0.4503,0.53226,0.64646,0.70005,0.74774,0.85788,0.83305,0.79286,0.82886,0.93003,0.85195,0.57727,0.38428,0.30722,0.30073,0.20678,0.31444,0.45619,0.47496,NaN,0.50844,0.45756,0.42456,0.41479,0.41176,0.47015,0.3868,0.39902,0.33157,0.32556,0.30381,0.24534,0.1829,0.15813,0.22867,0.14303,NaN,0.19116,0.45195,NaN,0.12245,NaN,0.24432,0.18535,NaN,0.099307
0.2441,0.2156,0.021025,0.043985,0.092569,0.17012,0.24486,0.23793,0.17074,0.19949,0.21551,0.31565,0.39773,NaN,0.39914,0.52544,0.53228,0.56603,0.58353,0.65208,0.69266,0.78428,0.92413,0.97756,0.97316,1,0.96869,0.99547,0.82092,0.57601,0.5297,NaN,0.32017,0.14351,0.073949,0.15454,0.27039,NaN,0.27915,0.30806,0.30318,0.3199,0.26574,0.26655,0.23102,0.16676,0.18345,0.22282,0.19485,0.060606,0.14542,0.045649,0.3039,0.28363,0.24036,0.25128,0.1392,0.048055,0.21488,0.057737
0.15192,0.02529,0.048949,0.102,0.11463,0.20075,NaN,0.39206,0.31882,0.24267,0.32043,0.4027,0.35123,NaN,0.063898,0.25483,0.40669,0.61465,0.76667,0.75235,0.79964,0.84593,0.94066,NaN,0.96465,0.78467,0.47148,0.37834,0.37662,0.5285,0.74409,0.91496,0.93962,0.90238,0.65971,0.46512,0.13066,0.14194,0.34113,0.55458,0.55785,0.44518,NaN,0.10513,0.056156,NaN,0.19051,0.30967,0.38566,0.26182,0.16633,0.11555,0.11948,0.01462,0.15646,0.13846,0.036932,0.15332,0.2011,0.073903
0.30605,0.38405,0.26873,NaN,0.024854,0.04703,0.14502,0.44146,0.56449,1,1,0.70296,0.40536,0.17304,0.27445,0.36383,0.2236,0.22151,0.29434,0.45109,0.63396,0.84194,0.97234,1,0.6583,0.48486,NaN,NaN,0.41548,0.38021,0.42627,0.085149,NaN,0.67207,0.60847,0.43276,NaN,0.33877,0.44286,0.46296,0.30156,0.51966,0.53731,0.23499,0.2114,0.018925,0.21079,0.61456,0.53963,0.24121,0.20717,NaN,0.4987,0.5848,NaN,0.11538,0.068182,0.36384,0.15978,0.034642
0.05531,0.024004,NaN,NaN,0.28658,NaN,0.36769,0.20551,0.13031,0.25483,0.22785,0.33866,0.55981,0.27998,0.28789,0.52554,0.38058,0.12426,0.26615,0.34792,0.31935,0.43135,0.62001,0.44688,0.59109,0.85571,0.82614,NaN,0.50091,0.42687,0.53384,0.55841,0.35357,0.35919,0.73427,NaN,NaN,0.029531,0.34925,0.65327,0.36479,0.27546,0.28385,0.39307,0.27538,0.2153,0.086744,0.16113,0.0737,NaN,0.18626,0.072753,0.23377,0.53801,0.1678,0.37949,0.44034,NaN,0.51791,0.22171
0.4528,0.45392,0.49639,0.27841,0.34745,0.29239,0.23025,0.18787,0.3009,0.49821,0.73401,NaN,0.71153,0.5282,0.65473,0.86943,0.97783,0.93091,NaN,0.71993,0.67411,0.37123,0.011445,0.026944,0.25379,0.21126,0.18416,0.16746,0.026786,0.20432,0.16316,0.16704,0.2054,0.18484,0.24997,0.12702,0.078941,0.17053,NaN,0.011983,0.11036,0.20989,0.20031,0.20948,0.10065,0.01769,0.14397,0.22821,0.059061,0.073939,0.25598,0.11555,NaN,0.28655,NaN,0.46923,0.64489,0.12357,0.30854,0.28868
0.35103,0.11702,0.18955,0.28816,0.43241,0.48535,0.59091,0.15722,NaN,0.27385,0.093293,0.33133,0.29149,NaN,0.33193,0.3217,0.25189,0.27013,0.25815,0.11483,0.29005,0.36959,0.31366,0.52976,0.51107,0.39145,NaN,NaN,0.3818,0.30287,0.39335,0.47574,0.53586,0.58453,0.62719,0.75433,0.71638,0.60237,0.52794,0.59967,0.71199,0.57888,0.48312,0.36125,0.28177,0.33434,0.32398,0.51093,0.38465,0.28848,0.26693,NaN,0.32208,0.44152,0.12925,NaN,0.54261,0.3135,0.91185,1
0.29425,0.18431,0.14192,0.18688,0.089272,0.29911,0.53274,0.32216,0.11002,0.26627,0.2864,0.4087,0.54038,0.49263,0.58592,0.65622,0.73236,0.79283,0.83758,0.77943,NaN,0.83478,0.77239,0.84418,0.73709,0.60712,NaN,0.33296,NaN,0.29115,0.17155,0.070546,0.28258,0.40572,0.41516,NaN,0.36661,0.34917,0.36559,0.36786,0.46555,0.51392,0.36907,0.36176,0.34049,0.050604,0.14578,0.16202,NaN,0.078788,0.22112,0.052781,0.34026,0.30117,0.10658,0.41282,0.39205,0.16934,NaN,0.44342
0.24852,0.04715,0.057818,0.097718,0.16992,0.29105,0.44643,0.32767,0.20598,0.40026,0.2891,0.29323,0.32906,0.13272,0.34708,0.32017,0.20205,0.18992,0.21029,0.37158,0.27888,NaN,0.56067,0.32333,0.23781,0.51526,0.80513,0.68516,0.6941,0.85725,0.59379,0.36621,0.65872,0.89931,0.77877,0.75323,0.59458,0.45024,0.092873,0.65033,0.80625,0.72296,0.44368,0.23229,0.33807,0.46956,NaN,0.20635,0.10904,0.56849,NaN,0.48217,0.3974,0.42105,0.23356,0.11282,NaN,0.02746,NaN,0.14088
0.062684,0.1153,0.05749,0.074418,0.088512,NaN,0.076028,0.13142,0.26966,0.36537,0.43769,0.44637,0.32359,0.10261,0.12509,0.43548,0.66791,0.69361,0.78603,0.93589,0.98493,0.81525,0.55378,0.63057,0.69703,0.6558,0.37819,0.15716,0.19481,0.35198,0.36065,0.184,0.18377,0.33164,NaN,0.50373,0.5667,0.30872,0.24794,NaN,0.19502,0.23565,0.10798,0.11698,0.19619,0.26714,0.2193,0.25247,0.29732,0.29939,0.11753,0.11412,0.25714,0.076024,0.18594,0.11026,NaN,0.038901,0.24793,0.12009
0.12906,0.013716,0.20598,0.093676,0.067462,0.15802,0.23485,0.30849,0.098475,0.033748,0.16589,0.47436,0.43371,0.26297,0.013542,NaN,0.18806,0.43512,0.34978,0.532,0.62943,0.71731,0.81371,NaN,NaN,0.84382,0.63893,0.49434,0.47413,0.41728,0.44022,NaN,NaN,0.54012,0.52501,NaN,NaN,0.21348,0.087919,0.4061,0.43393,0.61184,NaN,NaN,0.22548,0.15414,0.11789,0.2363,0.16406,0.084848,0.025896,0.12126,0.29351,0.29825,0.19955,0.34872,0.19602,0.043478,0.14876,0.2679
NaN,0.12945,0.17214,0.083927,0.13847,0.25181,0.26596,0.29526,0.37272,0.51938,0.55863,0.62471,NaN,0.41559,0.33123,0.3393,NaN,NaN,0.37534,0.66107,0.75232,0.65954,0.54466,NaN,0.63975,0.84734,0.98099,0.93619,0.84121,0.58176,0.53635,0.7286,NaN,0.32136,0.029969,0.31018,0.35414,0.36373,0.56346,0.45719,0.31164,0.52955,0.55632,0.62239,0.72277,0.26769,0.2787,0.61006,0.53205,0.30424,0.35558,0.24679,0.036363,0.26901,0.28798,0.092307,0.1108,0.061785,NaN,0.062356
0.12168,0.18774,0.15145,NaN,0.39259,0.21097,NaN,0.22404,0.45906,0.40112,0.42308,0.41017,0.4101,0.23863,0.16561,0.11663,0.25427,0.43055,0.64664,0.75203,0.6796,0.42675,0.19805,0.27118,0.48504,0.79866,1,0.92157,NaN,0.75732,0.57657,0.53763,0.66649,0.63678,0.49412,0.35262,0.37809,0.35666,0.31499,NaN,NaN,0.46129,0.44653,0.27003,0.14657,NaN,0.12695,0.15753,0.12166,0.14182,0.12151,NaN,NaN,0.25731,0.047619,0.053846,0.065341,0.10755,0.19835,0.036952
0.21534,0.2216,0.20959,0.11008,0.13797,0.12765,0.171,0.13429,NaN,0.3831,0.50872,NaN,0.69051,0.48458,0.55933,0.73041,0.8166,0.91408,0.99737,0.99047,NaN,0.64196,0.57402,0.47362,NaN,0.06851,NaN,0,0.087662,0.21551,0.24109,0.28376,0.25706,0.40127,0.35154,0.31169,0.46556,0.41499,0.15275,0.35501,0.67655,0.53626,0.24092,0.18294,0.083736,0.078991,0.12169,0.080563,0.12367,0.2303,0.062749,0.4465,0.47792,0.37135,0.61451,0.37949,0.1392,0.27002,0.33884,0.11316
0.57153,0.30047,0.11071,0.38088,0.32031,0.033324,0.19968,0.57839,0.82763,0.92893,0.66823,0.34393,0.21103,0.42013,0.44979,NaN,0.31261,0.37662,0.50821,0.89405,0.99357,0.35477,0.047579,0.000922,0.21291,NaN,0.18678,0.51081,0.68527,NaN,0.41896,0.37486,0.55434,0.82999,0.79165,0.71512,0.73311,0.80742,0.76218,0.64455,0.4857,0.57057,NaN,0.47952,0.66719,0.52647,0.13908,0.43935,0.39223,0.56849,0.19223,0.41369,1,0.83041,0.38322,0.62821,0.39205,0.16018,0.066115,0.2194
0.085545,0.026575,0.096255,0.060152,0.004565,0.17872,0.19968,0.129,0.096401,0.11268,NaN,0.089097,0.14999,0.13881,0.22931,0.28211,0.32919,0.34099,0.28687,0.26081,0.37648,0.4157,0.43446,0.5857,0.68729,0.82223,0.88182,0.62989,0.32102,0.29956,0.48371,0.47046,0.26851,0.44028,0.50649,0.50827,NaN,0.4699,0.44613,0.47309,0.44424,0.34396,0.29691,0.12226,0.013506,0.072271,0.069359,0.032046,0.054518,0.093334,0.10857,0.077033,0.05974,NaN,0.15646,0.089743,NaN,0.022884,0.1405,0.039261
0.18363,0.027861,0.10742,0.17475,0.24753,0.18302,0.37446,0.24719,0.055975,0.11898,0.11952,0.088511,0.076724,0.1748,0.26101,NaN,NaN,0.65829,0.7814,0.82673,0.8692,0.94091,1,0.99293,0.95646,0.85098,0.70743,0.56783,0.48904,0.4552,0.39204,0.22905,0.13557,0.23953,0.33702,0.37117,0.27968,0.20048,0.29486,0.3744,0.39155,NaN,0.4217,0.2529,0.12283,0.23149,0.36056,0.36448,0.31701,0.39152,0.25199,0.29387,0.66753,0.4883,0.070295,0.1641,0.33523,0.16934,0.21212,0.13857
0.36947,0.40206,0.19941,0.084879,0.23535,NaN,0.47186,0.43286,0.37554,NaN,0.33418,0.37251,0.61149,0.35052,0.20102,0.26481,0.3008,0.12062,0.2409,0.30522,0.49273,0.6986,0.69726,0.6736,0.49795,0.4832,0.59355,0.83409,0.90168,0.8516,0.99989,0.9845,0.69883,NaN,0.72486,NaN,0.13438,0.14932,0.10647,0.30969,0.76144,1,0.69197,NaN,0.91669,0.85217,0.54618,0.413,NaN,0.4303,NaN,0.60485,0.6987,0.4152,0.2585,0.32051,0.048295,0.24256,0.2011,0.16628
