0.1541967
41.7341346347725
33.4940130135453
0.124345811320755
41.3835169628716
0.25426037
0.308171603773585
68.9844227033171
0.225009613207547
63.5320849315012
85.9590071772573
85.8395590418242
78.9487707732359
62.9474139958269
85.5901723826254
87.8645483213801
113.581129810716
0.42079954
107.710401690933
120.388342133565
145.92194927691
106.992566774301
0.603480404761905
0.665915090909091
85.5372206671216
102.839986349651
84.8872028840898
96.8460623132913
102.681936377835
104.524211167806
0.495602444444445
91.470231792311
90.549909532435
78.2333919296473
103.568949012123
94.6616185418111
0.37745024
102.798742072051
0.329494041666667
0.347176755102041
0.304746755555556
0.3429364
48.8827323579448
72.7307461528592
82.9295718010916
77.0186026843741
0.226577734693878
0.29389887755102
92.8381498939959
0.280318719298246
50.821007072914
0.17936679245283
0.233176113636364
79.7194392666392
54.7669198733217
38.863817171847
0.20619326
0.189434086956522
78.4424361378722
0.16720594
