0.000480745727100861,-0.00168752077102439,-0.000522782367028388,-0.00169647326912959,-0.00215293709665062,-0.00207210577965168,-0.00242585561687508,-0.0020846064421106,-0.00253078483708924,0.00231377161593201
-0.00168752077102439,0.105826825317595,0.0686763816953479,0.0455683829441739,0.0494195953107939,0.0338536205187422,0.0235967920784224,0.00399145435520291,0.0316064267396685,-0.0208793816414661
-0.000522782367028388,0.0686763816953479,0.113297061542156,0.0930112701559525,0.0817855068373828,0.0535782057502023,0.0611791450179968,0.050747106988586,0.0764979455211782,0.0267368922913748
-0.00169647326912959,0.0455683829441739,0.0930112701559525,0.109769005807002,0.0725589334417322,0.061323509462974,0.0960256328068875,0.0638007732632773,0.103005926759759,0.0291525879999687
-0.00215293709665062,0.0494195953107939,0.0817855068373828,0.0725589334417322,0.122962631354439,0.0601008006320178,0.0951797060246308,0.0477987765050542,0.0535534786720154,0.023893343355051
-0.00207210577965168,0.0338536205187422,0.0535782057502023,0.061323509462974,0.0601008006320178,0.0574709616098605,0.0726408207538628,0.0462807238419916,0.0422596225016929,0.0233586715569734
-0.00242585561687508,0.0235967920784224,0.0611791450179968,0.0960256328068875,0.0951797060246308,0.0726408207538628,0.156570083772226,0.0786157749266223,0.0794051949436501,0.0368123353151629
-0.0020846064421106,0.00399145435520291,0.050747106988586,0.0638007732632773,0.0477987765050542,0.0462807238419916,0.0786157749266223,0.0637776181948884,0.0548962554169536,0.028386627644643
-0.00253078483708924,0.0316064267396685,0.0764979455211782,0.103005926759759,0.0535534786720154,0.0422596225016929,0.0794051949436501,0.0548962554169536,0.117023493549951,0.0108184554054147
0.00231377161593201,-0.0208793816414661,0.0267368922913748,0.0291525879999687,0.023893343355051,0.0233586715569734,0.0368123353151629,0.028386627644643,0.0108184554054147,0.0496752244906815
