NaN,NaN,NaN,NaN,NaN,NaN,0.575,0.692307692307692
NaN,NaN,NaN,NaN,0.214984812689841,NaN,NaN,0.192307692307692
NaN,NaN,NaN,0.0741992882562278,NaN,NaN,NaN,0.192307692307692
0.348484848484849,NaN,NaN,NaN,0.106648666891664,NaN,NaN,NaN
0.856060606060606,NaN,NaN,NaN,0.718866014174823,NaN,NaN,NaN
0.712121212121212,NaN,NaN,NaN,NaN,0.424702774108322,NaN,NaN
NaN,NaN,NaN,NaN,NaN,NaN,NaN,NaN
NaN,NaN,NaN,NaN,NaN,NaN,0.386,0.269230769230769
NaN,NaN,NaN,0.185231316725979,0.123523455956801,NaN,NaN,NaN
NaN,NaN,NaN,NaN,0.185285183935201,NaN,NaN,NaN
NaN,NaN,NaN,NaN,NaN,NaN,NaN,NaN
NaN,NaN,NaN,NaN,NaN,NaN,0.3,0.230769230769231
NaN,NaN,NaN,0.355338078291815,NaN,NaN,0.32,NaN
NaN,NaN,NaN,NaN,NaN,NaN,NaN,NaN
NaN,NaN,NaN,NaN,NaN,NaN,NaN,NaN
NaN,NaN,NaN,NaN,NaN,NaN,NaN,NaN
NaN,NaN,NaN,NaN,NaN,0.316380449141347,NaN,0.307692307692308
NaN,NaN,NaN,NaN,NaN,NaN,NaN,NaN
NaN,NaN,NaN,NaN,NaN,NaN,0.19,NaN
NaN,NaN,0.103139013452915,NaN,NaN,NaN,NaN,0.153846153846154
NaN,NaN,NaN,NaN,NaN,NaN,0.395,0.384615384615385
NaN,0.472222222222222,NaN,NaN,0.130273371582855,NaN,NaN,NaN
NaN,NaN,NaN,0.525444839857651,NaN,NaN,NaN,NaN
0.75,NaN,0.134529147982063,NaN,NaN,NaN,NaN,NaN
NaN,NaN,NaN,NaN,NaN,NaN,NaN,NaN
0.636363636363636,NaN,0.152466367713004,0.323665480427046,NaN,NaN,NaN,NaN
NaN,NaN,NaN,NaN,NaN,0.134081902245707,NaN,NaN
NaN,NaN,NaN,NaN,NaN,NaN,NaN,0.192307692307692
NaN,NaN,NaN,NaN,NaN,NaN,0.169,0.269230769230769
NaN,0.888888888888889,NaN,NaN,NaN,NaN,NaN,0.692307692307692
NaN,NaN,NaN,NaN,NaN,0.229194187582563,NaN,NaN
NaN,0.444444444444444,0.112107623318386,NaN,NaN,NaN,NaN,NaN
NaN,NaN,NaN,NaN,NaN,NaN,0.112,0.307692307692308
0.598484848484849,NaN,0.116591928251121,NaN,NaN,0.247688243064729,NaN,0.384615384615385
NaN,NaN,NaN,NaN,NaN,NaN,NaN,NaN
0.666666666666667,NaN,NaN,NaN,NaN,NaN,NaN,NaN
NaN,NaN,NaN,NaN,NaN,NaN,0.3125,NaN
NaN,0.592592592592593,NaN,0.293416370106762,NaN,NaN,NaN,NaN
NaN,0.509259259259259,NaN,NaN,0.188322645966925,NaN,0.17,NaN
NaN,NaN,NaN,NaN,NaN,NaN,0.34,NaN
NaN,NaN,NaN,0.48220640569395,NaN,NaN,NaN,NaN
0.765151515151515,NaN,0.161434977578475,NaN,NaN,0.462351387054161,NaN,NaN
0.651515151515151,NaN,NaN,0.423665480427046,NaN,NaN,0.318,NaN
0.840909090909091,NaN,NaN,NaN,NaN,NaN,NaN,0.269230769230769
NaN,NaN,NaN,NaN,NaN,NaN,0.1255,NaN
NaN,NaN,NaN,NaN,NaN,NaN,0.315,NaN
NaN,NaN,NaN,0.525444839857651,0.480593992575093,NaN,NaN,0.307692307692308
0.606060606060606,NaN,NaN,NaN,NaN,0.202113606340819,NaN,0.230769230769231
NaN,0.490740740740741,NaN,0.192526690391459,NaN,NaN,NaN,NaN
0.75,NaN,NaN,NaN,0.383732703341208,NaN,NaN,NaN
NaN,NaN,NaN,0.187722419928826,0.150523118461019,0.193527080581242,NaN,NaN
NaN,NaN,0.116591928251121,NaN,NaN,NaN,NaN,NaN
NaN,NaN,NaN,NaN,0.255484306446169,NaN,NaN,NaN
NaN,NaN,NaN,0.324377224199288,0.212622342220722,NaN,NaN,NaN
NaN,NaN,NaN,NaN,NaN,NaN,0.28,0.346153846153846
NaN,NaN,NaN,NaN,0.265946675666554,NaN,NaN,NaN
NaN,NaN,0.10762331838565,NaN,NaN,NaN,NaN,NaN
0.643939393939394,0.648148148148148,NaN,NaN,NaN,NaN,NaN,NaN
NaN,NaN,NaN,NaN,NaN,0.275429326287979,NaN,0.230769230769231
NaN,NaN,NaN,0.293238434163701,NaN,NaN,NaN,NaN
NaN,NaN,NaN,NaN,NaN,NaN,NaN,NaN
NaN,NaN,NaN,NaN,NaN,NaN,NaN,0.423076923076923
NaN,NaN,NaN,NaN,NaN,NaN,NaN,0.269230769230769
0.712121212121212,NaN,NaN,NaN,NaN,0.336856010568032,NaN,NaN
NaN,0.324074074074074,NaN,0.0845195729537367,NaN,NaN,NaN,NaN
NaN,NaN,0.161434977578475,NaN,0.462706716166048,0.427344782034346,NaN,NaN
NaN,NaN,NaN,0.227758007117438,NaN,NaN,NaN,NaN
NaN,NaN,NaN,NaN,NaN,NaN,NaN,NaN
NaN,NaN,NaN,NaN,NaN,NaN,0.162,NaN
NaN,0.648148148148148,NaN,NaN,NaN,0.256935270805812,NaN,NaN
NaN,0.490740740740741,0.10762331838565,0.18576512455516,0.144785690178873,NaN,0.165,NaN
NaN,NaN,NaN,0.389501779359431,NaN,NaN,0.325,NaN
NaN,0.731481481481481,NaN,NaN,NaN,NaN,NaN,NaN
NaN,0.638888888888889,0.116591928251121,NaN,NaN,NaN,NaN,0.230769230769231
NaN,0.916666666666667,NaN,NaN,0.535943300708741,NaN,0.35,0.307692307692308
NaN,NaN,0.121076233183857,NaN,NaN,NaN,0.15,NaN
NaN,0.509259259259259,NaN,NaN,0.156598042524468,NaN,NaN,NaN
NaN,NaN,NaN,NaN,NaN,NaN,NaN,NaN
NaN,NaN,NaN,NaN,0.33209584880189,NaN,0.2335,NaN
NaN,NaN,0.152466367713004,0.613701067615658,NaN,NaN,NaN,NaN
NaN,NaN,NaN,NaN,NaN,NaN,NaN,NaN
NaN,0.842592592592592,0.179372197309417,NaN,0.466419169760378,0.620211360634082,NaN,NaN
NaN,NaN,NaN,0.391459074733096,0.339183260209247,NaN,0.3015,NaN
NaN,NaN,NaN,0.295729537366548,NaN,NaN,NaN,NaN
NaN,0.537037037037037,NaN,0.255160142348755,NaN,0.204095112285337,NaN,NaN
0.712121212121212,NaN,NaN,0.47153024911032,0.438407019912251,NaN,NaN,NaN
NaN,NaN,NaN,NaN,0.338845764427945,NaN,NaN,0.192307692307692
NaN,0.768518518518518,NaN,NaN,0.414444819439757,NaN,0.652,NaN
NaN,NaN,NaN,NaN,0.214647316908539,0.141347424042272,0.122,NaN
NaN,0.722222222222222,NaN,NaN,NaN,0.345442536327609,NaN,NaN
NaN,NaN,NaN,NaN,NaN,NaN,NaN,NaN
NaN,0.62962962962963,NaN,NaN,NaN,NaN,NaN,NaN
NaN,0.62962962962963,0.130044843049327,NaN,NaN,NaN,NaN,0.230769230769231
NaN,NaN,0.152466367713004,NaN,0.227809652379345,NaN,NaN,NaN
NaN,0.5,0.121076233183857,0.209786476868327,NaN,0.180977542932629,NaN,NaN
NaN,NaN,NaN,NaN,NaN,NaN,NaN,0.230769230769231
NaN,NaN,NaN,0.217615658362989,0.174147823152211,NaN,NaN,0.307692307692308
0.46969696969697,NaN,NaN,0.147864768683274,NaN,NaN,NaN,NaN
NaN,NaN,NaN,NaN,NaN,NaN,NaN,0.269230769230769
0.606060606060606,NaN,NaN,NaN,0.195410057374283,NaN,NaN,NaN
NaN,NaN,NaN,NaN,NaN,NaN,0.065,NaN
0.666666666666667,0.592592592592593,0.174887892376682,NaN,NaN,NaN,NaN,NaN
NaN,NaN,NaN,NaN,0.701991225109686,0.501981505944518,NaN,NaN
NaN,NaN,NaN,NaN,NaN,NaN,0.336,NaN
NaN,NaN,NaN,NaN,0.30745865676679,NaN,0.44,NaN
0.651515151515151,NaN,NaN,NaN,NaN,NaN,NaN,NaN
0.613636363636364,NaN,0.147982062780269,NaN,NaN,NaN,NaN,NaN
NaN,NaN,NaN,0.210320284697509,0.198447519406007,0.169088507265522,NaN,0.115384615384615
NaN,NaN,NaN,NaN,0.208909888626392,NaN,NaN,NaN
NaN,0.694444444444444,NaN,NaN,NaN,NaN,0.271,0.192307692307692
NaN,0.62037037037037,NaN,NaN,0.285521430982113,0.271466314398943,0.29,NaN
0.712121212121212,NaN,NaN,NaN,NaN,NaN,NaN,NaN
0.159090909090909,0.148148148148148,0.0538116591928251,0.0281138790035587,NaN,NaN,NaN,NaN
NaN,NaN,NaN,NaN,NaN,0.35336856010568,NaN,NaN
NaN,NaN,NaN,NaN,NaN,NaN,NaN,NaN
NaN,NaN,NaN,0.383096085409253,NaN,NaN,NaN,0.461538461538462
0.712121212121212,0.703703703703704,0.134529147982063,0.391814946619217,0.326020924738441,NaN,NaN,NaN
NaN,0.648148148148148,NaN,NaN,0.283833952075599,NaN,NaN,NaN
NaN,NaN,NaN,NaN,NaN,NaN,NaN,NaN
0.522727272727273,NaN,NaN,NaN,NaN,NaN,0.185,NaN
0.492424242424242,NaN,NaN,NaN,NaN,0.150594451783355,0.135,NaN
NaN,NaN,NaN,0.32491103202847,NaN,NaN,NaN,NaN
0.704545454545455,NaN,NaN,NaN,NaN,0.336195508586526,0.3,NaN
NaN,0.509259259259259,NaN,NaN,NaN,NaN,NaN,NaN
NaN,NaN,0.116591928251121,NaN,0.224772190347621,0.260898282694848,NaN,NaN
NaN,NaN,NaN,0.331672597864769,NaN,NaN,NaN,0.192307692307692
NaN,NaN,0.147982062780269,0.151423487544484,NaN,NaN,NaN,NaN
NaN,NaN,NaN,NaN,NaN,NaN,0.607,0.423076923076923
NaN,NaN,NaN,NaN,0.286871414107324,NaN,NaN,NaN
0.742424242424243,NaN,0.125560538116592,NaN,NaN,NaN,0.375,0.576923076923077
NaN,NaN,NaN,NaN,NaN,0.236459709379128,NaN,NaN
0.757575757575758,NaN,NaN,0.460320284697509,NaN,NaN,0.38,NaN
NaN,NaN,0.0672645739910314,NaN,NaN,NaN,NaN,NaN
NaN,NaN,NaN,NaN,NaN,NaN,0.045,NaN
0.621212121212121,NaN,NaN,0.231850533807829,0.199460006749916,0.200132100396301,NaN,NaN
0.613636363636364,NaN,0.125560538116592,NaN,NaN,NaN,0.24,0.192307692307692
0.545454545454546,NaN,NaN,NaN,NaN,NaN,NaN,NaN
NaN,NaN,0.103139013452915,NaN,0.135673304083699,NaN,NaN,NaN
NaN,NaN,NaN,0.454270462633452,NaN,NaN,0.362,NaN
NaN,NaN,0.152466367713004,NaN,NaN,NaN,NaN,NaN
NaN,NaN,NaN,NaN,NaN,NaN,NaN,NaN
0.704545454545455,NaN,NaN,NaN,NaN,NaN,NaN,NaN
NaN,NaN,NaN,NaN,NaN,0.21664464993395,NaN,NaN
NaN,0.87037037037037,NaN,NaN,NaN,NaN,NaN,NaN
0.71969696969697,NaN,NaN,NaN,NaN,NaN,NaN,NaN
NaN,NaN,0.139013452914798,NaN,NaN,0.386393659180978,NaN,NaN
NaN,NaN,NaN,NaN,NaN,NaN,NaN,NaN
NaN,0.527777777777778,0.10762331838565,NaN,NaN,NaN,NaN,NaN
NaN,0.740740740740741,NaN,NaN,NaN,0.395640686922061,NaN,NaN
NaN,NaN,NaN,NaN,0.311846101923726,NaN,NaN,NaN
NaN,NaN,NaN,NaN,NaN,NaN,0.345,0.307692307692308
NaN,0.731481481481481,0.179372197309417,0.508896797153025,NaN,NaN,0.43,NaN
NaN,NaN,NaN,NaN,NaN,NaN,NaN,NaN
NaN,NaN,NaN,NaN,NaN,NaN,NaN,NaN
0.477272727272727,0.5,NaN,NaN,0.156598042524468,NaN,NaN,NaN
NaN,NaN,0.0986547085201794,NaN,NaN,0.0693527080581242,NaN,NaN
0.378787878787879,NaN,NaN,NaN,NaN,NaN,NaN,NaN
0.674242424242424,NaN,0.121076233183857,NaN,NaN,NaN,0.27,0.192307692307692
NaN,0.481481481481481,0.103139013452915,NaN,NaN,0.194848084544254,0.1545,0.461538461538462
0.621212121212121,NaN,NaN,NaN,0.226459669254134,0.269484808454425,NaN,0.615384615384615
NaN,NaN,NaN,0.294483985765125,NaN,NaN,NaN,NaN
0.651515151515151,NaN,0.121076233183857,NaN,NaN,NaN,NaN,0.307692307692308
0.772727272727273,NaN,0.125560538116592,NaN,NaN,NaN,0.48,NaN
NaN,NaN,NaN,NaN,NaN,NaN,0.295,NaN
NaN,NaN,0.143497757847534,NaN,NaN,NaN,NaN,NaN
0.333333333333333,NaN,NaN,0.0927046263345196,NaN,NaN,0.08,0.230769230769231
NaN,NaN,0.139013452914798,NaN,0.326695916301046,NaN,NaN,NaN
0.810606060606061,NaN,NaN,NaN,0.492068849139386,NaN,NaN,NaN
NaN,0.62962962962963,NaN,NaN,NaN,NaN,NaN,NaN
NaN,NaN,NaN,NaN,NaN,0.149933949801849,0.105,NaN
0.734848484848485,NaN,NaN,NaN,0.327370907863652,NaN,NaN,NaN
NaN,NaN,0.112107623318386,0.325800711743772,NaN,0.305151915455746,NaN,NaN
NaN,0.611111111111111,NaN,NaN,NaN,0.299207397622193,NaN,NaN
0.287878787878788,0.268518518518519,NaN,0.0645907473309609,NaN,NaN,NaN,NaN
NaN,NaN,NaN,NaN,0.349308133648329,NaN,NaN,NaN
NaN,NaN,0.152466367713004,NaN,NaN,NaN,0.39,0.384615384615385
NaN,NaN,NaN,NaN,NaN,NaN,NaN,0.346153846153846
NaN,NaN,NaN,0.270640569395018,NaN,NaN,0.215,NaN
0.734848484848485,NaN,NaN,NaN,NaN,NaN,NaN,0.423076923076923
0.643939393939394,NaN,NaN,NaN,NaN,NaN,NaN,NaN
NaN,NaN,NaN,NaN,NaN,NaN,NaN,NaN
NaN,NaN,NaN,NaN,NaN,NaN,NaN,NaN
0.742424242424243,NaN,NaN,NaN,NaN,0.492073976221929,NaN,0.346153846153846
NaN,0.712962962962963,NaN,NaN,NaN,NaN,NaN,NaN
NaN,0.361111111111111,0.0807174887892377,NaN,NaN,NaN,NaN,NaN
NaN,NaN,NaN,NaN,NaN,NaN,0.255,NaN
0.772727272727273,NaN,NaN,NaN,NaN,NaN,NaN,NaN
0.424242424242424,NaN,NaN,NaN,NaN,NaN,NaN,NaN
NaN,NaN,NaN,NaN,NaN,0.165785997357992,NaN,NaN
NaN,NaN,NaN,0.576868327402135,NaN,NaN,NaN,NaN
0.689393939393939,NaN,NaN,NaN,0.261221734728316,NaN,NaN,NaN
NaN,NaN,NaN,NaN,NaN,NaN,NaN,NaN
NaN,NaN,NaN,NaN,NaN,NaN,0.3055,NaN
NaN,0.472222222222222,NaN,NaN,NaN,NaN,NaN,NaN
NaN,0.731481481481481,NaN,0.453380782918149,NaN,NaN,NaN,0.307692307692308
NaN,NaN,NaN,0.246797153024911,NaN,NaN,NaN,NaN
NaN,NaN,NaN,NaN,NaN,0.342140026420079,0.385,NaN
NaN,NaN,0.0582959641255605,NaN,NaN,0.0217965653896962,0.025,0.115384615384615
NaN,0.361111111111111,NaN,NaN,NaN,NaN,NaN,NaN
NaN,NaN,NaN,NaN,NaN,NaN,NaN,NaN
NaN,NaN,NaN,NaN,0.275059061761728,NaN,NaN,NaN
NaN,NaN,NaN,0.250711743772242,NaN,NaN,NaN,NaN
NaN,NaN,NaN,0.238790035587189,NaN,NaN,NaN,NaN
NaN,NaN,NaN,NaN,0.173810327370908,NaN,NaN,NaN
NaN,NaN,NaN,NaN,NaN,NaN,NaN,NaN
NaN,NaN,NaN,NaN,NaN,NaN,NaN,NaN
NaN,0.722222222222222,NaN,0.385231316725979,NaN,NaN,0.37,NaN
0.681818181818182,0.703703703703704,NaN,NaN,NaN,0.289299867899604,NaN,NaN
NaN,NaN,NaN,NaN,NaN,NaN,NaN,NaN
NaN,NaN,NaN,NaN,NaN,NaN,NaN,NaN
NaN,NaN,NaN,NaN,0.185960175497806,NaN,NaN,0.115384615384615
NaN,NaN,NaN,NaN,0.0951738103273709,NaN,NaN,NaN
0.446969696969697,NaN,NaN,NaN,NaN,NaN,NaN,NaN
NaN,NaN,NaN,0.178113879003559,NaN,NaN,NaN,NaN
NaN,NaN,NaN,NaN,0.240634492068849,NaN,NaN,NaN
NaN,NaN,NaN,0.431138790035587,NaN,0.336856010568032,NaN,NaN
NaN,NaN,NaN,NaN,NaN,NaN,0.343,NaN
NaN,NaN,NaN,0.608540925266904,NaN,NaN,NaN,NaN
NaN,NaN,NaN,NaN,NaN,NaN,NaN,NaN
NaN,0.277777777777778,NaN,NaN,0.0533243334458319,NaN,NaN,NaN
NaN,0.787037037037037,NaN,NaN,NaN,NaN,0.415,0.5
NaN,0.805555555555556,NaN,NaN,NaN,NaN,NaN,NaN
NaN,NaN,0.116591928251121,NaN,0.30982112723591,NaN,NaN,NaN
NaN,NaN,NaN,NaN,0.163685453931826,0.128797886393659,NaN,0.153846153846154
NaN,NaN,0.143497757847534,NaN,NaN,0.340819022457067,NaN,NaN
NaN,NaN,NaN,0.219217081850534,NaN,NaN,0.156,0.153846153846154
NaN,NaN,NaN,NaN,NaN,NaN,NaN,NaN
NaN,NaN,NaN,NaN,NaN,0.398282694848085,NaN,NaN
NaN,NaN,NaN,NaN,0.323658454269322,NaN,0.41,NaN
NaN,NaN,NaN,NaN,NaN,0.184280052840158,NaN,NaN
NaN,NaN,0.125560538116592,NaN,NaN,NaN,NaN,0.653846153846154
NaN,NaN,NaN,NaN,NaN,NaN,NaN,NaN
NaN,NaN,NaN,NaN,NaN,NaN,0.266,NaN
NaN,NaN,NaN,NaN,NaN,NaN,NaN,NaN
NaN,NaN,0.134529147982063,NaN,NaN,NaN,NaN,NaN
0.189393939393939,NaN,NaN,NaN,NaN,NaN,NaN,0.0769230769230769
NaN,NaN,NaN,NaN,NaN,NaN,NaN,NaN
NaN,0.703703703703704,NaN,NaN,NaN,NaN,NaN,NaN
NaN,NaN,0.116591928251121,NaN,0.26054674316571,NaN,NaN,0.269230769230769
0.659090909090909,0.648148148148148,NaN,NaN,NaN,0.267503302509908,0.325,NaN
0.560606060606061,NaN,NaN,0.373487544483986,NaN,NaN,0.28,NaN
NaN,NaN,NaN,NaN,NaN,NaN,0.1895,NaN
NaN,NaN,0.134529147982063,NaN,0.388795140060749,0.305812417437252,0.269,0.269230769230769
0.590909090909091,NaN,NaN,NaN,NaN,0.247688243064729,0.2335,NaN
NaN,NaN,NaN,NaN,NaN,NaN,0.33,0.269230769230769
NaN,NaN,NaN,0.365480427046263,NaN,NaN,0.265,NaN
NaN,0.675925925925926,0.134529147982063,NaN,NaN,NaN,NaN,NaN
NaN,NaN,0.134529147982063,NaN,NaN,NaN,NaN,NaN
NaN,NaN,NaN,NaN,NaN,NaN,NaN,NaN
NaN,NaN,0.134529147982063,NaN,0.389132635842052,0.161822985468956,0.395,NaN
NaN,NaN,NaN,0.383451957295374,NaN,NaN,NaN,NaN
NaN,0.842592592592592,0.170403587443946,0.748576512455516,NaN,0.680977542932629,NaN,0.346153846153846
NaN,NaN,NaN,NaN,NaN,0.334874504623514,NaN,NaN
NaN,NaN,NaN,NaN,0.760377995275059,0.612285336856011,NaN,NaN
NaN,NaN,NaN,NaN,0.39014512318596,0.33553500660502,0.295,NaN
NaN,0.592592592592593,0.130044843049327,NaN,NaN,NaN,NaN,0.230769230769231
NaN,NaN,NaN,NaN,NaN,NaN,NaN,NaN
NaN,NaN,NaN,NaN,0.335133310833615,NaN,NaN,NaN
0.863636363636364,NaN,NaN,NaN,NaN,NaN,0.498,NaN
NaN,NaN,NaN,NaN,0.0458994262571718,NaN,NaN,0.230769230769231
NaN,0.666666666666667,0.103139013452915,0.354092526690391,0.281133985825177,NaN,0.293,NaN
NaN,NaN,NaN,NaN,NaN,NaN,0.14,NaN
NaN,NaN,0.112107623318386,0.330427046263345,NaN,0.245706737120211,0.31,NaN
NaN,NaN,0.152466367713004,NaN,NaN,NaN,NaN,NaN
NaN,0.537037037037037,NaN,NaN,0.161660479244009,NaN,NaN,NaN
NaN,NaN,NaN,NaN,NaN,NaN,NaN,NaN
NaN,0.740740740740741,NaN,NaN,NaN,NaN,NaN,NaN
NaN,NaN,NaN,NaN,NaN,NaN,NaN,NaN
NaN,NaN,NaN,NaN,NaN,NaN,NaN,0.192307692307692
NaN,NaN,NaN,NaN,0.25683428957138,NaN,NaN,0.538461538461539
NaN,NaN,0.125560538116592,NaN,NaN,NaN,NaN,NaN
NaN,NaN,NaN,NaN,NaN,NaN,NaN,0.269230769230769
NaN,NaN,NaN,NaN,0.308808639892001,NaN,NaN,NaN
NaN,NaN,NaN,NaN,NaN,NaN,NaN,NaN
NaN,NaN,0.143497757847534,NaN,0.353358083023962,NaN,0.3405,NaN
NaN,NaN,NaN,NaN,NaN,0.128797886393659,NaN,0.384615384615385
NaN,NaN,NaN,NaN,NaN,NaN,NaN,NaN
NaN,NaN,NaN,NaN,0.0465744178197772,NaN,NaN,NaN
NaN,NaN,NaN,NaN,NaN,NaN,NaN,0.269230769230769
NaN,NaN,NaN,0.323665480427046,0.245359433007087,NaN,NaN,NaN
NaN,0.805555555555556,0.147982062780269,NaN,0.405669929125886,0.481505944517834,NaN,NaN
NaN,0.805555555555556,0.134529147982063,NaN,NaN,0.391017173051519,NaN,NaN
NaN,NaN,NaN,NaN,0.317583530205872,NaN,NaN,NaN
NaN,NaN,0.112107623318386,NaN,NaN,NaN,NaN,0.538461538461539
NaN,NaN,NaN,NaN,NaN,NaN,NaN,NaN
NaN,NaN,NaN,NaN,NaN,NaN,NaN,0.461538461538462
0.886363636363636,NaN,NaN,NaN,NaN,NaN,NaN,NaN
NaN,NaN,0.152466367713004,NaN,NaN,NaN,NaN,NaN
0.727272727272727,NaN,NaN,NaN,NaN,NaN,0.405,0.538461538461539
NaN,NaN,NaN,NaN,NaN,NaN,0.228,NaN
NaN,NaN,0.0941704035874439,0.274377224199288,NaN,NaN,NaN,NaN
NaN,NaN,0.0896860986547085,NaN,NaN,NaN,NaN,0.307692307692308
NaN,0.731481481481481,NaN,NaN,0.291596355045562,NaN,NaN,NaN
NaN,0.703703703703704,NaN,NaN,NaN,NaN,NaN,0.269230769230769
0.803030303030303,0.759259259259259,NaN,0.483274021352313,NaN,NaN,NaN,0.307692307692308
NaN,NaN,NaN,NaN,NaN,NaN,0.255,0.346153846153846
NaN,NaN,NaN,NaN,NaN,NaN,NaN,NaN
NaN,NaN,NaN,NaN,0.138035774552818,NaN,0.257,NaN
NaN,0.611111111111111,NaN,NaN,0.260884238947013,NaN,NaN,NaN
NaN,0.546296296296296,0.152466367713004,0.291459074733096,NaN,0.223910171730515,NaN,0.5
0.742424242424243,NaN,0.134529147982063,NaN,NaN,NaN,0.331,NaN
NaN,NaN,NaN,NaN,NaN,NaN,NaN,NaN
0.590909090909091,NaN,0.143497757847534,NaN,NaN,NaN,NaN,NaN
NaN,NaN,0.0941704035874439,NaN,0.182247721903476,NaN,0.13,0.192307692307692
NaN,NaN,NaN,NaN,NaN,NaN,NaN,NaN
0.742424242424243,NaN,NaN,0.544661921708185,NaN,NaN,NaN,NaN
NaN,NaN,0.152466367713004,NaN,NaN,NaN,NaN,NaN
NaN,NaN,NaN,NaN,NaN,NaN,NaN,NaN
NaN,0.592592592592593,NaN,NaN,0.23084711441107,0.250330250990753,NaN,0.230769230769231
NaN,0.814814814814815,NaN,NaN,NaN,NaN,NaN,NaN
NaN,NaN,0.116591928251121,NaN,NaN,NaN,NaN,NaN
NaN,NaN,0.15695067264574,NaN,NaN,NaN,NaN,NaN
NaN,NaN,0.0582959641255605,0.0330960854092527,NaN,0.0310435931307794,NaN,NaN
NaN,0.685185185185185,NaN,NaN,NaN,NaN,NaN,NaN
NaN,NaN,0.152466367713004,0.451779359430605,NaN,NaN,NaN,NaN
NaN,NaN,NaN,NaN,NaN,NaN,NaN,NaN
NaN,NaN,NaN,NaN,NaN,NaN,NaN,0.269230769230769
0.666666666666667,NaN,NaN,NaN,NaN,NaN,NaN,NaN
0.386363636363636,NaN,NaN,NaN,0.0941613229834627,NaN,0.1,NaN
NaN,NaN,NaN,NaN,NaN,NaN,NaN,NaN
0.575757575757576,NaN,0.125560538116592,NaN,NaN,NaN,NaN,0.5
NaN,NaN,0.10762331838565,NaN,NaN,0.210700132100396,NaN,0.384615384615385
NaN,NaN,NaN,0.224377224199288,NaN,NaN,NaN,NaN
NaN,NaN,NaN,NaN,NaN,NaN,NaN,NaN
NaN,0.740740740740741,0.161434977578475,NaN,NaN,NaN,NaN,0.269230769230769
NaN,NaN,NaN,NaN,NaN,0.448480845442536,0.48,NaN
0.643939393939394,NaN,0.130044843049327,NaN,NaN,NaN,NaN,NaN
NaN,NaN,NaN,NaN,NaN,NaN,0.496,0.346153846153846
NaN,NaN,0.125560538116592,NaN,NaN,NaN,NaN,NaN
NaN,NaN,NaN,0.39661921708185,NaN,NaN,NaN,NaN
NaN,0.518518518518518,0.10762331838565,NaN,0.164360445494431,0.173712021136063,NaN,0.192307692307692
NaN,NaN,NaN,0.198220640569395,NaN,NaN,0.141,NaN
0.477272727272727,NaN,NaN,0.14626334519573,NaN,NaN,NaN,NaN
NaN,NaN,NaN,NaN,NaN,NaN,NaN,NaN
NaN,NaN,NaN,NaN,NaN,NaN,NaN,NaN
NaN,NaN,NaN,NaN,NaN,NaN,NaN,NaN
NaN,0.472222222222222,NaN,NaN,NaN,NaN,NaN,NaN
NaN,NaN,NaN,NaN,NaN,NaN,0.245,0.230769230769231
NaN,NaN,0.143497757847534,NaN,NaN,NaN,0.21,NaN
NaN,NaN,0.121076233183857,0.183985765124555,NaN,NaN,NaN,NaN
NaN,NaN,0.165919282511211,NaN,0.378332770840364,NaN,NaN,NaN
NaN,NaN,NaN,NaN,NaN,0.255614266842801,NaN,NaN
NaN,NaN,NaN,NaN,NaN,0.264200792602378,NaN,NaN
NaN,NaN,NaN,NaN,NaN,0.175693527080581,NaN,0.384615384615385
0.871212121212121,NaN,0.147982062780269,NaN,NaN,0.255614266842801,0.4885,NaN
NaN,0.648148148148148,0.116591928251121,NaN,0.301383732703341,NaN,NaN,0.192307692307692
NaN,NaN,0.134529147982063,0.368861209964413,NaN,0.315719947159841,NaN,NaN
NaN,NaN,NaN,0.212277580071174,NaN,0.194187582562748,NaN,0.384615384615385
NaN,NaN,NaN,NaN,0.352683091461357,NaN,NaN,NaN
NaN,NaN,NaN,0.737188612099644,NaN,NaN,NaN,NaN
NaN,NaN,NaN,NaN,NaN,NaN,NaN,NaN
NaN,NaN,0.165919282511211,NaN,NaN,NaN,NaN,0.384615384615385
0.568181818181818,NaN,NaN,NaN,0.157610529868377,0.219286657859974,NaN,0.615384615384615
NaN,NaN,NaN,NaN,NaN,0.233817701453104,0.295,NaN
0.727272727272727,NaN,NaN,NaN,NaN,NaN,NaN,NaN
NaN,0.518518518518518,NaN,NaN,NaN,NaN,NaN,NaN
NaN,NaN,NaN,0.316903914590747,NaN,0.299867899603699,0.2285,NaN
NaN,NaN,0.139013452914798,NaN,0.429969625379683,0.599075297225892,NaN,NaN
0.78030303030303,NaN,NaN,NaN,NaN,NaN,NaN,NaN
NaN,NaN,NaN,NaN,NaN,0.376486129458388,0.381,NaN
0.628787878787879,NaN,NaN,NaN,NaN,NaN,NaN,NaN
NaN,0.564814814814815,0.130044843049327,NaN,NaN,NaN,NaN,NaN
0.507575757575758,NaN,NaN,NaN,NaN,0.159841479524439,NaN,NaN
NaN,0.564814814814815,NaN,NaN,NaN,NaN,0.2135,0.307692307692308
0.446969696969697,NaN,NaN,0.160142348754448,NaN,NaN,NaN,NaN
NaN,NaN,NaN,NaN,NaN,NaN,NaN,NaN
NaN,NaN,NaN,0.13202846975089,0.0951738103273709,NaN,NaN,NaN
0.78030303030303,0.768518518518518,NaN,NaN,0.44076949038137,0.349405548216645,0.42,NaN
NaN,NaN,0.112107623318386,NaN,NaN,NaN,NaN,NaN
NaN,NaN,0.125560538116592,NaN,NaN,NaN,0.275,NaN
NaN,NaN,0.130044843049327,NaN,0.287208909888626,NaN,0.332,0.230769230769231
0.424242424242424,NaN,NaN,NaN,NaN,NaN,NaN,0.230769230769231
NaN,NaN,NaN,0.407829181494662,NaN,NaN,0.3,NaN
0.325757575757576,NaN,NaN,NaN,NaN,NaN,NaN,NaN
0.666666666666667,0.62962962962963,NaN,NaN,NaN,NaN,NaN,NaN
NaN,NaN,NaN,NaN,NaN,NaN,0.448,0.423076923076923
NaN,0.851851851851852,NaN,NaN,0.491731353358083,NaN,NaN,NaN
NaN,NaN,0.0896860986547085,NaN,NaN,0.138044914134742,NaN,0.307692307692308
NaN,NaN,NaN,NaN,NaN,NaN,NaN,NaN
NaN,NaN,NaN,NaN,NaN,NaN,NaN,NaN
NaN,NaN,NaN,NaN,NaN,NaN,NaN,0.307692307692308
0.46969696969697,NaN,NaN,NaN,NaN,NaN,NaN,0.269230769230769
NaN,NaN,NaN,NaN,NaN,NaN,NaN,NaN
0.560606060606061,NaN,NaN,NaN,NaN,NaN,NaN,0.346153846153846
0.704545454545455,NaN,NaN,NaN,NaN,NaN,NaN,NaN
NaN,NaN,0.130044843049327,NaN,NaN,NaN,NaN,0.192307692307692
0.666666666666667,NaN,NaN,NaN,NaN,NaN,NaN,NaN
NaN,NaN,NaN,NaN,NaN,NaN,NaN,NaN
NaN,NaN,NaN,NaN,0.296658791765103,0.418097754293263,NaN,NaN
NaN,NaN,NaN,NaN,NaN,NaN,NaN,NaN
NaN,NaN,NaN,0.241103202846975,NaN,NaN,NaN,0.192307692307692
NaN,NaN,NaN,NaN,0.106986162672967,0.144649933949802,NaN,NaN
NaN,NaN,NaN,NaN,NaN,NaN,NaN,NaN
NaN,NaN,0.161434977578475,NaN,NaN,0.505284015852048,NaN,0.307692307692308
NaN,NaN,NaN,NaN,NaN,0.379128137384412,NaN,NaN
NaN,NaN,NaN,NaN,NaN,0.426023778071334,NaN,0.346153846153846
NaN,NaN,0.134529147982063,NaN,NaN,NaN,NaN,NaN
NaN,NaN,NaN,NaN,NaN,0.0634081902245707,NaN,NaN
NaN,NaN,0.161434977578475,NaN,NaN,NaN,NaN,0.230769230769231
NaN,NaN,NaN,NaN,NaN,NaN,0.35,NaN
NaN,NaN,NaN,NaN,0.273709078636517,NaN,NaN,NaN
NaN,0.564814814814815,NaN,NaN,NaN,0.238441215323646,NaN,NaN
0.78030303030303,NaN,NaN,NaN,NaN,NaN,NaN,NaN
0.674242424242424,NaN,NaN,NaN,NaN,NaN,0.32,NaN
NaN,NaN,0.130044843049327,NaN,0.162672966587918,NaN,NaN,0.423076923076923
NaN,NaN,NaN,NaN,NaN,NaN,0.215,NaN
NaN,0.648148148148148,NaN,NaN,NaN,NaN,0.2935,NaN
NaN,NaN,0.143497757847534,NaN,NaN,NaN,0.3115,NaN
NaN,0.444444444444444,NaN,NaN,NaN,NaN,NaN,NaN
0.689393939393939,NaN,NaN,NaN,NaN,NaN,NaN,NaN
NaN,NaN,NaN,0.756049822064057,NaN,NaN,NaN,NaN
NaN,NaN,NaN,NaN,NaN,NaN,NaN,NaN
NaN,NaN,NaN,NaN,NaN,NaN,NaN,NaN
0.46969696969697,NaN,NaN,NaN,NaN,NaN,0.1175,NaN
NaN,0.805555555555556,NaN,NaN,NaN,NaN,NaN,0.5
NaN,NaN,0.134529147982063,0.373487544483986,NaN,0.279392338177015,NaN,0.192307692307692
0.893939393939394,NaN,NaN,NaN,NaN,NaN,NaN,0.230769230769231
NaN,NaN,NaN,0.301245551601424,NaN,NaN,NaN,NaN
NaN,0.731481481481481,NaN,NaN,NaN,NaN,NaN,0.269230769230769
NaN,NaN,NaN,NaN,0.479244009449882,NaN,NaN,NaN
NaN,NaN,NaN,NaN,NaN,NaN,0.173,NaN
NaN,NaN,NaN,NaN,NaN,NaN,0.441,NaN
NaN,NaN,NaN,NaN,NaN,NaN,NaN,NaN
0.689393939393939,NaN,0.152466367713004,NaN,NaN,NaN,NaN,NaN
NaN,NaN,NaN,NaN,NaN,0.297886393659181,NaN,0.192307692307692
0.651515151515151,NaN,NaN,NaN,NaN,NaN,NaN,NaN
NaN,NaN,NaN,NaN,NaN,NaN,NaN,NaN
NaN,NaN,0.112107623318386,NaN,NaN,NaN,NaN,NaN
NaN,NaN,NaN,0.511921708185053,0.416807289908876,NaN,0.385,NaN
NaN,NaN,NaN,NaN,NaN,NaN,NaN,NaN
NaN,NaN,NaN,NaN,NaN,NaN,NaN,NaN
NaN,NaN,NaN,NaN,NaN,NaN,NaN,0.5
NaN,NaN,NaN,NaN,NaN,0.483487450462351,NaN,NaN
0.484848484848485,NaN,NaN,0.155338078291815,NaN,NaN,NaN,0.307692307692308
0.537878787878788,NaN,NaN,NaN,NaN,NaN,NaN,0.230769230769231
0.734848484848485,NaN,NaN,NaN,NaN,NaN,NaN,NaN
NaN,NaN,NaN,NaN,NaN,NaN,NaN,NaN
NaN,NaN,NaN,0.36067615658363,NaN,NaN,NaN,NaN
NaN,NaN,NaN,NaN,NaN,NaN,NaN,NaN
0.712121212121212,NaN,NaN,NaN,NaN,0.322985468956407,NaN,0.269230769230769
NaN,NaN,NaN,NaN,NaN,NaN,NaN,NaN
NaN,0.555555555555555,NaN,0.249110320284698,NaN,NaN,0.209,NaN
NaN,0.268518518518519,NaN,NaN,NaN,NaN,NaN,NaN
NaN,NaN,0.0762331838565023,NaN,NaN,NaN,NaN,NaN
NaN,NaN,NaN,NaN,NaN,NaN,NaN,NaN
NaN,NaN,NaN,NaN,NaN,NaN,0.464,NaN
0.742424242424243,NaN,NaN,NaN,NaN,NaN,NaN,0.230769230769231
NaN,NaN,NaN,NaN,0.456969287883902,NaN,NaN,NaN
0.621212121212121,0.601851851851852,NaN,0.346797153024911,NaN,NaN,NaN,NaN
NaN,NaN,0.161434977578475,NaN,0.370907863651704,NaN,NaN,NaN
NaN,0.759259259259259,NaN,0.573665480427046,0.460681741478232,NaN,0.427,NaN
NaN,NaN,0.121076233183857,NaN,NaN,NaN,NaN,NaN
NaN,NaN,0.0582959641255605,NaN,NaN,NaN,NaN,NaN
NaN,NaN,0.112107623318386,NaN,NaN,0.298546895640687,0.2145,NaN
NaN,NaN,NaN,NaN,NaN,NaN,0.266,NaN
0.818181818181818,NaN,0.143497757847534,NaN,0.537968275396558,NaN,NaN,NaN
NaN,NaN,NaN,NaN,NaN,0.144649933949802,NaN,NaN
NaN,NaN,NaN,NaN,0.267971650354371,NaN,NaN,NaN
NaN,0.814814814814815,NaN,0.704982206405694,NaN,NaN,NaN,0.269230769230769
NaN,NaN,NaN,NaN,NaN,NaN,NaN,NaN
NaN,NaN,NaN,NaN,NaN,NaN,0.27,NaN
NaN,0.777777777777778,NaN,NaN,NaN,0.35336856010568,NaN,0.307692307692308
NaN,NaN,NaN,NaN,NaN,NaN,NaN,NaN
NaN,NaN,NaN,NaN,0.218359770502869,NaN,NaN,NaN
NaN,NaN,NaN,0.152846975088968,NaN,NaN,NaN,NaN
0.674242424242424,NaN,NaN,NaN,0.346270671616605,0.290620871862616,NaN,0.307692307692308
NaN,NaN,0.143497757847534,0.447508896797153,NaN,0.394980184940555,NaN,NaN
NaN,0.592592592592593,NaN,NaN,NaN,NaN,NaN,NaN
NaN,NaN,NaN,NaN,NaN,NaN,NaN,NaN
NaN,NaN,NaN,NaN,NaN,NaN,0.143,NaN
NaN,NaN,NaN,NaN,NaN,NaN,NaN,0.346153846153846
NaN,0.574074074074074,NaN,0.243416370106762,NaN,NaN,NaN,NaN
NaN,0.175925925925926,0.0493273542600897,NaN,0.0182247721903476,NaN,0.0275,0.0769230769230769
NaN,NaN,0.0672645739910314,NaN,NaN,NaN,0.054,NaN
0.696969696969697,NaN,NaN,NaN,NaN,NaN,NaN,0.269230769230769
NaN,NaN,NaN,0.499644128113879,0.450219372257847,NaN,NaN,NaN
NaN,NaN,NaN,NaN,NaN,NaN,0.2595,NaN
NaN,NaN,NaN,NaN,NaN,NaN,NaN,0.230769230769231
NaN,NaN,NaN,NaN,0.321633479581505,NaN,0.35,NaN
NaN,NaN,0.130044843049327,NaN,0.309483631454607,NaN,NaN,NaN
NaN,NaN,NaN,NaN,NaN,NaN,NaN,NaN
NaN,0.5,NaN,0.17491103202847,0.124873439082011,NaN,NaN,NaN
0.583333333333333,0.574074074074074,NaN,NaN,NaN,0.196829590488771,NaN,NaN
NaN,NaN,NaN,NaN,NaN,0.303170409511229,NaN,NaN
NaN,NaN,NaN,0.536476868327402,NaN,NaN,NaN,0.5
0.734848484848485,NaN,NaN,NaN,NaN,NaN,NaN,NaN
0.871212121212121,NaN,NaN,NaN,NaN,NaN,NaN,NaN
NaN,0.694444444444444,NaN,NaN,NaN,NaN,NaN,NaN
NaN,NaN,NaN,NaN,NaN,NaN,NaN,NaN
NaN,NaN,NaN,NaN,NaN,NaN,NaN,NaN
NaN,NaN,NaN,NaN,NaN,0.358652575957728,0.42,NaN
NaN,NaN,NaN,NaN,NaN,NaN,NaN,NaN
NaN,NaN,NaN,NaN,NaN,NaN,NaN,NaN
NaN,NaN,NaN,NaN,NaN,NaN,NaN,NaN
NaN,NaN,NaN,0.376512455516014,NaN,NaN,0.26,NaN
NaN,0.768518518518518,0.143497757847534,NaN,NaN,0.503963011889036,0.348,NaN
NaN,NaN,NaN,NaN,0.167735403307459,NaN,NaN,0.307692307692308
NaN,NaN,0.112107623318386,NaN,NaN,NaN,NaN,NaN
0.704545454545455,NaN,0.143497757847534,NaN,NaN,NaN,NaN,0.423076923076923
NaN,NaN,NaN,NaN,NaN,NaN,NaN,0.192307692307692
0.553030303030303,NaN,NaN,NaN,0.348633142085724,NaN,NaN,NaN
NaN,NaN,NaN,NaN,NaN,0.508586525759577,NaN,0.423076923076923
0.643939393939394,0.611111111111111,NaN,NaN,NaN,NaN,NaN,NaN
NaN,NaN,NaN,NaN,NaN,NaN,NaN,NaN
NaN,NaN,0.103139013452915,NaN,NaN,NaN,NaN,NaN
NaN,NaN,NaN,0.305160142348754,NaN,NaN,NaN,0.576923076923077
0.636363636363636,NaN,NaN,NaN,NaN,0.289299867899604,NaN,NaN
NaN,NaN,NaN,NaN,NaN,NaN,NaN,NaN
NaN,NaN,NaN,0.204448398576512,0.152210597367533,NaN,NaN,0.346153846153846
NaN,0.861111111111111,NaN,0.741814946619217,NaN,NaN,NaN,NaN
NaN,NaN,NaN,NaN,NaN,NaN,NaN,NaN
NaN,NaN,0.125560538116592,NaN,NaN,NaN,NaN,NaN
NaN,NaN,NaN,NaN,NaN,NaN,NaN,NaN
0.621212121212121,NaN,NaN,NaN,NaN,NaN,NaN,NaN
NaN,NaN,NaN,NaN,NaN,0.148612945838838,NaN,NaN
NaN,0.546296296296296,NaN,NaN,NaN,NaN,0.375,NaN
NaN,NaN,NaN,NaN,NaN,NaN,NaN,NaN
0.575757575757576,NaN,NaN,NaN,NaN,NaN,NaN,NaN
NaN,NaN,NaN,NaN,NaN,NaN,0.345,0.576923076923077
NaN,NaN,0.103139013452915,NaN,NaN,NaN,NaN,NaN
NaN,0.75,NaN,0.580427046263345,NaN,NaN,0.396,0.307692307692308
NaN,NaN,NaN,NaN,NaN,NaN,NaN,NaN
NaN,NaN,NaN,NaN,NaN,NaN,NaN,0.307692307692308
NaN,NaN,NaN,NaN,NaN,NaN,NaN,NaN
NaN,NaN,NaN,NaN,NaN,0.200132100396301,NaN,NaN
0.704545454545455,NaN,NaN,NaN,NaN,NaN,NaN,NaN
NaN,NaN,0.116591928251121,NaN,NaN,NaN,NaN,NaN
0.878787878787879,NaN,NaN,NaN,NaN,0.577278731836195,NaN,NaN
NaN,0.722222222222222,NaN,NaN,NaN,NaN,NaN,0.384615384615385
NaN,0.555555555555555,NaN,NaN,NaN,NaN,0.245,NaN
NaN,NaN,0.152466367713004,NaN,NaN,NaN,NaN,NaN
NaN,NaN,NaN,NaN,0.49510631117111,NaN,NaN,0.307692307692308
NaN,NaN,NaN,NaN,NaN,0.334214002642008,NaN,NaN
0.666666666666667,NaN,NaN,NaN,NaN,NaN,NaN,NaN
NaN,NaN,NaN,NaN,NaN,NaN,NaN,NaN
NaN,0.333333333333333,NaN,NaN,NaN,NaN,NaN,0.230769230769231
NaN,NaN,NaN,NaN,0.343908201147486,NaN,0.23,NaN
NaN,NaN,0.0807174887892377,NaN,0.126560917988525,NaN,NaN,NaN
NaN,NaN,NaN,NaN,NaN,NaN,NaN,NaN
0.704545454545455,NaN,NaN,NaN,NaN,NaN,NaN,NaN
NaN,NaN,NaN,NaN,0.423219709753628,0.249669749009247,NaN,NaN
NaN,NaN,NaN,0.39626334519573,NaN,NaN,NaN,NaN
NaN,NaN,NaN,NaN,NaN,NaN,NaN,NaN
0.704545454545455,0.694444444444444,NaN,NaN,NaN,NaN,0.2775,NaN
0.871212121212121,NaN,NaN,0.68576512455516,NaN,NaN,NaN,0.307692307692308
0.742424242424243,NaN,NaN,NaN,NaN,NaN,0.395,NaN
NaN,NaN,NaN,NaN,NaN,NaN,NaN,NaN
NaN,NaN,NaN,0.33576512455516,NaN,NaN,NaN,0.538461538461539
0.674242424242424,NaN,NaN,NaN,0.204184947688154,NaN,NaN,NaN
0.71969696969697,NaN,NaN,0.459786476868327,NaN,NaN,NaN,NaN
NaN,0.768518518518518,NaN,NaN,NaN,NaN,NaN,NaN
NaN,NaN,0.139013452914798,NaN,0.338508268646642,0.355350066050198,NaN,NaN
0.568181818181818,NaN,NaN,0.204982206405694,NaN,NaN,NaN,NaN
NaN,NaN,NaN,NaN,0.298683766452919,NaN,NaN,NaN
0.704545454545455,NaN,NaN,0.533451957295374,NaN,NaN,NaN,0.461538461538462
NaN,NaN,0.121076233183857,NaN,NaN,0.287978863936592,NaN,NaN
NaN,NaN,NaN,NaN,NaN,NaN,NaN,NaN
NaN,0.583333333333333,NaN,NaN,0.194397570030375,NaN,NaN,NaN
NaN,NaN,NaN,NaN,NaN,0.149273447820343,0.2315,NaN
NaN,NaN,0.116591928251121,0.308185053380783,NaN,NaN,NaN,NaN
NaN,NaN,NaN,NaN,NaN,NaN,0.45,NaN
NaN,NaN,0.147982062780269,NaN,NaN,NaN,0.4475,NaN
NaN,NaN,0.103139013452915,NaN,0.256496793790078,NaN,NaN,NaN
NaN,NaN,NaN,NaN,NaN,NaN,0.3425,0.307692307692308
NaN,NaN,NaN,NaN,NaN,NaN,NaN,NaN
NaN,0.851851851851852,NaN,NaN,NaN,NaN,0.495,NaN
NaN,NaN,NaN,NaN,NaN,NaN,NaN,0.230769230769231
0.628787878787879,NaN,NaN,0.255338078291815,NaN,0.206076618229855,NaN,NaN
0.787878787878788,0.842592592592592,NaN,NaN,NaN,NaN,NaN,0.346153846153846
0.636363636363636,NaN,NaN,NaN,NaN,0.254953764861295,NaN,NaN
0.93939393939394,NaN,NaN,NaN,NaN,NaN,0.573,NaN
0.765151515151515,NaN,NaN,0.484341637010676,NaN,NaN,NaN,NaN
NaN,NaN,NaN,NaN,NaN,NaN,0.1355,NaN
NaN,NaN,NaN,NaN,NaN,NaN,NaN,NaN
NaN,NaN,NaN,NaN,0.442119473506581,NaN,NaN,NaN
NaN,NaN,NaN,0.0297153024911032,NaN,NaN,NaN,0.0769230769230769
NaN,NaN,NaN,NaN,NaN,NaN,0.1725,NaN
NaN,0.75,NaN,NaN,NaN,NaN,0.3485,NaN
NaN,NaN,0.139013452914798,0.429893238434164,0.354708066149173,NaN,NaN,NaN
NaN,0.805555555555556,NaN,NaN,0.449544380695241,NaN,NaN,NaN
NaN,NaN,NaN,0.332740213523132,NaN,0.25891677675033,NaN,NaN
NaN,NaN,NaN,NaN,NaN,0.313738441215324,NaN,NaN
NaN,NaN,NaN,NaN,NaN,NaN,NaN,NaN
NaN,NaN,NaN,NaN,NaN,NaN,0.2655,0.269230769230769
NaN,NaN,NaN,0.235231316725979,0.199460006749916,0.182959048877147,0.2015,NaN
NaN,0.731481481481481,NaN,NaN,NaN,NaN,NaN,NaN
0.628787878787879,0.648148148148148,0.112107623318386,0.333807829181495,0.296996287546406,0.268824306472919,NaN,NaN
0.75,NaN,NaN,NaN,NaN,0.50330250990753,NaN,NaN
0.575757575757576,NaN,NaN,0.286832740213523,NaN,0.254953764861295,NaN,0.192307692307692
NaN,NaN,0.147982062780269,0.279003558718861,NaN,NaN,NaN,NaN
NaN,NaN,NaN,NaN,NaN,0.0746367239101717,NaN,NaN
NaN,NaN,NaN,NaN,NaN,0.293262879788639,NaN,NaN
NaN,NaN,NaN,NaN,0.115086061424232,NaN,NaN,0.230769230769231
0.477272727272727,NaN,NaN,NaN,NaN,NaN,NaN,NaN
NaN,NaN,NaN,NaN,NaN,NaN,NaN,NaN
NaN,NaN,0.130044843049327,NaN,0.26054674316571,0.297225891677675,NaN,NaN
NaN,NaN,NaN,NaN,0.48025649679379,NaN,NaN,NaN
NaN,NaN,NaN,NaN,0.362807964900439,0.388375165125495,0.34,0.346153846153846
NaN,0.75,0.125560538116592,NaN,0.272696591292609,NaN,0.405,NaN
NaN,NaN,NaN,NaN,0.189672629092136,NaN,NaN,NaN
NaN,NaN,NaN,NaN,NaN,0.382430647291942,NaN,NaN
NaN,NaN,0.103139013452915,NaN,NaN,NaN,NaN,0.230769230769231
0.613636363636364,0.657407407407407,NaN,0.310320284697509,NaN,NaN,NaN,NaN
NaN,NaN,NaN,NaN,NaN,NaN,NaN,NaN
NaN,NaN,0.121076233183857,0.312811387900356,NaN,NaN,NaN,0.615384615384615
NaN,NaN,NaN,NaN,NaN,NaN,NaN,0.269230769230769
0.484848484848485,NaN,NaN,0.21423487544484,NaN,0.186922060766182,0.185,NaN
NaN,NaN,NaN,NaN,NaN,NaN,NaN,NaN
NaN,NaN,NaN,NaN,0.227472156598043,NaN,NaN,NaN
NaN,NaN,NaN,NaN,NaN,NaN,NaN,NaN
NaN,NaN,NaN,NaN,NaN,NaN,NaN,NaN
NaN,NaN,NaN,NaN,NaN,NaN,NaN,0.269230769230769
NaN,NaN,NaN,0.401779359430605,NaN,NaN,NaN,NaN
NaN,NaN,NaN,NaN,NaN,NaN,NaN,0.230769230769231
NaN,NaN,NaN,0.308718861209964,0.252784340195748,NaN,NaN,NaN
NaN,NaN,NaN,NaN,NaN,0.385733157199472,NaN,NaN
NaN,NaN,NaN,0.433985765124555,NaN,NaN,NaN,NaN
0.742424242424243,0.694444444444444,NaN,NaN,NaN,NaN,NaN,NaN
NaN,NaN,0.170403587443946,NaN,0.415119811002363,NaN,NaN,0.307692307692308
0.659090909090909,NaN,NaN,NaN,0.359433007087411,NaN,NaN,NaN
NaN,0.675925925925926,NaN,0.359786476868327,NaN,0.325627476882431,NaN,NaN
NaN,NaN,NaN,0.354270462633452,NaN,NaN,NaN,NaN
NaN,NaN,NaN,NaN,NaN,NaN,NaN,NaN
NaN,NaN,NaN,0.370818505338078,0.254809314883564,NaN,0.37,NaN
NaN,NaN,NaN,NaN,NaN,NaN,NaN,NaN
NaN,NaN,0.0582959641255605,NaN,NaN,NaN,NaN,0.192307692307692
NaN,NaN,NaN,NaN,NaN,NaN,NaN,NaN
NaN,0.824074074074074,NaN,NaN,NaN,NaN,NaN,NaN
NaN,0.722222222222222,NaN,0.393772241992883,NaN,NaN,NaN,NaN
NaN,0.842592592592592,NaN,NaN,NaN,NaN,NaN,NaN
NaN,NaN,0.130044843049327,NaN,NaN,0.218626155878468,NaN,NaN
NaN,0.814814814814815,NaN,0.54644128113879,NaN,NaN,NaN,0.384615384615385
0.681818181818182,NaN,0.121076233183857,0.398220640569395,NaN,NaN,0.345,NaN
0.651515151515151,0.657407407407407,NaN,NaN,NaN,NaN,NaN,0.269230769230769
NaN,NaN,0.15695067264574,NaN,NaN,NaN,NaN,NaN
NaN,NaN,0.121076233183857,NaN,0.295308808639892,NaN,0.27,0.192307692307692
NaN,0.648148148148148,0.139013452914798,NaN,NaN,NaN,0.291,NaN
NaN,NaN,NaN,NaN,NaN,0.163804491413474,NaN,NaN
NaN,NaN,0.139013452914798,NaN,NaN,0.461690885072655,NaN,NaN
0.712121212121212,NaN,NaN,NaN,NaN,NaN,NaN,NaN
NaN,NaN,0.139013452914798,0.399110320284698,NaN,NaN,0.339,NaN
NaN,NaN,NaN,NaN,NaN,NaN,NaN,NaN
NaN,NaN,0.121076233183857,0.472419928825623,NaN,NaN,NaN,NaN
NaN,NaN,0.125560538116592,0.540391459074733,NaN,NaN,NaN,NaN
NaN,0.555555555555555,NaN,NaN,NaN,NaN,NaN,NaN
NaN,NaN,NaN,NaN,NaN,NaN,NaN,0.423076923076923
NaN,0.537037037037037,NaN,NaN,0.179210259871752,NaN,NaN,NaN
NaN,NaN,NaN,NaN,0.209584880188998,0.203434610303831,NaN,NaN
NaN,0.296296296296296,NaN,0.206939501779359,NaN,NaN,NaN,NaN
NaN,NaN,0.139013452914798,0.385231316725979,NaN,NaN,NaN,NaN
NaN,NaN,NaN,NaN,NaN,NaN,NaN,NaN
NaN,NaN,NaN,NaN,NaN,NaN,NaN,NaN
NaN,NaN,NaN,NaN,NaN,NaN,NaN,NaN
NaN,NaN,NaN,NaN,NaN,NaN,NaN,NaN
NaN,NaN,NaN,NaN,NaN,NaN,NaN,0.192307692307692
NaN,NaN,NaN,NaN,NaN,NaN,NaN,NaN
NaN,NaN,NaN,NaN,NaN,NaN,NaN,NaN
0.560606060606061,NaN,NaN,NaN,NaN,NaN,NaN,NaN
NaN,NaN,NaN,0.323665480427046,NaN,NaN,NaN,NaN
NaN,NaN,NaN,0.268861209964413,0.249746878164023,NaN,0.1745,0.192307692307692
NaN,NaN,0.134529147982063,NaN,0.471481606479919,NaN,0.385,NaN
NaN,NaN,NaN,NaN,NaN,NaN,NaN,NaN
0.734848484848485,NaN,NaN,NaN,NaN,0.397622192866579,NaN,NaN
0.272727272727273,NaN,NaN,0.054982206405694,0.04691191360108,NaN,NaN,NaN
NaN,NaN,NaN,NaN,NaN,NaN,0.34,NaN
NaN,NaN,NaN,NaN,NaN,0.143989431968296,NaN,0.384615384615385
NaN,0.657407407407407,NaN,0.180427046263345,0.154235572055349,NaN,NaN,NaN
NaN,NaN,NaN,NaN,0.239284508943638,NaN,NaN,NaN
0.666666666666667,NaN,NaN,0.480604982206406,NaN,NaN,0.515,NaN
0.71969696969697,NaN,NaN,NaN,NaN,NaN,0.335,NaN
NaN,NaN,NaN,NaN,NaN,NaN,NaN,NaN
NaN,NaN,NaN,NaN,NaN,NaN,NaN,NaN
NaN,NaN,NaN,NaN,NaN,NaN,NaN,NaN
NaN,NaN,NaN,NaN,0.42220722240972,NaN,NaN,0.269230769230769
NaN,NaN,0.15695067264574,NaN,NaN,NaN,NaN,0.307692307692308
0.46969696969697,NaN,0.10762331838565,NaN,0.170435369557881,0.186922060766182,0.17,NaN
NaN,NaN,NaN,NaN,NaN,NaN,NaN,0.230769230769231
NaN,0.546296296296296,NaN,0.494839857651246,NaN,NaN,NaN,0.269230769230769
NaN,NaN,NaN,0.463701067615658,NaN,0.303830911492735,0.415,0.576923076923077
NaN,0.490740740740741,NaN,0.172775800711744,0.125210934863314,NaN,NaN,NaN
NaN,NaN,NaN,NaN,NaN,0.0554821664464993,NaN,NaN
NaN,NaN,NaN,0.202313167259786,NaN,NaN,0.18,NaN
NaN,NaN,0.130044843049327,NaN,NaN,0.433949801849406,0.35,NaN
NaN,NaN,NaN,NaN,NaN,0.252972258916777,0.335,0.230769230769231
NaN,NaN,NaN,NaN,NaN,NaN,NaN,0.307692307692308
NaN,NaN,NaN,NaN,0.253796827539656,NaN,NaN,NaN
0.643939393939394,0.62962962962963,NaN,NaN,NaN,NaN,NaN,NaN
NaN,NaN,0.112107623318386,NaN,NaN,NaN,NaN,NaN
NaN,NaN,NaN,NaN,0.590955113061087,NaN,0.495,0.384615384615385
0.666666666666667,0.675925925925926,NaN,0.384697508896797,NaN,NaN,NaN,NaN
NaN,NaN,0.116591928251121,0.238078291814947,NaN,NaN,NaN,NaN
NaN,0.462962962962963,NaN,NaN,NaN,NaN,NaN,NaN
0.636363636363636,NaN,0.10762331838565,NaN,NaN,NaN,NaN,NaN
0.810606060606061,0.731481481481481,NaN,NaN,NaN,NaN,0.475,NaN
NaN,NaN,0.143497757847534,NaN,NaN,0.354029062087186,NaN,NaN
NaN,NaN,NaN,NaN,NaN,NaN,NaN,0.384615384615385
NaN,0.814814814814815,NaN,NaN,NaN,0.398282694848085,NaN,NaN
NaN,NaN,NaN,0.290747330960854,0.181572730340871,NaN,NaN,NaN
NaN,NaN,NaN,NaN,NaN,NaN,NaN,NaN
NaN,NaN,NaN,NaN,NaN,NaN,NaN,NaN
NaN,NaN,NaN,NaN,NaN,NaN,NaN,0.192307692307692
NaN,0.546296296296296,NaN,NaN,NaN,NaN,NaN,NaN
NaN,NaN,NaN,NaN,NaN,NaN,NaN,NaN
NaN,NaN,0.121076233183857,NaN,NaN,0.375825627476882,NaN,NaN
NaN,NaN,NaN,NaN,0.259534255821802,NaN,0.415,0.461538461538462
0.651515151515151,NaN,0.125560538116592,0.397686832740214,NaN,NaN,NaN,NaN
NaN,0.685185185185185,NaN,NaN,NaN,0.356010568031704,NaN,NaN
0.742424242424243,NaN,NaN,NaN,0.445831927100911,NaN,NaN,0.269230769230769
NaN,NaN,NaN,NaN,0.36044549443132,NaN,NaN,NaN
NaN,NaN,NaN,NaN,NaN,NaN,NaN,NaN
NaN,0.351851851851852,NaN,NaN,NaN,NaN,NaN,0.230769230769231
NaN,NaN,NaN,NaN,NaN,NaN,0.455,NaN
0.606060606060606,0.592592592592593,NaN,NaN,NaN,NaN,NaN,NaN
0.681818181818182,NaN,NaN,NaN,NaN,NaN,NaN,NaN
0.840909090909091,NaN,NaN,NaN,NaN,NaN,NaN,0.307692307692308
NaN,NaN,NaN,NaN,NaN,NaN,NaN,NaN
NaN,NaN,NaN,NaN,0.0681741478231522,NaN,NaN,NaN
NaN,NaN,0.143497757847534,0.393772241992883,NaN,0.260237780713342,0.37,0.653846153846154
NaN,NaN,NaN,NaN,NaN,NaN,NaN,0.230769230769231
NaN,NaN,0.103139013452915,NaN,0.245021937225785,0.220607661822985,NaN,NaN
NaN,NaN,NaN,NaN,0.517043536955788,NaN,NaN,0.192307692307692
NaN,NaN,NaN,NaN,NaN,NaN,NaN,NaN
NaN,NaN,NaN,NaN,NaN,NaN,NaN,NaN
NaN,NaN,0.143497757847534,NaN,NaN,0.347424042272127,0.4345,NaN
NaN,NaN,NaN,NaN,NaN,NaN,NaN,NaN
NaN,NaN,NaN,NaN,NaN,NaN,NaN,NaN
NaN,NaN,NaN,NaN,NaN,NaN,NaN,NaN
NaN,NaN,NaN,NaN,NaN,NaN,NaN,NaN
NaN,NaN,NaN,NaN,NaN,NaN,NaN,0.115384615384615
NaN,0.444444444444444,NaN,NaN,NaN,NaN,0.13,NaN
NaN,NaN,NaN,NaN,NaN,NaN,NaN,NaN
NaN,NaN,NaN,NaN,NaN,NaN,NaN,NaN
NaN,NaN,0.139013452914798,NaN,0.24198447519406,NaN,NaN,NaN
NaN,NaN,NaN,NaN,NaN,0.399603698811096,NaN,NaN
NaN,NaN,NaN,NaN,NaN,NaN,0.28,NaN
NaN,NaN,0.0986547085201794,0.14982206405694,NaN,NaN,0.14,0.307692307692308
0.75,NaN,NaN,NaN,NaN,NaN,NaN,NaN
NaN,NaN,NaN,NaN,NaN,NaN,NaN,NaN
0.431818181818182,NaN,0.139013452914798,NaN,NaN,NaN,NaN,NaN
NaN,0.712962962962963,NaN,NaN,NaN,0.494055482166447,0.2825,NaN
NaN,NaN,NaN,NaN,NaN,NaN,NaN,NaN
NaN,0.425925925925926,NaN,NaN,NaN,0.1221928665786,NaN,NaN
NaN,NaN,NaN,NaN,0.166385420182248,0.162483487450462,0.18,NaN
NaN,0.777777777777778,NaN,0.547330960854093,NaN,NaN,0.3645,0.230769230769231
NaN,NaN,0.0852017937219731,NaN,NaN,NaN,0.13,NaN
NaN,NaN,NaN,NaN,NaN,NaN,NaN,NaN
NaN,0.675925925925926,NaN,NaN,NaN,NaN,NaN,NaN
NaN,NaN,NaN,NaN,NaN,NaN,0.358,NaN
NaN,NaN,NaN,0.326334519572954,NaN,NaN,NaN,NaN
NaN,NaN,NaN,NaN,NaN,NaN,NaN,0.230769230769231
NaN,NaN,0.103139013452915,NaN,NaN,NaN,NaN,NaN
NaN,NaN,0.143497757847534,NaN,0.353695578805265,NaN,NaN,0.269230769230769
NaN,0.166666666666667,NaN,NaN,NaN,0.0330250990752972,NaN,NaN
NaN,NaN,NaN,NaN,NaN,NaN,NaN,NaN
NaN,NaN,0.139013452914798,0.568505338078292,NaN,NaN,NaN,NaN
NaN,NaN,NaN,NaN,NaN,NaN,NaN,0.192307692307692
NaN,0.648148148148148,NaN,0.351957295373665,NaN,NaN,NaN,0.230769230769231
NaN,NaN,NaN,0.358718861209964,NaN,NaN,NaN,NaN
NaN,NaN,NaN,NaN,NaN,0.253632760898283,NaN,0.192307692307692
0.613636363636364,NaN,0.161434977578475,0.28220640569395,NaN,NaN,NaN,0.423076923076923
NaN,NaN,0.0717488789237668,NaN,0.040499493756328,NaN,NaN,0.230769230769231
NaN,NaN,0.165919282511211,NaN,NaN,NaN,NaN,NaN
NaN,NaN,NaN,0.419039145907473,0.342895713803577,NaN,NaN,NaN
NaN,NaN,0.10762331838565,NaN,NaN,NaN,NaN,NaN
NaN,NaN,NaN,NaN,NaN,NaN,NaN,NaN
NaN,0.759259259259259,NaN,NaN,NaN,NaN,NaN,NaN
NaN,NaN,NaN,NaN,NaN,NaN,NaN,NaN
NaN,NaN,NaN,NaN,NaN,NaN,NaN,NaN
NaN,NaN,NaN,NaN,0.231859601754978,NaN,NaN,NaN
NaN,NaN,NaN,NaN,NaN,NaN,NaN,0.307692307692308
0.553030303030303,NaN,0.116591928251121,NaN,0.233547080661492,NaN,NaN,NaN
0.674242424242424,NaN,NaN,NaN,NaN,NaN,NaN,NaN
0.75,NaN,NaN,0.405516014234875,0.330070874114074,NaN,0.38,NaN
NaN,NaN,NaN,0.493060498220641,NaN,NaN,NaN,0.269230769230769
0.689393939393939,NaN,NaN,NaN,0.346270671616605,NaN,NaN,NaN
NaN,NaN,NaN,NaN,NaN,NaN,NaN,NaN
NaN,NaN,NaN,0.382384341637011,NaN,0.291941875825627,NaN,NaN
NaN,NaN,NaN,NaN,0.0921363482956463,NaN,NaN,NaN
NaN,NaN,NaN,0.412455516014235,NaN,NaN,NaN,NaN
0.606060606060606,NaN,NaN,NaN,NaN,NaN,NaN,0.230769230769231
NaN,NaN,NaN,NaN,NaN,NaN,0.4485,NaN
NaN,0.518518518518518,0.0941704035874439,NaN,NaN,NaN,0.165,NaN
NaN,NaN,NaN,NaN,NaN,0.210700132100396,0.21,NaN
NaN,0.712962962962963,NaN,NaN,NaN,NaN,NaN,NaN
NaN,NaN,0.143497757847534,NaN,0.323995950050624,NaN,NaN,0.461538461538462
NaN,NaN,NaN,NaN,NaN,0.172391017173052,0.183,NaN
NaN,NaN,0.152466367713004,NaN,NaN,NaN,NaN,0.307692307692308
NaN,NaN,NaN,NaN,NaN,NaN,0.42,NaN
NaN,NaN,NaN,NaN,NaN,0.549537648612946,NaN,0.269230769230769
NaN,NaN,NaN,NaN,NaN,NaN,NaN,NaN
NaN,NaN,NaN,NaN,0.11846101923726,NaN,NaN,NaN
NaN,NaN,NaN,0.248576512455516,NaN,NaN,NaN,NaN
NaN,NaN,NaN,NaN,NaN,NaN,NaN,NaN
NaN,NaN,NaN,0.425266903914591,NaN,NaN,NaN,NaN
NaN,NaN,NaN,NaN,NaN,NaN,NaN,NaN
0.840909090909091,NaN,0.170403587443946,NaN,NaN,NaN,NaN,0.307692307692308
0.666666666666667,NaN,NaN,NaN,0.305771177860277,NaN,NaN,NaN
NaN,NaN,NaN,NaN,NaN,NaN,NaN,NaN
0.659090909090909,0.611111111111111,NaN,NaN,0.317921025987175,NaN,0.2875,0.230769230769231
NaN,NaN,NaN,0.187010676156584,NaN,NaN,NaN,NaN
NaN,NaN,NaN,NaN,NaN,0.1889035667107,NaN,NaN
NaN,NaN,NaN,0.310142348754448,NaN,NaN,NaN,NaN
NaN,0.453703703703704,0.0852017937219731,NaN,NaN,NaN,NaN,NaN
0.477272727272727,0.518518518518518,0.121076233183857,NaN,NaN,NaN,NaN,NaN
NaN,0.712962962962963,NaN,NaN,0.246709416132298,NaN,NaN,NaN
0.446969696969697,0.462962962962963,NaN,NaN,NaN,NaN,NaN,NaN
0.689393939393939,NaN,NaN,NaN,NaN,0.310435931307794,0.31,0.346153846153846
0.666666666666667,NaN,0.121076233183857,NaN,NaN,NaN,NaN,NaN
NaN,NaN,NaN,NaN,NaN,0.178335535006605,NaN,0.307692307692308
NaN,NaN,NaN,NaN,NaN,NaN,0.38,NaN
0.492424242424242,NaN,0.0896860986547085,NaN,NaN,0.136723910171731,NaN,NaN
NaN,NaN,NaN,NaN,0.345258184272697,NaN,NaN,NaN
NaN,NaN,NaN,NaN,NaN,NaN,0.225,NaN
0.5,NaN,0.10762331838565,NaN,NaN,NaN,NaN,NaN
NaN,NaN,NaN,0.45711743772242,NaN,0.385072655217966,NaN,NaN
NaN,NaN,NaN,NaN,NaN,NaN,NaN,0.153846153846154
NaN,NaN,0.130044843049327,NaN,0.162672966587918,0.263540290620872,NaN,0.230769230769231
NaN,NaN,NaN,NaN,NaN,NaN,NaN,NaN
NaN,NaN,NaN,NaN,NaN,NaN,0.07,NaN
NaN,NaN,NaN,NaN,NaN,NaN,0.3265,NaN
NaN,NaN,NaN,NaN,NaN,NaN,NaN,NaN
NaN,NaN,0.116591928251121,NaN,NaN,NaN,NaN,NaN
0.742424242424243,0.685185185185185,0.121076233183857,NaN,NaN,NaN,NaN,NaN
NaN,0.675925925925926,NaN,0.391459074733096,NaN,NaN,NaN,NaN
NaN,0.574074074074074,NaN,NaN,NaN,NaN,0.2265,0.192307692307692
NaN,0.703703703703704,NaN,0.474021352313167,0.471144110698616,NaN,NaN,NaN
NaN,NaN,NaN,0.324199288256228,NaN,NaN,NaN,NaN
NaN,NaN,0.0986547085201794,NaN,0.145460681741478,NaN,NaN,NaN
NaN,NaN,NaN,NaN,NaN,NaN,0.345,NaN
NaN,NaN,NaN,NaN,NaN,NaN,NaN,NaN
NaN,NaN,0.130044843049327,NaN,NaN,NaN,NaN,NaN
NaN,NaN,NaN,NaN,NaN,NaN,NaN,NaN
NaN,NaN,NaN,0.0693950177935943,0.0401619979750253,NaN,NaN,0.230769230769231
NaN,NaN,NaN,0.332740213523132,0.327370907863652,NaN,NaN,0.230769230769231
0.681818181818182,NaN,NaN,NaN,NaN,NaN,NaN,NaN
NaN,NaN,NaN,NaN,0.396895038812015,NaN,NaN,NaN
NaN,NaN,0.15695067264574,NaN,NaN,0.40224570673712,NaN,NaN
NaN,NaN,NaN,NaN,NaN,NaN,NaN,0.230769230769231
NaN,NaN,NaN,0.53576512455516,0.430307121160986,NaN,NaN,0.461538461538462
NaN,NaN,NaN,NaN,NaN,0.214002642007926,NaN,NaN
NaN,NaN,NaN,NaN,NaN,NaN,NaN,NaN
NaN,NaN,NaN,NaN,NaN,0.319022457067371,NaN,0.230769230769231
NaN,0.731481481481481,NaN,NaN,NaN,NaN,NaN,NaN
0.78030303030303,0.814814814814815,NaN,NaN,NaN,NaN,NaN,NaN
NaN,NaN,0.15695067264574,0.61067615658363,NaN,NaN,NaN,0.307692307692308
NaN,NaN,0.121076233183857,0.307473309608541,NaN,NaN,0.2575,NaN
NaN,NaN,0.165919282511211,NaN,NaN,NaN,NaN,NaN
NaN,NaN,NaN,NaN,NaN,NaN,NaN,0.576923076923077
NaN,NaN,NaN,NaN,0.189672629092136,NaN,NaN,0.423076923076923
NaN,0.611111111111111,0.143497757847534,NaN,NaN,NaN,NaN,NaN
NaN,NaN,0.143497757847534,NaN,0.359770502868714,NaN,NaN,NaN
NaN,NaN,0.143497757847534,0.750355871886121,0.511981100236247,NaN,NaN,NaN
NaN,NaN,NaN,NaN,NaN,0.249009247027741,NaN,NaN
NaN,NaN,NaN,0.180427046263345,NaN,NaN,NaN,NaN
NaN,NaN,NaN,0.847864768683274,NaN,NaN,NaN,NaN
NaN,NaN,NaN,NaN,NaN,NaN,NaN,NaN
NaN,NaN,NaN,NaN,NaN,NaN,NaN,NaN
NaN,NaN,NaN,0.300355871886121,NaN,0.230515191545575,0.235,NaN
NaN,NaN,NaN,NaN,0.257171785352683,0.243725231175694,0.1985,NaN
NaN,0.444444444444444,NaN,NaN,0.120485993925076,NaN,0.14,0.307692307692308
NaN,0.824074074074074,NaN,NaN,NaN,NaN,NaN,NaN
NaN,NaN,NaN,0.18914590747331,0.14073574080324,NaN,NaN,NaN
NaN,NaN,NaN,NaN,0.228484643941951,NaN,NaN,0.346153846153846
NaN,NaN,NaN,NaN,NaN,NaN,NaN,NaN
0.825757575757576,NaN,NaN,NaN,0.576442794465069,NaN,NaN,NaN
NaN,NaN,NaN,NaN,NaN,0.634081902245707,NaN,NaN
NaN,NaN,NaN,NaN,NaN,NaN,NaN,NaN
0.818181818181818,NaN,NaN,NaN,NaN,NaN,NaN,NaN
NaN,NaN,0.121076233183857,NaN,0.187985150185623,NaN,NaN,NaN
NaN,NaN,NaN,NaN,NaN,NaN,NaN,NaN
NaN,NaN,NaN,0.149466192170818,NaN,0.140686922060766,NaN,NaN
NaN,NaN,0.143497757847534,NaN,0.252109348633142,NaN,NaN,NaN
0.666666666666667,NaN,NaN,NaN,NaN,NaN,NaN,NaN
NaN,NaN,NaN,0.362455516014235,NaN,NaN,NaN,NaN
NaN,NaN,NaN,NaN,NaN,0.232496697490092,NaN,NaN
0.507575757575758,0.509259259259259,NaN,NaN,NaN,NaN,NaN,NaN
0.681818181818182,0.657407407407407,NaN,NaN,NaN,NaN,0.335,NaN
NaN,NaN,NaN,0.200889679715302,NaN,NaN,NaN,NaN
NaN,NaN,0.121076233183857,NaN,NaN,0.178996036988111,NaN,NaN
NaN,NaN,NaN,NaN,NaN,NaN,NaN,NaN
0.643939393939394,NaN,0.130044843049327,NaN,NaN,NaN,NaN,NaN
NaN,NaN,NaN,NaN,NaN,NaN,NaN,NaN
NaN,NaN,NaN,NaN,NaN,0.191545574636724,NaN,NaN
NaN,NaN,NaN,0.186476868327402,NaN,NaN,NaN,0.307692307692308
NaN,NaN,NaN,NaN,NaN,NaN,NaN,NaN
0.659090909090909,NaN,NaN,NaN,NaN,0.169749009247028,NaN,NaN
NaN,NaN,NaN,NaN,NaN,NaN,NaN,0.461538461538462
0.742424242424243,NaN,NaN,NaN,NaN,NaN,NaN,NaN
NaN,NaN,NaN,NaN,NaN,NaN,NaN,0.384615384615385
NaN,NaN,NaN,0.297686832740214,NaN,NaN,NaN,0.230769230769231
0.712121212121212,NaN,NaN,0.476334519572954,NaN,NaN,NaN,NaN
NaN,NaN,0.121076233183857,NaN,NaN,NaN,NaN,NaN
NaN,NaN,NaN,NaN,NaN,NaN,NaN,NaN
NaN,NaN,NaN,NaN,NaN,NaN,NaN,NaN
NaN,NaN,NaN,NaN,0.198110023624705,0.183619550858653,NaN,NaN
NaN,0.638888888888889,NaN,0.357473309608541,NaN,NaN,NaN,NaN
NaN,NaN,0.188340807174888,NaN,NaN,NaN,NaN,NaN
NaN,NaN,NaN,0.711565836298932,0.617617279784003,NaN,NaN,NaN
NaN,0.453703703703704,0.103139013452915,NaN,NaN,NaN,NaN,NaN
NaN,0.490740740740741,0.0852017937219731,NaN,0.137360782990213,NaN,NaN,0.192307692307692
NaN,NaN,NaN,NaN,NaN,NaN,NaN,NaN
NaN,NaN,0.125560538116592,NaN,NaN,NaN,0.3005,NaN
NaN,0.703703703703704,NaN,NaN,NaN,NaN,NaN,NaN
NaN,0.453703703703704,NaN,NaN,NaN,NaN,NaN,NaN
0.643939393939394,NaN,NaN,NaN,NaN,NaN,NaN,NaN
0.507575757575758,NaN,NaN,NaN,NaN,NaN,NaN,0.269230769230769
NaN,NaN,NaN,NaN,NaN,NaN,NaN,NaN
NaN,NaN,NaN,0.200533807829182,NaN,NaN,0.215,NaN
0.734848484848485,NaN,NaN,NaN,0.510631117111036,NaN,NaN,NaN
NaN,NaN,0.134529147982063,NaN,NaN,NaN,0.28,0.384615384615385
NaN,0.768518518518518,NaN,NaN,NaN,NaN,NaN,NaN
NaN,NaN,NaN,NaN,NaN,NaN,NaN,NaN
NaN,0.722222222222222,NaN,NaN,NaN,NaN,NaN,NaN
NaN,NaN,NaN,NaN,0.289233884576443,NaN,NaN,NaN
NaN,NaN,NaN,NaN,0.25683428957138,0.28005284015852,NaN,NaN
NaN,NaN,NaN,NaN,NaN,NaN,NaN,NaN
NaN,NaN,NaN,NaN,NaN,NaN,NaN,0.269230769230769
NaN,0.638888888888889,NaN,NaN,NaN,NaN,NaN,NaN
NaN,NaN,NaN,NaN,NaN,NaN,0.15,NaN
0.75,NaN,0.183856502242152,NaN,NaN,NaN,NaN,NaN
0.537878787878788,NaN,NaN,NaN,0.199797502531218,NaN,0.23,NaN
NaN,0.759259259259259,NaN,NaN,NaN,0.44782034346103,0.427,NaN
0.166666666666667,NaN,NaN,NaN,NaN,NaN,0.025,NaN
NaN,NaN,NaN,0.398220640569395,NaN,NaN,NaN,NaN
NaN,NaN,NaN,NaN,NaN,0.575297225891678,0.501,NaN
NaN,NaN,NaN,NaN,NaN,NaN,NaN,NaN
NaN,NaN,0.0941704035874439,0.165302491103203,NaN,NaN,0.13,NaN
NaN,NaN,NaN,0.0359430604982206,0.0323995950050624,NaN,NaN,NaN
NaN,NaN,NaN,NaN,NaN,NaN,NaN,0.192307692307692
0.71969696969697,NaN,NaN,0.462989323843416,NaN,NaN,NaN,NaN
NaN,NaN,NaN,NaN,NaN,0.457067371202114,NaN,NaN
NaN,NaN,NaN,NaN,NaN,NaN,NaN,NaN
NaN,NaN,NaN,NaN,NaN,0.257595772787318,NaN,NaN
NaN,NaN,NaN,0.0724199288256228,NaN,NaN,NaN,NaN
0.674242424242424,NaN,NaN,NaN,NaN,NaN,0.246,NaN
NaN,0.768518518518518,NaN,NaN,0.323995950050624,NaN,NaN,NaN
NaN,NaN,NaN,0.362633451957295,NaN,NaN,NaN,NaN
0.689393939393939,NaN,NaN,NaN,NaN,NaN,NaN,NaN
NaN,NaN,NaN,NaN,NaN,NaN,NaN,NaN
NaN,NaN,NaN,NaN,NaN,NaN,NaN,NaN
NaN,NaN,NaN,0.0777580071174377,0.0566992912588593,NaN,NaN,NaN
NaN,NaN,NaN,NaN,NaN,NaN,NaN,NaN
NaN,NaN,NaN,NaN,NaN,NaN,NaN,NaN
0.71969696969697,NaN,0.121076233183857,0.411565836298932,NaN,NaN,NaN,NaN
NaN,NaN,NaN,NaN,NaN,NaN,NaN,NaN
NaN,NaN,NaN,0.156405693950178,NaN,NaN,NaN,0.230769230769231
NaN,NaN,NaN,NaN,NaN,NaN,NaN,NaN
NaN,NaN,0.10762331838565,NaN,0.168072899088761,NaN,NaN,NaN
NaN,NaN,NaN,NaN,NaN,NaN,0.134,NaN
NaN,NaN,0.112107623318386,NaN,0.363145460681742,NaN,NaN,NaN
NaN,NaN,NaN,NaN,NaN,NaN,NaN,0.346153846153846
NaN,NaN,NaN,NaN,NaN,NaN,NaN,NaN
NaN,NaN,NaN,NaN,NaN,NaN,NaN,NaN
NaN,0.555555555555555,NaN,NaN,NaN,NaN,NaN,NaN
0.643939393939394,NaN,0.161434977578475,0.656049822064057,0.633479581505231,0.558784676354029,NaN,NaN
NaN,NaN,NaN,NaN,NaN,NaN,NaN,NaN
NaN,NaN,NaN,0.225444839857651,NaN,NaN,NaN,0.192307692307692
NaN,0.768518518518518,NaN,NaN,NaN,NaN,NaN,0.269230769230769
0.477272727272727,NaN,NaN,NaN,NaN,NaN,NaN,NaN
0.454545454545455,0.453703703703704,NaN,NaN,NaN,NaN,NaN,NaN
NaN,0.675925925925926,NaN,NaN,NaN,NaN,NaN,NaN
0.613636363636364,0.62037037037037,NaN,NaN,0.236922038474519,NaN,0.29,NaN
0.666666666666667,NaN,NaN,NaN,NaN,0.389035667107001,NaN,NaN
NaN,NaN,0.10762331838565,0.193772241992883,NaN,NaN,NaN,NaN
NaN,NaN,0.116591928251121,0.258185053380783,NaN,NaN,0.2615,NaN
NaN,0.787037037037037,NaN,NaN,NaN,NaN,NaN,NaN
NaN,NaN,NaN,NaN,NaN,0.104359313077939,NaN,0.192307692307692
NaN,NaN,NaN,NaN,NaN,NaN,0.495,NaN
NaN,NaN,0.121076233183857,NaN,NaN,NaN,NaN,0.230769230769231
NaN,NaN,NaN,NaN,0.341545730678367,NaN,NaN,NaN
NaN,NaN,NaN,NaN,NaN,NaN,NaN,NaN
NaN,NaN,NaN,NaN,NaN,NaN,NaN,NaN
NaN,NaN,0.125560538116592,NaN,NaN,0.396961690885073,NaN,NaN
NaN,0.638888888888889,NaN,NaN,NaN,0.320343461030383,NaN,NaN
NaN,NaN,NaN,NaN,NaN,NaN,NaN,NaN
NaN,0.638888888888889,NaN,0.366014234875445,NaN,NaN,NaN,NaN
0.507575757575758,NaN,0.10762331838565,NaN,NaN,NaN,NaN,NaN
NaN,0.638888888888889,NaN,0.364946619217082,NaN,NaN,NaN,0.423076923076923
0.545454545454546,0.583333333333333,0.10762331838565,0.247864768683274,NaN,NaN,NaN,NaN
NaN,NaN,NaN,NaN,NaN,NaN,NaN,NaN
NaN,0.666666666666667,NaN,NaN,NaN,NaN,NaN,NaN
NaN,NaN,NaN,NaN,NaN,NaN,NaN,NaN
NaN,NaN,0.134529147982063,NaN,NaN,NaN,NaN,NaN
0.71969696969697,NaN,0.139013452914798,NaN,NaN,NaN,NaN,NaN
0.553030303030303,NaN,NaN,0.25355871886121,NaN,NaN,0.23,NaN
NaN,NaN,NaN,NaN,NaN,0.344121532364597,NaN,NaN
NaN,NaN,NaN,NaN,0.173472831589605,NaN,NaN,NaN
NaN,NaN,NaN,0.841814946619217,NaN,NaN,NaN,NaN
0.303030303030303,0.277777777777778,NaN,NaN,NaN,NaN,NaN,0.115384615384615
NaN,NaN,NaN,NaN,NaN,0.239762219286658,NaN,0.230769230769231
NaN,NaN,0.0986547085201794,NaN,NaN,NaN,NaN,0.5
NaN,0.648148148148148,0.139013452914798,NaN,0.270671616604792,NaN,NaN,NaN
NaN,NaN,NaN,NaN,NaN,0.464332892998679,NaN,NaN
NaN,NaN,NaN,NaN,0.210259871751603,NaN,NaN,NaN
NaN,0.425925925925926,NaN,NaN,NaN,NaN,NaN,NaN
NaN,0.518518518518518,NaN,NaN,NaN,NaN,NaN,NaN
NaN,NaN,NaN,NaN,0.343908201147486,NaN,NaN,NaN
NaN,NaN,NaN,NaN,0.340870739115761,NaN,NaN,NaN
NaN,NaN,NaN,NaN,NaN,NaN,0.426,NaN
NaN,0.611111111111111,NaN,NaN,NaN,0.278731836195509,0.265,NaN
0.621212121212121,NaN,0.103139013452915,NaN,NaN,NaN,0.175,NaN
NaN,NaN,NaN,NaN,NaN,NaN,NaN,NaN
NaN,NaN,NaN,0.369217081850534,NaN,NaN,NaN,NaN
NaN,0.583333333333333,0.112107623318386,NaN,0.181235234559568,NaN,NaN,NaN
NaN,0.731481481481481,NaN,NaN,NaN,NaN,NaN,NaN
0.416666666666667,NaN,NaN,NaN,NaN,NaN,NaN,NaN
NaN,NaN,0.0807174887892377,NaN,NaN,NaN,0.128,NaN
NaN,NaN,NaN,NaN,NaN,NaN,0.32,0.269230769230769
0.522727272727273,NaN,NaN,NaN,NaN,NaN,0.1435,NaN
NaN,NaN,NaN,NaN,NaN,NaN,0.401,0.423076923076923
NaN,0.740740740740741,NaN,NaN,NaN,NaN,NaN,NaN
0.712121212121212,0.75,NaN,NaN,NaN,0.268824306472919,0.3065,NaN
0.757575757575758,NaN,NaN,NaN,NaN,0.341479524438573,0.3175,NaN
0.878787878787879,NaN,NaN,NaN,NaN,NaN,0.6145,0.346153846153846
NaN,NaN,NaN,NaN,NaN,NaN,NaN,NaN
NaN,0.675925925925926,NaN,NaN,NaN,NaN,NaN,NaN
NaN,NaN,NaN,0.417615658362989,NaN,NaN,NaN,NaN
NaN,0.814814814814815,NaN,0.615302491103203,NaN,NaN,NaN,NaN
NaN,NaN,NaN,NaN,NaN,0.38441215323646,NaN,NaN
NaN,NaN,NaN,NaN,NaN,NaN,0.285,NaN
0.674242424242424,NaN,NaN,NaN,NaN,NaN,NaN,NaN
NaN,NaN,NaN,0.481850533807829,NaN,NaN,NaN,NaN
0.765151515151515,NaN,NaN,NaN,NaN,NaN,NaN,NaN
NaN,NaN,0.0762331838565023,NaN,NaN,0.0766182298546896,NaN,NaN
NaN,NaN,0.116591928251121,NaN,0.308133648329396,NaN,0.2485,NaN
NaN,NaN,NaN,NaN,0.265609179885251,NaN,NaN,0.307692307692308
0.568181818181818,0.583333333333333,0.103139013452915,NaN,NaN,0.175033025099075,NaN,NaN
NaN,NaN,NaN,NaN,NaN,NaN,NaN,NaN
NaN,NaN,NaN,NaN,NaN,NaN,0.07,NaN
NaN,NaN,NaN,0.632384341637011,NaN,NaN,NaN,NaN
NaN,NaN,NaN,NaN,NaN,NaN,NaN,NaN
NaN,NaN,NaN,NaN,NaN,NaN,NaN,0.192307692307692
0.606060606060606,NaN,NaN,NaN,NaN,NaN,0.27,NaN
0.621212121212121,NaN,NaN,NaN,NaN,NaN,0.255,NaN
NaN,NaN,NaN,NaN,NaN,0.105680317040951,NaN,NaN
NaN,NaN,NaN,0.408540925266904,NaN,NaN,NaN,NaN
NaN,0.398148148148148,NaN,NaN,NaN,NaN,NaN,0.461538461538462
NaN,0.824074074074074,NaN,NaN,NaN,NaN,NaN,NaN
NaN,NaN,NaN,NaN,NaN,NaN,0.41,NaN
NaN,0.546296296296296,NaN,NaN,NaN,NaN,0.332,NaN
NaN,NaN,NaN,0.226334519572954,NaN,NaN,NaN,0.269230769230769
NaN,0.592592592592593,NaN,NaN,NaN,0.21664464993395,NaN,NaN
NaN,NaN,NaN,0.712099644128114,NaN,NaN,NaN,NaN
0.787878787878788,NaN,0.161434977578475,NaN,NaN,NaN,NaN,NaN
NaN,0.546296296296296,NaN,NaN,0.213297333783328,NaN,0.285,NaN
NaN,NaN,NaN,NaN,NaN,NaN,0.2045,0.230769230769231
NaN,0.666666666666667,NaN,NaN,0.331083361457982,0.28335535006605,0.2735,0.230769230769231
NaN,NaN,NaN,NaN,NaN,NaN,NaN,NaN
NaN,NaN,0.161434977578475,NaN,NaN,NaN,NaN,0.538461538461539
NaN,NaN,NaN,NaN,NaN,NaN,NaN,NaN
NaN,NaN,NaN,NaN,0.416132298346271,NaN,NaN,NaN
NaN,NaN,0.121076233183857,NaN,0.147485656429295,NaN,0.165,NaN
NaN,NaN,NaN,NaN,NaN,NaN,NaN,NaN
NaN,NaN,NaN,NaN,NaN,NaN,0.3135,NaN
NaN,0.75,NaN,NaN,NaN,0.368560105680317,NaN,NaN
NaN,NaN,NaN,0.04644128113879,NaN,NaN,NaN,0.115384615384615
0.765151515151515,NaN,NaN,0.494306049822064,NaN,NaN,NaN,NaN
NaN,NaN,NaN,NaN,NaN,0.420739762219287,NaN,NaN
NaN,NaN,NaN,NaN,NaN,NaN,NaN,NaN
NaN,NaN,0.143497757847534,NaN,NaN,NaN,NaN,NaN
NaN,NaN,NaN,NaN,NaN,NaN,NaN,NaN
NaN,0.666666666666667,NaN,NaN,NaN,NaN,NaN,NaN
0.689393939393939,NaN,NaN,NaN,NaN,0.38110964332893,NaN,NaN
NaN,NaN,NaN,0.262989323843416,NaN,NaN,NaN,NaN
0.613636363636364,NaN,NaN,NaN,NaN,NaN,NaN,NaN
NaN,NaN,0.165919282511211,0.600355871886121,NaN,0.490092470277411,NaN,NaN
0.825757575757576,0.861111111111111,NaN,NaN,NaN,NaN,NaN,NaN
0.75,NaN,NaN,NaN,NaN,NaN,NaN,0.230769230769231
NaN,NaN,NaN,NaN,NaN,NaN,NaN,NaN
NaN,NaN,NaN,NaN,NaN,0.322324966974901,NaN,NaN
0.757575757575758,NaN,NaN,NaN,NaN,NaN,NaN,NaN
0.696969696969697,NaN,NaN,0.356583629893238,NaN,NaN,0.275,NaN
0.689393939393939,NaN,NaN,NaN,0.328045899426257,0.30779392338177,NaN,NaN
0.712121212121212,NaN,0.139013452914798,NaN,NaN,NaN,NaN,NaN
NaN,NaN,NaN,NaN,NaN,0.238441215323646,NaN,NaN
NaN,NaN,NaN,0.80338078291815,NaN,NaN,NaN,NaN
0.689393939393939,NaN,NaN,NaN,NaN,NaN,NaN,NaN
0.818181818181818,0.87037037037037,NaN,NaN,NaN,NaN,NaN,0.384615384615385
NaN,NaN,NaN,NaN,0.414107323658454,NaN,NaN,0.230769230769231
NaN,NaN,NaN,NaN,NaN,NaN,NaN,NaN
0.613636363636364,NaN,NaN,NaN,NaN,NaN,NaN,NaN
NaN,NaN,NaN,NaN,0.246034424569693,0.255614266842801,NaN,NaN
NaN,NaN,0.165919282511211,NaN,NaN,NaN,NaN,NaN
NaN,NaN,NaN,NaN,0.261221734728316,NaN,NaN,0.192307692307692
NaN,NaN,0.15695067264574,NaN,NaN,NaN,0.343,NaN
NaN,0.712962962962963,NaN,NaN,NaN,NaN,NaN,NaN
0.712121212121212,NaN,0.139013452914798,NaN,NaN,NaN,NaN,NaN
0.787878787878788,0.805555555555556,NaN,NaN,NaN,NaN,NaN,NaN
NaN,NaN,NaN,NaN,NaN,NaN,NaN,0.269230769230769
0.484848484848485,NaN,NaN,NaN,NaN,0.222589167767503,NaN,NaN
NaN,0.527777777777778,NaN,NaN,NaN,NaN,NaN,NaN
NaN,NaN,0.112107623318386,NaN,NaN,NaN,NaN,NaN
NaN,0.268518518518519,NaN,NaN,NaN,0.0858652575957728,0.087,NaN
NaN,NaN,NaN,NaN,NaN,NaN,NaN,NaN
NaN,0.601851851851852,0.10762331838565,NaN,0.287208909888626,NaN,NaN,NaN
NaN,NaN,0.139013452914798,NaN,0.197097536280796,NaN,NaN,NaN
NaN,NaN,NaN,NaN,NaN,NaN,NaN,NaN
0.560606060606061,NaN,NaN,NaN,NaN,NaN,NaN,NaN
0.598484848484849,NaN,NaN,NaN,0.230509618629767,NaN,NaN,NaN
NaN,NaN,NaN,NaN,0.0928113398582518,NaN,0.125,NaN
NaN,NaN,NaN,0.315658362989324,NaN,NaN,NaN,NaN
NaN,0.611111111111111,NaN,NaN,NaN,0.231836195508587,NaN,NaN
NaN,NaN,0.121076233183857,NaN,NaN,NaN,NaN,NaN
NaN,NaN,NaN,NaN,0.322645966925413,NaN,0.32,0.384615384615385
NaN,NaN,NaN,NaN,NaN,NaN,NaN,NaN
NaN,NaN,NaN,0.132562277580071,NaN,NaN,NaN,NaN
NaN,NaN,NaN,NaN,NaN,NaN,NaN,NaN
NaN,NaN,0.0986547085201794,NaN,NaN,0.142668428005284,NaN,NaN
NaN,NaN,NaN,NaN,NaN,NaN,NaN,NaN
0.674242424242424,NaN,NaN,NaN,NaN,NaN,0.275,NaN
NaN,NaN,NaN,NaN,NaN,NaN,NaN,NaN
NaN,NaN,NaN,NaN,NaN,NaN,NaN,NaN
NaN,NaN,NaN,NaN,NaN,NaN,NaN,NaN
NaN,NaN,NaN,NaN,NaN,0.225891677675033,0.3,NaN
NaN,NaN,NaN,NaN,NaN,NaN,NaN,NaN
NaN,NaN,NaN,NaN,NaN,NaN,NaN,NaN
NaN,NaN,NaN,NaN,NaN,NaN,NaN,NaN
NaN,NaN,0.139013452914798,NaN,NaN,0.3110964332893,NaN,NaN
0.734848484848485,NaN,0.139013452914798,NaN,0.463381707728653,0.42668428005284,0.404,NaN
0.598484848484849,NaN,NaN,NaN,NaN,NaN,NaN,0.307692307692308
NaN,NaN,NaN,0.198220640569395,NaN,NaN,NaN,NaN
NaN,NaN,NaN,NaN,NaN,NaN,NaN,NaN
NaN,NaN,NaN,NaN,0.122848464394195,NaN,NaN,NaN
NaN,NaN,NaN,NaN,NaN,NaN,NaN,NaN
NaN,NaN,NaN,0.304448398576513,NaN,NaN,NaN,NaN
NaN,NaN,NaN,NaN,NaN,NaN,NaN,NaN
NaN,NaN,NaN,NaN,0.185960175497806,0.241743725231176,NaN,NaN
NaN,NaN,NaN,NaN,NaN,NaN,0.11,NaN
NaN,NaN,NaN,NaN,0.273371582855214,NaN,NaN,NaN
NaN,NaN,NaN,NaN,0.226122173472832,NaN,NaN,NaN
0.636363636363636,NaN,0.121076233183857,NaN,NaN,0.250990752972259,NaN,NaN
NaN,NaN,NaN,NaN,NaN,0.538969616908851,NaN,0.346153846153846
0.689393939393939,NaN,0.147982062780269,NaN,NaN,NaN,NaN,NaN
NaN,0.694444444444444,0.130044843049327,NaN,NaN,NaN,NaN,NaN
