0.221354717313021,0.00409883967592595,0.00699348998745458,-0.00309397996186695,-0.00530822232377411,0.00848873443979388,0.0118158981843244,0.0417290720418964,-0.0157746277614111,-0.0023055667430443,0.0807556724815628,0.000910608386961678,0.00630403035084777,-0.000656652780972588
0.00409883967592595,0.0325662093873919,0.00648297194198674,-0.00121067225264084,-0.00664939532727643,0.00377421931024055,0.00875012849724531,0.0165963093709149,0.00551937550695783,0.00364990402414135,-0.00332677652106207,0.0010186236977003,-0.00230968981709463,0.000331788990205775
0.00699348998745458,0.00648297194198674,0.0300374883677787,0.00330640177423441,0.00332654891240896,-0.00153076037302629,0.00270390322971961,0.0197014923239401,0.0158830336912294,0.00312738928856965,-0.0111473076437524,0.0013079015326633,-0.00340196768553265,0.000945917213898128
-0.00309397996186695,-0.00121067225264084,0.00330640177423441,0.0477747021584489,0.00498699049438947,-0.00805434850275665,0.00180007976791915,0.00301584066812175,0.0173062058519739,0.0030679053387283,-0.0110035567189742,-0.00113179208406141,0.000747600264893046,0.000970434549150644
-0.00530822232377412,-0.00664939532727643,0.00332654891240896,0.00498699049438947,0.0884362658271314,0.0360785170793939,0.00803122178377263,0.0284581687895339,0.015813464600968,0.00114187206852452,0.0238490111203535,0.00164990499931338,0.00173832864897872,0.000858725507783112
0.00848873443979388,0.00377421931024055,-0.00153076037302629,-0.00805434850275665,0.0360785170793939,0.0610294053764716,0.0090612225559135,0.0360508768648869,0.0101032247637755,0.00120350944295962,0.0273468042122553,-0.00158456518841797,0.00206384744577626,0.000313674091383188
0.0118158981843244,0.00875012849724531,0.00270390322971961,0.00180007976791915,0.00803122178377263,0.0090612225559135,0.0135303360436927,0.0226588181028473,0.0186213027060795,0.00162648666494526,0.0154281166493658,0.000406063873625941,-0.000320663761820395,0.00118566877560056
0.0417290720418964,0.0165963093709149,0.0197014923239401,0.00301584066812175,0.0284581687895339,0.036050876864887,0.0226588181028473,0.25164589716484,0.091880350691486,0.0132220976061165,0.0328002071723055,0.0081151956875324,-1.88379246875748e-05,0.0035348493618126
-0.0157746277614111,0.00551937550695783,0.0158830336912294,0.0173062058519739,0.015813464600968,0.0101032247637755,0.0186213027060795,0.091880350691486,0.236654238835603,0.0208396431696756,0.00243874507771498,0.0162068681697706,-0.011236339105028,0.00512848460311423
-0.0023055667430443,0.00364990402414135,0.00312738928856965,0.0030679053387283,0.00114187206852452,0.00120350944295962,0.00162648666494526,0.0132220976061165,0.0208396431696756,0.0042188872706173,-0.00209139813185038,0.00146724820781409,-0.000358438354256061,0.000341980492504367
0.0807556724815628,-0.00332677652106207,-0.0111473076437524,-0.0110035567189742,0.0238490111203535,0.0273468042122553,0.0154281166493658,0.0328002071723055,0.00243874507771498,-0.00209139813185038,0.254378103790847,-0.00420501490940141,0.00869451204306762,-0.00242698369767358
0.000910608386961678,0.0010186236977003,0.0013079015326633,-0.00113179208406141,0.00164990499931338,-0.00158456518841798,0.000406063873625941,0.0081151956875324,0.0162068681697706,0.00146724820781409,-0.00420501490940142,0.021304440505797,-0.000267049241841834,0.000307523323900416
0.00630403035084777,-0.00230968981709463,-0.00340196768553265,0.000747600264893047,0.00173832864897872,0.00206384744577626,-0.000320663761820395,-1.88379246875748e-05,-0.011236339105028,-0.000358438354256061,0.00869451204306762,-0.000267049241841834,0.00519478637069841,0.000138031175439724
-0.000656652780972588,0.000331788990205775,0.000945917213898128,0.000970434549150644,0.000858725507783112,0.000313674091383188,0.00118566877560056,0.0035348493618126,0.00512848460311423,0.000341980492504367,-0.00242698369767358,0.000307523323900416,0.000138031175439724,0.00202143872367249
