NaN,0.15817,NaN,0.099144,NaN,NaN,0.19481,0.009482,NaN,0.19648,NaN,NaN,NaN,0.34289,0.16872,0.099125,NaN,NaN,0.72659,0.99197,0.97913,0.88651,NaN,0.41461,0.32111,NaN,0.95913,0.72756,0.47808,0.10451,0.2752,NaN,0.28279,0.32782,NaN,NaN,0.23092,0.24363,0.13799,0.29139,NaN,0.20562,0.27428,0.14159,NaN,NaN,0.26422,0.34861,NaN,0.53212,0.060757,NaN,NaN,NaN,0.11791,0.11538,0.17614,0.20595,0.15978,0.036952
0.15782,0.15559,NaN,0.075369,NaN,0.36281,0.58929,0.24983,NaN,0.21707,0.34312,0.4575,NaN,0.4256,0.5471,0.71759,NaN,0.91532,1,NaN,0.90683,NaN,0.73339,NaN,NaN,0.27778,0.68285,0.86754,0.89986,0.78843,NaN,0.10279,NaN,0.24081,0.28853,0.225,NaN,0.17396,0.22169,0.29118,0.14476,0,0.04539,0.1479,0.18922,0.037849,0.13817,0.18898,0.15598,NaN,0.11454,0.079886,0.044156,NaN,0.3288,NaN,0.065341,NaN,0.28375,0.36259
0.26032,0.17017,0.099212,0.055872,NaN,0.33324,0.30519,0.13407,NaN,0.056199,0.087481,NaN,0.18425,NaN,0.11957,0.15337,NaN,0.094546,0.14338,0.05137,0.1641,NaN,NaN,0.23645,NaN,0.11036,0.44879,0.69154,NaN,NaN,0.71727,NaN,0.64307,0.90048,0.9507,0.96018,0.80483,0.66434,0.63884,0.71928,0.65721,0.62259,0.49166,0.29348,0.21638,NaN,0.1456,NaN,0.28571,0.21212,NaN,0.1184,0.4026,0.4386,NaN,0.16923,0.375,0.14645,0.21212,0.14319
0.14233,0.077154,0.038108,0.036376,NaN,0.13733,0.15666,0.099448,0.13535,NaN,NaN,0.13819,0.15935,0.13592,0.16541,0.17871,0.13118,0.13216,0.094992,0.082406,NaN,0.26552,0.39493,0.63559,0.90379,1,NaN,0.60056,NaN,0.32641,0.24676,NaN,0.090517,NaN,0.17684,0.17208,NaN,0.07414,0.14664,0.25752,NaN,0.34969,0.24596,0.089668,0.10776,0.12479,NaN,NaN,NaN,0.11515,0.13944,NaN,0.15065,0.2076,0.18367,0.10256,0.071022,NaN,0.13223,0.039261
0.17552,NaN,0.16163,0.044222,NaN,1,NaN,NaN,0.49667,0.29801,0.33518,NaN,0.77703,0.68506,NaN,0.71138,0.32774,0.16966,0.22954,0.38988,NaN,0.33432,0.091873,NaN,0.62479,0.74799,NaN,NaN,0.80448,0.81996,0.79673,0.52179,0.098289,NaN,0.49719,NaN,NaN,0.19923,0.2549,0.40479,0.29797,NaN,0.22048,0.16671,0.12923,0.10971,0.10268,0.059299,0.057547,0.18303,0.084662,0.24251,0.17662,0.20175,0.072562,0.28718,0.085228,0.08238,0.22039,0.10855
NaN,0.21989,0.19908,NaN,0.25488,0.66783,0.61445,0.44366,0.49474,NaN,0.3865,NaN,0.44839,0.56038,NaN,NaN,1,0.92655,0.6013,NaN,0.47312,0.49208,0.69079,NaN,0.80625,0.74557,0.80092,0.6092,NaN,NaN,0.63401,0.71422,NaN,0.44314,0.84954,0.71573,NaN,0.5691,NaN,0.29946,0.027909,0.13565,0.35394,NaN,NaN,0.09051,NaN,0.10332,0.086825,0.34788,0.026892,0.28531,0.11169,0.55263,0.27211,NaN,NaN,NaN,NaN,NaN
0.10398,0.087441,0.087713,0.12791,0.10018,NaN,0.36039,0.15987,NaN,0.20792,0.31008,NaN,0.39038,0.27668,NaN,0.17606,0.14309,NaN,NaN,NaN,NaN,0.36694,0.45915,0.62012,0.7458,NaN,NaN,0.99125,0.92117,0.67839,0.61962,0.52404,0.36165,0.35103,0.20047,0.11744,NaN,0.12925,0.20926,NaN,0.24053,0.32466,0.15311,NaN,0.206,0.25823,0.35386,0.44684,0.25795,0.18788,0.18825,0.20257,0.14286,0.21053,0.19274,0.08718,0.15057,NaN,0.12948,NaN
0.18805,0.036863,0.042707,NaN,0.087497,0.17603,0.26867,NaN,0.10647,0.2012,0.19651,NaN,0.16943,0.11055,NaN,NaN,0.67154,0.54286,0.27341,0.27504,NaN,0.54739,NaN,0.60793,0.80861,0.98006,0.98141,NaN,NaN,0.75882,0.87095,0.7805,0.65043,0.62226,0.61532,0.59395,NaN,0.50525,0.26913,NaN,0.19027,0.24115,NaN,NaN,NaN,0.18829,0.13564,0.14136,NaN,NaN,NaN,0.10842,NaN,0.023392,0.14059,0.089743,NaN,0.29519,0.19008,NaN
NaN,NaN,0.22372,0.26676,0.071265,NaN,NaN,NaN,0.43847,0.60904,NaN,0.81111,0.98431,0.70063,NaN,0.7357,0.85722,NaN,0.87187,0.77665,0.55312,0.29056,0,NaN,0.23709,0.43408,0.47757,NaN,NaN,0.12613,NaN,0.35026,0.29865,0.30737,0.34929,0.067943,0.16215,0.14942,0.15222,0.16078,0.025014,0.10965,0.14044,NaN,NaN,0.066785,0.0795,NaN,0.18677,NaN,0.3008,0.33666,0.58961,0.24269,NaN,0.48462,0.082386,0.85584,0.34435,0.34642
0.062684,0.1153,0.05749,0.074418,0.088512,NaN,NaN,0.13142,0.26966,NaN,0.43769,0.44637,0.32359,NaN,0.12509,NaN,NaN,0.69361,0.78603,0.93589,0.98493,0.81525,0.55378,0.63057,0.69703,NaN,0.37819,0.15716,0.19481,0.35198,0.36065,0.184,0.18377,0.33164,0.38468,0.50373,NaN,0.30872,0.24794,0.2354,NaN,NaN,NaN,0.11698,0.19619,NaN,0.2193,0.25247,0.29732,0.29939,0.11753,0.11412,0.25714,0.076024,0.18594,0.11026,0.32386,0.038901,0.24793,0.12009
0.78761,0.45607,NaN,0.18521,0.17271,0.27493,NaN,NaN,0.8072,0.83698,NaN,0.29528,0.31927,NaN,NaN,NaN,0.13729,NaN,0.40364,0.8628,0.78836,0.35712,NaN,0.14056,NaN,NaN,0.18174,0.6021,0.57457,0.67242,0.36436,0.43799,NaN,NaN,1,0.92056,NaN,0.92752,0.73192,0.50915,0.2,0.23932,NaN,0.37001,0.62184,NaN,0.28577,0.16562,0.1686,NaN,NaN,0.24536,NaN,0.65497,0.61225,NaN,NaN,0.27231,0.22314,0.3164
NaN,0.2216,0.27201,0.15002,0.28303,0.66676,0.57441,0.75546,NaN,NaN,0.65632,NaN,0.96948,0.77591,0.74561,0.94464,NaN,0.88301,0.79213,0.76648,NaN,0.39188,0.35965,0.3765,NaN,NaN,0.2931,0.25556,0.43415,NaN,NaN,NaN,0.15825,NaN,0.11077,0.41351,0.38093,0.070084,0.15486,NaN,0.15217,NaN,0.18117,0.20974,0.088286,NaN,NaN,0.22222,0.20646,0.073939,0.1245,0.10842,0.21818,0.11111,0.19955,0.47949,NaN,0.10526,0.1405,0.08776
0.12758,NaN,NaN,0.18212,0.046158,0.10374,NaN,0.42271,0.26625,NaN,NaN,0.1886,0.25781,0.47138,0.72896,0.77804,NaN,0.59709,0.38986,NaN,0.48862,0.75146,0.85122,1,NaN,0.64721,NaN,NaN,0.46956,0.48876,NaN,0.13345,0.12507,0.039851,0.38294,0.7124,NaN,0.32505,0.022981,NaN,0.4447,0.46618,0.31553,NaN,0.32798,0.25864,0.35494,NaN,0.68955,0.48242,NaN,0.12126,0.072728,NaN,NaN,0.1359,0.24716,NaN,NaN,NaN
0.061947,0.20489,NaN,0.056824,NaN,0.26203,0.63041,NaN,NaN,NaN,NaN,0.24267,0.43069,0.11003,0.21447,NaN,0.2321,0.25049,0.18978,0,0.097913,0.09815,NaN,NaN,0.2291,0.18163,0.058304,0.52203,NaN,0.60488,0.46583,NaN,0.70681,0.63826,0.56275,0.7503,NaN,NaN,0.9844,1,1,NaN,0.72417,0.36563,NaN,NaN,0.78432,0.87002,NaN,0.94424,0.39442,NaN,0.37403,NaN,NaN,NaN,0.073864,0.35927,NaN,0.29561
NaN,NaN,0,0.0932,0.16333,0.39264,0.40179,0.2538,0.2356,NaN,0.070325,0.019197,0.15014,NaN,NaN,0.60655,0.73422,NaN,0.89543,0.95751,0.91168,0.91207,0.77228,NaN,0.32777,0.26093,0.21956,NaN,0.57031,0.59412,0.45025,NaN,0.41552,0.38707,NaN,NaN,NaN,0.10429,NaN,0.095751,NaN,0.2254,NaN,0.22881,0.28433,0.10491,0.13166,NaN,0.22665,0.16242,NaN,0.15549,0.046753,0.10819,0.097506,0.069231,0.059659,NaN,0.13774,0.020785
0.047198,0.034291,NaN,0.045649,0.070251,0.11932,0.13393,NaN,0.13831,0.16116,0.11456,NaN,NaN,0.32072,NaN,0.26064,0.3724,0.6293,0.71292,NaN,0.96564,0.98436,0.9449,NaN,NaN,NaN,0.27408,0.056402,0.39316,0.1844,NaN,0.09335,0.13021,0.22671,0.23177,NaN,NaN,0.1254,NaN,0.10588,0.079097,NaN,0.17988,0.10551,NaN,NaN,NaN,0.20725,0.076729,NaN,0.17331,NaN,0.31688,0.22807,0.20862,0.038461,0.15909,0.12586,NaN,0.060046
0.10841,0.015002,NaN,NaN,0.14278,NaN,0.3612,0.22558,0.21872,NaN,NaN,0.34174,NaN,0.36671,0.43756,0.52646,0.58512,0.66005,0.71692,NaN,NaN,NaN,1,NaN,0.93607,NaN,NaN,NaN,0.7779,0.5758,0.35782,0.32532,NaN,0,0.091439,0.17218,0.22108,0.2558,NaN,0.28301,0.34777,NaN,0.24143,0.27828,0.18169,NaN,NaN,0.28332,0.32105,NaN,0.12749,0.23538,0.33766,0.30409,0.12698,0.39231,NaN,0.075515,0.14325,NaN
NaN,NaN,NaN,0.32406,0.26959,NaN,0.5625,0.48798,0.43196,0.51795,0.39033,NaN,0.35915,NaN,NaN,0.72206,0.82903,0.67668,0.41616,0.34942,0.53678,0.749,0.82102,1,0.87316,0.6797,0.68579,0.48683,0.38535,0.4094,0.39128,0.041451,NaN,NaN,0.3451,0.68216,0.73529,NaN,0.025406,0.31699,0.4176,0.46545,0.30777,0.26527,NaN,0.23368,NaN,0.53669,NaN,0.18303,0.22211,0.14551,0.17143,0.57018,0.35828,0.15128,0.21307,NaN,0.30028,0.14319
0.10103,NaN,0.032195,0.04874,0.0076085,0.077668,0.22294,0.18964,0.12942,NaN,0.22997,NaN,0.29725,0.23719,NaN,NaN,0.22682,0.31605,NaN,0.41706,0.52835,0.59012,NaN,0.70433,0.94877,NaN,1,0.95657,0.86222,0.69405,NaN,NaN,NaN,0.16237,0.055947,0.22349,0.23048,0.28262,0.31004,0.22908,0.059178,0.24518,0.2338,0.20922,NaN,NaN,NaN,0.28452,0.20798,0.14545,0.047809,NaN,0.093506,0.076024,0.015873,NaN,0.096591,0.018307,0.090909,0.062356
0.18732,0.16159,0.16097,0.1543,0.316,0.53776,NaN,0.54443,0.52125,0.82969,NaN,0.79763,0.71844,0.31566,0.19771,0.27417,0.26816,NaN,NaN,0.73523,0.89028,0.81055,0.69365,0.73138,NaN,0.80769,0.88623,0.98147,NaN,0.45116,0.29657,0.26634,0.20004,0.28606,0.14851,0.31008,0.16597,NaN,0.59266,NaN,0.095078,NaN,0.60197,0.61543,0.5,NaN,NaN,0.53459,0.5477,0.36364,0.34462,0.22682,0.5039,NaN,0.17007,0.10513,0.11364,0.05492,NaN,0.11778
NaN,0.12945,0.05979,0.13409,0.003297,NaN,NaN,0.30783,0.25381,0.34449,0.32865,0.50909,NaN,NaN,0.26933,NaN,0.68791,0.55668,0.1822,NaN,0.73366,0.72017,NaN,NaN,NaN,0.54808,0.47127,0.85755,0.83147,NaN,0.19466,0.15064,NaN,NaN,NaN,0.12994,0.13711,0.17448,0.038267,0.0092595,0.148,NaN,0.23665,0.24298,0.1433,0.090921,0.03314,NaN,0.054518,0.17333,0.090637,0.042796,NaN,0.38597,0.41723,0.34872,NaN,0.20366,0.1405,0.15935
NaN,0.14788,0.0049275,0.058488,0.068983,0.20371,0.46131,0.28578,0.14631,NaN,0.04055,0.16794,NaN,0.38826,0.52081,0.68034,0.74314,0.76727,0.75889,0.85306,1,0.88478,NaN,0.87296,NaN,0.93722,0.87877,NaN,NaN,0.19282,0.27357,0.2113,0.18902,0.13959,0.083257,NaN,0.078941,0.10294,0.1012,0.14564,NaN,NaN,0.098538,NaN,NaN,0.089687,0.15284,0.1782,0.25088,NaN,0.15339,NaN,0.23896,0.035087,0.10431,0.17436,0.15057,0.080091,0.1157,0.055428
0.089971,0.12473,0.03318,0.005706,NaN,NaN,0.066559,0.016538,0.061306,0.10882,0.11499,0.12427,0.13099,NaN,0.057177,NaN,0.099886,0.24758,0.33305,0.49369,NaN,0.60955,NaN,NaN,0.53115,NaN,0.9043,1,0.82214,0.51433,0.31248,0.053134,NaN,NaN,0.64979,0.73689,0.83228,0.73932,NaN,NaN,NaN,0.20122,NaN,NaN,0.58644,NaN,NaN,0.53609,0.46542,NaN,0.16833,NaN,0.090909,0.043859,0.068027,NaN,0.18182,NaN,NaN,NaN
0.26401,NaN,NaN,0.039705,0.028405,0.16958,0.21861,0.21521,0.13594,0.098527,NaN,0.3413,0.35123,0.093431,NaN,0.14258,NaN,NaN,0.13655,NaN,0.58674,NaN,0.8295,0.85176,NaN,0.5831,NaN,0.42384,0.39692,NaN,0.50659,NaN,0.71354,0.67059,NaN,0.53558,NaN,0.38453,0.39785,0.64118,0.79166,0.80305,NaN,NaN,NaN,0.34531,0.26838,0.2959,0.16002,0.32606,NaN,0,NaN,NaN,0,0.17692,NaN,0.11671,0.23141,0.12471
NaN,0.06258,0.10874,0.068474,0.10576,NaN,0.20022,0.17795,NaN,NaN,0.29122,NaN,NaN,0.14602,0.1624,0.1837,NaN,0.34639,0.40133,0.37511,0.48524,0.64227,0.75808,0.8454,0.9082,0.88016,0.80975,0.66848,0.53003,0.4894,0.56338,NaN,0.50121,0.42851,0.31779,NaN,NaN,NaN,0.24489,NaN,0.47562,0.4978,0.48403,0.3892,0.29414,0.24547,0.30587,0.40162,0.38819,0.26909,0.20418,0.16405,0.16104,0.002924,0.045351,0.11538,0.073864,0.043478,NaN,0.060046
NaN,NaN,NaN,NaN,0.80091,0.57646,0.15801,0.49217,0.12957,0.089661,0.1873,0.29162,NaN,0.31886,NaN,0.40525,NaN,NaN,0.84715,NaN,0.91263,1,NaN,NaN,NaN,0.67541,NaN,NaN,0.23498,NaN,0.10507,0.066277,NaN,0.23105,0.4307,NaN,0.44719,0.43548,0.37487,0.30316,0.35298,0.60244,0.46968,NaN,0.2559,0.17814,0.094712,0.24468,0.23675,0.13818,NaN,NaN,NaN,0.72222,0.17234,0.37692,NaN,0.32723,0.36639,0.11547
NaN,0,0.023981,0.094627,0.11616,0.18167,NaN,0.19537,0.24226,0.19591,NaN,NaN,0.10163,0.099309,NaN,0.10004,NaN,0.2559,NaN,NaN,NaN,NaN,0.92296,NaN,0.91721,1,0.9812,0.90655,NaN,0.67636,NaN,NaN,0.48987,0.5487,NaN,NaN,NaN,0.35427,0.15391,0.17789,NaN,NaN,0.078753,0.048312,0.075775,0.038124,0.032416,NaN,0.03685,0.14061,NaN,0.099857,0.093506,0.008772,NaN,0.10513,0.10227,0.043478,0.060606,0.023095
NaN,0.050579,0.052234,0.022349,NaN,0.24832,NaN,NaN,0.16067,NaN,0.18077,0.079719,NaN,0.066206,0.063296,0.098921,NaN,0.22836,NaN,NaN,0.51918,0.6028,0.68443,NaN,0.79232,0.90142,0.87467,NaN,0.79606,0.69958,NaN,0.66367,0.57251,0.63127,0.64181,0.67379,NaN,NaN,0.37097,0.34379,NaN,NaN,NaN,0.21348,0.17273,0.13412,NaN,0.081761,0.090359,NaN,NaN,NaN,NaN,NaN,0.29025,0.30256,0.125,NaN,0.013774,0.039261
0.2795,NaN,NaN,0.11721,0.13442,0.35313,NaN,NaN,0.22849,0.34964,0.39543,0.46424,0.46293,NaN,0.33313,0.2127,0.17998,NaN,0.30381,NaN,0.62837,NaN,0.68284,NaN,0.76896,NaN,NaN,0.77707,0.96134,1,0.82877,0.57897,NaN,0.5062,0.29508,NaN,0.20698,0.059998,NaN,0.33889,0.35831,0.46716,0.41898,0.1193,0.16676,0.07762,0.13872,NaN,0.29682,0.060606,0.11753,0.19686,NaN,NaN,0.058957,NaN,0.27841,NaN,0.14325,0.18707
NaN,0.2829,0.15309,0.079886,0.13264,NaN,0.31818,0.53186,NaN,0.62148,0.54771,0.54455,0.58615,0.39827,NaN,0.52554,0.72086,NaN,0.16179,0.42594,0.38322,0.41642,NaN,0.52863,0.29928,0.15024,NaN,1,0.7222,0.43795,NaN,0.56785,NaN,0.081505,0.17674,NaN,NaN,0.29469,0.25901,0.25196,0.18749,0.29158,0.23885,NaN,0.09838,0.072408,0.06465,0.025456,0.1161,0.055758,0.15538,NaN,0.12727,0.27778,NaN,NaN,NaN,0.10297,0.29201,0.20323
0.37389,0.18474,0.054205,NaN,NaN,NaN,NaN,0.24763,0.17518,0.34549,NaN,NaN,NaN,0.073219,NaN,NaN,0.14237,0.20405,0.15443,0.079088,0.27951,0.57959,NaN,0.84356,NaN,0.99846,0.96838,1,NaN,NaN,0.78856,0.77522,0.49564,0.16683,0.089496,0.1377,0.078176,NaN,0.16424,NaN,0.13086,0.033211,0.069443,NaN,0.12937,0.10381,0.19178,NaN,0.27007,0.28485,0.15438,NaN,0.062337,0.11988,0.12698,0.21795,0.3892,NaN,0.20937,0.057737
0.057522,0.11273,0.06636,0.06681,0.06036,NaN,NaN,0.12856,0.098475,0.17832,NaN,0.51319,0.51159,0.2475,0.23092,NaN,0.72148,0.75678,NaN,0.40015,0.4024,0.4199,NaN,0.72954,0.85543,0.88864,NaN,0.93835,0.93699,NaN,0.74136,0.70726,NaN,0.90737,0.99172,0.99214,NaN,NaN,NaN,0.51187,NaN,0.20916,0.1469,0.090312,NaN,NaN,0.20029,0.20755,0.088844,0.24849,0.30777,0.29101,0.22338,0.1345,0.18141,NaN,0.19034,0.25858,NaN,0.24018
0.20575,0.05015,0.033508,NaN,NaN,NaN,0.34984,0.23418,0.43077,0.48048,0.55891,NaN,0.72736,NaN,0.3215,NaN,0.30432,0.29673,0.42436,0.6082,0.68845,0.82763,0.83565,0.84756,0.91168,0.99835,NaN,0.74722,0.4583,0.35272,0.36698,0.47967,0.39567,0.30556,0.054107,0.28276,0.40684,0.2898,NaN,NaN,0.020961,0.22198,NaN,NaN,0.6207,NaN,0.23886,0.15124,0.056537,0.071515,0.040836,0.068474,0.25714,NaN,NaN,0.12821,0.034091,0.006865,0.22039,NaN
0.1792,NaN,0.17477,NaN,0.18184,0.30852,0.34172,NaN,NaN,0.40626,0.31433,NaN,NaN,NaN,0.12429,0.10493,0.14973,NaN,0.12119,0.0089895,NaN,0.22104,0.45152,0.62832,0.74703,NaN,0.9938,NaN,0.93182,NaN,0.91248,0.81847,0.6708,0.6548,0.62954,0.66018,NaN,NaN,0.29074,0.4402,NaN,NaN,0.54326,0.58709,0.56227,0.40675,NaN,0.46661,NaN,0.32121,NaN,0.1184,0.14805,NaN,0.088436,0.19231,0.079545,0.1373,NaN,0.10162
0.21534,NaN,NaN,NaN,NaN,0.12765,NaN,0.13429,0.20509,0.3831,0.50872,NaN,0.69051,0.48458,NaN,NaN,0.8166,0.91408,NaN,NaN,NaN,NaN,0.57402,0.47362,0.29816,0.06851,0.053367,0,0.087662,0.21551,0.24109,NaN,NaN,0.40127,0.35154,0.31169,0.46556,0.41499,0.15275,0.35501,0.67655,0.53626,0.24092,0.18294,0.083736,0.078991,0.12169,NaN,0.12367,NaN,0.062749,0.4465,NaN,0.37135,NaN,NaN,0.1392,0.27002,0.33884,NaN
0.29204,0.11616,0.1935,0.11103,0.10702,NaN,0.15639,0.23418,NaN,0.31274,NaN,NaN,NaN,0.12922,0.074632,NaN,0.057403,0.032624,0.1659,NaN,NaN,NaN,0.32415,0.30356,0.3291,0.29089,0.35834,NaN,NaN,1,NaN,0.66199,0.50121,NaN,NaN,0.19425,0.32856,NaN,0.6089,0.66765,0.53422,0.41954,0.34424,0.40415,0.60876,0.58448,0.63582,NaN,0.63554,0.39636,0.18028,NaN,NaN,0.026316,0.13379,0.3282,0.2983,NaN,NaN,NaN
NaN,0.061294,0.20565,0.398,0.63353,0.66031,0.78842,0.89416,NaN,0.8304,NaN,0.75953,0.76119,0.51985,0.49654,NaN,0.82302,NaN,NaN,0.93183,NaN,NaN,NaN,NaN,0.44283,0.55083,0.5218,0.37948,0.074878,0.18877,NaN,NaN,0.21705,NaN,0.010842,0.14788,0.094139,NaN,0.29517,NaN,NaN,0.095238,0.16371,NaN,NaN,0.070763,0.01322,0.083259,NaN,NaN,0.15239,NaN,0.077922,NaN,0.26077,NaN,NaN,0.20824,NaN,NaN
0.057522,0.076725,0.013469,NaN,0.048947,NaN,0.11824,0.000441,NaN,0.075361,0.084929,0.19974,0.19534,0.2573,NaN,0.26837,0.32556,0.25444,0.20882,NaN,NaN,0.4565,0.41931,0.49042,0.6124,0.62231,NaN,NaN,0.85126,1,0.86823,0.66839,NaN,NaN,0.6907,0.58347,0.49617,NaN,0.17626,NaN,0.2154,0.17009,0.19268,0.15602,NaN,0.10847,0.066099,0.045523,0.042907,0.14545,0.021913,0.087018,0.15325,0.34795,NaN,0.12821,NaN,0.10755,0.15703,0.04388
0.22271,0.4072,0.42904,NaN,NaN,0.43214,0.18885,0.2968,NaN,0.4862,NaN,0.061841,0.047359,0.35877,0.54048,0.53715,0.49746,0.40384,0.16095,0.38281,0.76001,NaN,0.93536,0.54503,0.51516,0.6504,NaN,0.52954,0.20627,0.16363,0.58082,NaN,NaN,0.17605,0.28086,0.5124,0.63438,0.40553,0.53848,0.65534,NaN,NaN,0.25307,0.22533,0.18539,NaN,NaN,0.31357,0.25593,0.19273,0.19422,NaN,0.63117,NaN,0.14512,0.34359,0.25284,0.32037,0.096419,0.22402
0.191,0.10116,0.19908,0.11935,0.26934,0.23408,NaN,0.37266,0.20213,0.24239,NaN,0.098183,0.22528,NaN,0.5172,0.72766,NaN,NaN,NaN,NaN,0.48387,0.68838,0.76211,0.83239,0.72162,0.60337,NaN,0.39749,0.34,0.40737,0.23793,NaN,0.15384,0.058611,NaN,NaN,0.48939,NaN,0.066203,NaN,NaN,NaN,0.21777,NaN,0.23927,0.099973,0.2155,0.38844,NaN,0.081212,0.25398,0.14979,0.26753,NaN,0.092971,NaN,0.28693,0.36156,NaN,0.38568
0.19985,NaN,0.086071,0.027579,NaN,NaN,0.31602,0.39206,0.30061,0.41842,0.38267,0.58822,0.88657,NaN,1,1,NaN,0.8987,0.70903,0.47795,NaN,0.38503,0.56448,0.26975,0.18473,NaN,NaN,0.35673,NaN,0.47449,NaN,NaN,NaN,0.21049,0.1211,NaN,0.37787,0.39253,0.38826,0.3463,0.2718,NaN,0.093496,0.15949,0.16946,0.14934,NaN,0.14795,0.13327,0.098182,0.10359,0.052781,NaN,NaN,0.015873,0.21795,0.15341,0.05492,NaN,0.12933
NaN,0.14016,NaN,NaN,0.31169,0.45499,0.50758,0.36097,0.26581,0.23052,0.27492,NaN,NaN,NaN,NaN,0.50326,NaN,0.72218,NaN,0.87757,0.98851,1,NaN,0.85975,0.90512,0.85395,0.76363,0.65006,0.55509,NaN,0.20153,NaN,0.064895,0.023211,NaN,NaN,0.19342,0.29729,NaN,NaN,NaN,NaN,0.13061,0.19479,0.20287,0.15044,0.21242,0.29111,NaN,NaN,0.21514,0.20685,0.27792,NaN,0.35828,0.13077,0.21307,NaN,0.24793,0.14088
NaN,0.070725,0.19974,0.03495,0.034998,NaN,NaN,NaN,NaN,0.16459,NaN,0.25733,NaN,0.20501,NaN,0.20039,0.035644,NaN,0.37513,NaN,0.23493,NaN,0.52909,0.47198,NaN,0.48607,0.50163,0.23014,0.19744,NaN,0.62976,0.77915,0.59257,NaN,0.38151,0.29556,0.55292,0.87668,1,NaN,NaN,0.6044,NaN,NaN,0.61061,0.5011,NaN,0.472,NaN,0.35636,0.24004,0.1612,0.08052,NaN,NaN,0.17692,0.13352,0.093822,0.10744,0.25635
0.081121,0.06258,0.066688,0.027817,0.074816,0.15963,0.22727,0.1237,0.17429,NaN,0.084929,NaN,NaN,NaN,0.07724,0.059027,NaN,NaN,0.28393,NaN,0.57409,0.70361,NaN,0.83864,0.9042,0.97819,1,0.87155,NaN,0.6395,NaN,NaN,0.45143,0.50684,0.50875,NaN,0.46206,0.32463,0.15539,0.19314,0.1861,0.12027,0.071124,0.063385,0.088427,NaN,0.04473,0.065588,NaN,0.05697,0.018925,NaN,NaN,NaN,0.099773,0.11282,0.039772,0.086956,0.23416,NaN
0.12094,NaN,NaN,0.13671,0.13416,0.18973,0.55655,NaN,NaN,0.83684,NaN,NaN,NaN,0.2672,0.1609,0.02646,0.14879,0.41756,NaN,NaN,NaN,0.86883,0.85175,0.91814,0.86977,0.78896,NaN,0.83646,0.57315,NaN,0.3273,0.47574,0.63194,NaN,0.55671,0.51492,0.51487,0.36415,0.35747,0.39444,NaN,0.18742,0.24247,0.29206,0.2242,0.16607,NaN,NaN,0.1792,NaN,0.085657,0.16405,NaN,NaN,0.2381,0.31282,NaN,NaN,NaN,NaN
0.086283,0.031719,0.056833,NaN,0.093583,NaN,0.15584,0.016759,NaN,0.11569,0.1639,0.18156,NaN,0.23564,NaN,0.18553,0.2119,0.28665,NaN,NaN,0.46174,NaN,0.60093,NaN,NaN,0.87036,0.91554,0.89347,0.75132,0.65229,NaN,0.51707,0.33456,0.22109,0.1165,0.20595,0.22349,0.23812,0.26291,0.21166,NaN,0.31465,0.33001,0.2185,0.20856,0.17636,0.16769,0.21444,NaN,NaN,0.13546,0.051355,0.05974,0.032164,NaN,NaN,NaN,NaN,NaN,0.13395
0.32743,0.18474,NaN,0.094627,0,0.21177,NaN,0.37177,0.22553,0.18518,0.34085,0.443,0.62775,NaN,0.44538,NaN,NaN,NaN,0.25468,NaN,0.4161,0.22094,NaN,0.89407,0.88914,0.72783,0.66782,NaN,1,0.8255,0.53896,0.46877,0.79702,0.71659,0.37762,0.14899,0.13634,NaN,NaN,0.50817,0.22976,0.4326,NaN,0.2328,0.050042,0.064866,0.058312,NaN,0.082282,0.10667,0.12052,0.084166,0.07013,0.28947,NaN,NaN,NaN,0.18764,NaN,0.11547
0.25885,0.17788,0.16064,0.045649,0.13416,0.040312,0.25027,0.20639,NaN,0.24796,0.27407,0.35346,0.33453,NaN,0.15287,0.17311,0.21117,NaN,NaN,0.64512,0.76454,NaN,NaN,NaN,NaN,NaN,1,NaN,NaN,0.60072,0.40316,0.3151,NaN,NaN,0.13961,0.048488,0.065275,0.13694,0.088973,NaN,0.003011,0.15543,0.30144,0.31796,0.27865,0.27222,0.28432,0.27583,0.27713,0.23515,0.16534,0.17689,0.057143,NaN,NaN,NaN,0.0625,0.032037,NaN,0.048499
NaN,0.10544,0.049934,0.10009,0.21177,NaN,NaN,0.25447,0.17266,NaN,0.26074,0.33705,0.36016,0.26091,0.18608,0.13464,0.18765,0.21216,NaN,NaN,0.34507,0.38207,0.49475,0.68374,NaN,NaN,0.91585,1,0.89752,0.62246,0.59782,0.44383,0.26462,0.22067,0.16805,0.084879,0.1616,0.14142,0.21938,0.24946,0.24991,0.38193,NaN,0.086962,0.16861,0.25137,0.34009,0.33363,0.15649,0.17333,0.13745,NaN,0.14805,0.099415,0.14966,0.0076925,NaN,0.073227,0,0.11316
0.33776,0.2156,0.26413,NaN,0.4352,NaN,0.80492,0.50871,0.55605,0.52138,NaN,NaN,0.30474,0.11736,0.15558,0.23082,NaN,0.58068,0.65748,0.78264,0.82283,0.7764,NaN,0.73046,0.39775,0.18449,0.30581,0.36064,0.44075,0.60381,0.75935,NaN,0.7589,0.81166,0.59579,0.58266,0.65974,0.71706,NaN,0.56634,0.42953,0.21184,0.21014,0.32556,NaN,0.22532,NaN,0.062594,0.22009,NaN,NaN,0.26391,0.29351,0.15789,0.081632,0.12821,NaN,0.18078,NaN,0.048499
0.13717,0.0085725,0.040407,0.000951,0.016738,0.013169,0.13745,0.034179,0.063675,0.14071,0.078265,0.10346,NaN,0.015159,NaN,NaN,NaN,NaN,0.30949,0.33786,0.34918,0.46468,0.6093,NaN,NaN,NaN,NaN,0.8309,0.96256,NaN,0.95411,NaN,0.96934,1,0.78439,0.52692,NaN,0.16325,NaN,NaN,0.39722,0.49438,NaN,0.38624,0.39067,0.27756,0.18888,NaN,0.17012,NaN,NaN,0.14265,0.16883,0.15497,0.054422,NaN,0.011364,NaN,0.15427,NaN
0.17847,NaN,0.12254,0.043034,NaN,0.32814,0.42614,NaN,NaN,0.064064,0.085354,0.091589,0.1939,0.12901,0.18237,0.2757,NaN,NaN,NaN,NaN,NaN,NaN,NaN,0.56644,0.5042,0.52803,0.37031,NaN,NaN,NaN,NaN,0.41317,0.30474,0.51722,0.67025,0.72913,0.62443,0.69221,0.89374,NaN,0.85594,0.87802,1,NaN,0.85428,0.61903,0.56067,0.55675,0.48258,0.2497,0.20518,NaN,NaN,NaN,0.28345,NaN,0.0625,0.44851,NaN,NaN
0.29277,NaN,0.16524,0.04137,NaN,0.27466,NaN,0.51863,0.38605,0.27814,0.17822,0.35683,0.42565,0.27132,0.35109,0.50041,0.44451,NaN,NaN,0.36633,0.51518,0.46693,NaN,NaN,NaN,NaN,NaN,NaN,NaN,NaN,0.81995,0.63233,0.17253,NaN,0.38969,0.2745,0.29915,NaN,NaN,NaN,0.63799,0.77839,0.75339,0.55218,0.69576,0.79224,0.78142,0.79066,NaN,0.93576,0.79482,0.52496,0.35844,NaN,0.27438,NaN,NaN,0.50801,NaN,NaN
0.30089,0.13502,0.22799,0.011888,0.25438,NaN,0.25108,0.2796,0.35347,0.36937,0.44279,0.59437,0.50353,NaN,0.29431,NaN,NaN,0.27792,0.20135,0.50985,NaN,NaN,0.55749,NaN,0.58852,NaN,0.99065,0.91632,0.79758,0.64983,0.56131,0.77825,NaN,NaN,NaN,0.17329,0.2939,0.45513,NaN,0.45065,0.54268,NaN,0.79697,NaN,0.81732,0.49273,NaN,NaN,NaN,0.43151,NaN,NaN,NaN,0.24269,NaN,NaN,0.15057,0.04119,0.1157,0.025404
NaN,NaN,0.35611,0.2437,NaN,0.58533,0.64881,NaN,0.81786,NaN,0.85694,1,NaN,0.52047,0.6468,0.68889,NaN,0.74556,0.88733,NaN,0.78647,NaN,0.39525,NaN,NaN,0.16434,0.48209,NaN,0.59781,0.8417,0.8752,NaN,NaN,0.26465,0.41004,NaN,NaN,0.66268,NaN,NaN,0.49647,0.30904,NaN,0.28627,0.30011,0.024136,NaN,NaN,0.065624,NaN,NaN,0.31954,0.41818,NaN,NaN,0.61538,0.8892,0.36842,0.25895,0.16628
0.31563,0.1886,0.072273,0.22587,NaN,0.67428,NaN,0.35568,0.25559,0.42471,0.49695,NaN,NaN,NaN,0.8387,NaN,1,0.88686,0.86882,0.77376,0.70025,0.75268,0.61556,0.30437,0.18811,NaN,0.29709,0.26379,NaN,0.11271,0.059183,0.10762,0.18219,0.096662,0.14872,0.096674,NaN,0.23302,0.19661,0.11579,0.086045,0.33883,NaN,0.032853,0.27964,NaN,0.078595,0.18778,0.25896,0.57333,NaN,0.37946,0.51948,0.38304,NaN,0.13077,NaN,NaN,NaN,NaN
0.52065,0.6721,0.36038,NaN,0.15192,0.45633,NaN,0.60397,0.19739,NaN,NaN,0.53986,0.45933,NaN,NaN,0.32017,0.20029,0.18722,0.14296,0.48277,0.50906,0.62151,0.83438,0.66766,NaN,0.57495,NaN,0.83275,NaN,0.47278,0.54202,NaN,0.11099,0.50217,0.69142,0.70857,NaN,0.46657,NaN,0.47015,NaN,0.73492,NaN,0.17508,0.60677,0.60916,0.39714,0.26954,NaN,0.76121,0.23307,0.42939,NaN,0.21053,0.62358,NaN,0.25284,0.32952,0.42975,0.28406
0.13422,0.16631,0.12122,0.0042795,0.046665,0.14163,0.19318,0.11533,0.18984,0.22623,0.20488,0.32737,0.42565,NaN,0.27365,NaN,NaN,0.15678,0.30465,0.34996,0.39734,0.53154,NaN,0.7155,0.78002,0.77795,NaN,0.95698,0.89752,NaN,NaN,0.57021,0.48105,0.45193,0.22277,NaN,0.15537,NaN,0.31151,0.42527,0.30678,NaN,NaN,0.032853,0.042366,0.094761,NaN,NaN,NaN,0.069091,NaN,NaN,0.23896,0.093568,0.11791,0.17436,0.10795,0.09611,NaN,NaN
0.036873,0.049721,NaN,0.011888,NaN,0.048911,0.13366,0.11466,NaN,NaN,0.091876,NaN,0.10595,NaN,0.14605,NaN,NaN,NaN,0.063223,0.067423,0.17222,NaN,NaN,NaN,0.81219,NaN,0.81931,0.56937,0.45891,NaN,0.24469,0.11301,0.14554,0.20816,0.21857,NaN,NaN,0.024748,NaN,NaN,0.30388,NaN,0.29419,0.19067,0.15667,0.16155,NaN,0.09973,NaN,0.12121,0.022908,0.087018,NaN,0.049708,0.10431,0.082051,0.065341,0.075515,NaN,0.066974
NaN,0.12345,NaN,0.11436,0.18438,0.18866,0.29843,0.25865,0.17178,0.10425,0.0096415,0.066383,0.21894,0.30772,0.45852,0.61704,NaN,0.7759,0.78834,NaN,1,0.98098,0.95973,0.95912,0.90963,0.89933,NaN,0.57565,NaN,0.38585,0.45243,0.33768,0.24908,0.27928,0.15536,0.047278,0.091953,0.08017,0.051023,NaN,0.10469,NaN,0.048882,0.16336,0.15994,0.069254,0.17186,NaN,0.13074,0.20606,0.032869,0.20257,NaN,0.064327,0.06576,0.42308,0.38068,0.02746,NaN,0.10393
0.13053,NaN,0.11925,NaN,0.33502,NaN,NaN,0.036163,0.14245,NaN,NaN,0.20003,0.48021,0.43374,0.37496,0.56981,0.62968,0.66649,0.70093,0.51477,0.51507,0.62805,0.77207,NaN,0.56762,0.43408,0.3887,0.22365,NaN,0,NaN,0.45933,0.57744,NaN,0.23238,NaN,0.92948,0.83456,0.33723,NaN,0.66427,0.77192,0.35032,0.18281,0.17913,0.17663,0.14306,0.24828,0.26249,0.26182,NaN,0.46077,0.32727,0.32164,0.23129,0.051282,0.11932,NaN,0.30578,0.15935
0.51622,0.36134,0.18791,0.038041,0.20162,NaN,0.50947,0.40595,0.42722,NaN,0.64909,0.73461,0.83129,0.67877,NaN,NaN,NaN,0.86608,0.88996,0.99165,0.8925,0.81168,NaN,NaN,0.5792,0.50303,0.54228,0.52717,0.47068,NaN,0.35052,0.24377,0.10511,0.16227,0.10289,0.15202,0.15876,NaN,0.13662,0.27375,NaN,0.14444,0.11238,0.26952,0.21311,NaN,0.1628,0.27763,0.33216,NaN,0.21514,0.20685,NaN,0.25146,0.43084,NaN,0.17898,0.21968,NaN,0.27252
0.14307,0.11659,0.032851,0.092012,0.091301,0.17845,0.38555,0.3032,0.26936,0.24882,0.20686,0.19344,NaN,0.11395,NaN,0.37299,0.45954,0.51792,0.59941,0.77654,0.92243,NaN,0.90251,0.73722,NaN,0.24794,NaN,0.032318,NaN,0.31991,0.30638,0.5,0.36323,0.17308,0.012172,0.24284,0.38115,0.32557,NaN,0.17898,0.14349,NaN,NaN,0.10474,NaN,NaN,0.089641,0.10991,0.058051,0.14303,0.13247,0.12554,NaN,0.11403,0.07483,NaN,0.21307,NaN,0.055096,0.011547
NaN,0.18774,0.15145,NaN,0.39259,NaN,0.15233,0.22404,0.45906,NaN,0.42308,0.41017,NaN,0.23863,0.16561,0.11663,0.25427,NaN,NaN,0.75203,0.6796,0.42675,0.19805,NaN,NaN,NaN,1,0.92157,0.84974,NaN,0.57657,0.53763,NaN,NaN,0.49412,0.35262,0.37809,0.35666,0.31499,0.28911,0.38078,0.46129,NaN,0.27003,NaN,0.10944,NaN,0.15753,NaN,0.14182,0.12151,NaN,0.28312,0.25731,0.047619,0.053846,0.065341,0.10755,0.19835,0.036952
NaN,0.26104,0.20861,0.20518,NaN,NaN,0.57982,0.43616,0.20495,NaN,0.31008,0.49956,0.37325,0.26328,NaN,NaN,0.54803,0.43429,0.40543,0.61826,0.36046,0.18096,0.31546,0.91446,NaN,NaN,NaN,NaN,0.79992,0.38212,NaN,NaN,NaN,0.91966,NaN,0.71099,NaN,0.4178,0.27809,0.33181,0.28361,0.34701,0.06802,0.24053,NaN,NaN,0.22673,0.22402,0.22817,0.077576,0.15339,0.032811,0.38442,0.17836,0.46712,0.18462,NaN,0.10526,0.54821,0.15473
0,NaN,0.090013,0.032573,NaN,0.19215,0.26299,NaN,NaN,NaN,0.25932,0.34276,0.31237,0.10942,0.006119,0.18207,NaN,NaN,0.51799,0.59974,0.72808,0.8218,0.8526,NaN,NaN,0.99394,1,NaN,0.87287,NaN,0.1855,0.28544,NaN,0.50874,0.77938,0.93558,0.85764,NaN,NaN,NaN,NaN,0.26679,0.40618,NaN,0.42451,0.30527,0.15375,NaN,NaN,0.14788,NaN,0.14265,0.18182,0.23099,0.068027,0.064103,0.028409,0.016018,NaN,NaN
0.21608,NaN,0.061433,0.19758,NaN,0.44289,0.23999,0.28622,0.22479,0.38353,0.43201,0.39625,0.20498,0.31577,NaN,0.72593,NaN,NaN,NaN,NaN,1,NaN,0.62605,0.58744,NaN,0.75273,NaN,0.40253,0.28876,NaN,0.21319,0.58639,0.53324,0.71553,NaN,NaN,NaN,NaN,0.46036,0.68551,0.46497,0.3812,0.30738,0.36176,0.19534,0.15579,0.18725,NaN,0.21302,NaN,0.069721,0.22682,0.31688,0.37427,0.19048,0.12051,0.073864,0.27231,0.15152,NaN
0.20501,NaN,0.0795,0.000951,0.015977,0.13706,NaN,0.23197,NaN,0.091234,0.033886,0.14259,NaN,0.18212,0.27044,NaN,0.24112,NaN,0.29466,NaN,NaN,NaN,0.66366,NaN,0.84672,0.88303,0.99244,0.91087,NaN,0.60776,0.61515,NaN,0.24362,NaN,0.14749,0.2501,0.26066,NaN,0.24805,0.19205,0.13804,NaN,0.27428,0.23203,NaN,NaN,0.19757,NaN,NaN,0.11273,0.075697,0.081313,0.17403,NaN,0.10204,0.25128,0.10795,0.11899,0.13499,0.18707
0.30605,NaN,0.26873,0.17951,0.024854,NaN,0.14502,0.44146,NaN,1,1,NaN,NaN,0.17304,0.27445,0.36383,0.2236,0.22151,NaN,0.45109,0.63396,0.84194,0.97234,NaN,0.6583,0.48486,NaN,0.32524,NaN,0.38021,NaN,0.085149,0.40523,NaN,0.60847,0.43276,0.41187,0.33877,0.44286,0.46296,0.30156,0.51966,0.53731,NaN,0.2114,0.018925,0.21079,0.61456,0.53963,0.24121,0.20717,0.23966,0.4987,NaN,0.30612,0.11538,0.068182,NaN,NaN,0.034642
0.05236,NaN,0.074573,0.092012,0.15217,0.17979,NaN,0.18765,0.17089,0.1533,0.068907,0.12676,0.12351,0.059812,0.042632,0.11622,0.24257,NaN,0.334,0.45933,0.6074,0.81208,0.91915,0.86784,NaN,0.86298,1,0.98538,0.94186,0.79908,NaN,0.71961,0.64202,NaN,0.72282,0.66532,NaN,NaN,NaN,NaN,0.15704,0.11685,0.099056,0.10886,0.036963,NaN,0.037124,NaN,0.050984,0.11515,0.046812,NaN,0.12727,NaN,NaN,0.064103,NaN,0.10755,0.063361,0.055428
NaN,0.30047,0.11071,0.38088,NaN,0.033324,0.19968,0.57839,0.82763,0.92893,NaN,0.34393,NaN,0.42013,0.44979,0.44952,0.31261,0.37662,0.50821,NaN,0.99357,0.35477,0.047579,NaN,0.21291,0.33704,NaN,NaN,0.68527,0.8206,0.41896,0.37486,0.55434,0.82999,0.79165,0.71512,NaN,0.80742,0.76218,NaN,0.4857,NaN,0.57908,0.47952,0.66719,NaN,NaN,0.43935,NaN,NaN,0.19223,NaN,1,0.83041,0.38322,0.62821,0.39205,0.16018,0.066115,NaN
0.29425,0.18431,0.14192,NaN,0.089272,0.29911,0.53274,0.32216,NaN,0.26627,NaN,0.4087,0.54038,0.49263,NaN,0.65622,0.73236,0.79283,NaN,NaN,NaN,NaN,0.77239,0.84418,0.73709,0.60712,0.52873,0.33296,0.30682,NaN,NaN,NaN,NaN,NaN,0.41516,0.44939,NaN,0.34917,0.36559,NaN,0.46555,NaN,0.36907,0.36176,0.34049,NaN,0.14578,0.16202,0.089349,0.078788,0.22112,0.052781,0.34026,0.30117,NaN,0.41282,0.39205,0.16934,0.67493,0.44342
0.43068,0.2006,NaN,0.078221,0.24322,0.18033,0.22186,0.086439,0.1509,0.034034,0.18333,0.26187,NaN,0.26359,0.37998,0.45827,NaN,0.85943,0.93278,NaN,NaN,0.91432,0.92699,0.85698,0.72613,0.53332,0.3867,0.39409,0.40605,NaN,0.26747,NaN,0.28058,0.41547,NaN,NaN,0.45714,NaN,NaN,0.361,0.3282,0.40464,0.32238,0.34141,NaN,0.12781,NaN,NaN,NaN,0.16606,0.027888,NaN,0,0.6345,0.46032,NaN,0.32386,0.254,0.30578,0.21709
0.13791,0.042006,0.10184,0.043034,NaN,0.3835,NaN,0.12194,0.18392,0.17975,0.078548,NaN,NaN,NaN,0.55703,0.79493,0.8281,0.79813,NaN,0.86826,0.93813,NaN,NaN,1,0.97182,0.92389,NaN,0.72386,NaN,0.28028,0.40098,0.47259,0.3732,NaN,0.2287,0.12782,NaN,0.19466,0.12935,NaN,0.056167,0.062638,0.11057,0.16259,NaN,0.078168,0.077146,0.12728,NaN,NaN,0.18725,0.16976,0.1974,0.16667,0.0839,0.15641,0.13068,0.11671,0.19835,0.11085
NaN,NaN,0.11564,NaN,0.0022825,0.11905,0.2914,NaN,0.24182,0.30859,0.40862,0.38775,0.35598,0.20976,0.18638,0.16578,0.20195,0.34701,0.60267,0.70676,0.78225,0.80012,0.79517,0.91528,NaN,0.95176,1,0.98127,0.86648,0.61447,0.38311,NaN,0.24761,NaN,0.21459,0.11895,0.037394,NaN,0.11259,NaN,0.009033,NaN,NaN,0.22443,0.22107,0.22641,0.21387,NaN,0.16204,0.067879,0.2012,0.18973,0.25455,0.26316,NaN,0.05641,0.096591,0.093822,0.15427,NaN
0.21755,NaN,0.13732,0.031622,0.22749,0.46359,0.29031,0.36318,NaN,0.61762,0.69942,0.78766,0.74781,0.3893,0.22209,NaN,0.20184,0.24364,0.496,NaN,NaN,0.87527,0.74568,NaN,0.7082,0.70129,0.86196,0.94947,0.83239,NaN,NaN,NaN,0.39515,0.31203,0.10883,NaN,0.18708,NaN,0.50622,0.55022,NaN,NaN,0.44161,0.57897,0.65738,NaN,NaN,0.36897,0.39526,NaN,0.24801,NaN,0.14026,0.12573,0.16553,NaN,0.034091,0.12128,0.18182,0.11085
0.18068,NaN,0.039751,NaN,0.037282,NaN,0.16829,0.29658,0.26181,NaN,0.34468,NaN,NaN,0.006497,0.1275,0.15734,NaN,0.29091,0.33873,0.41695,0.5468,0.73387,0.79464,0.88085,0.9418,1,0.93434,0.75329,0.7081,0.82508,0.7782,0.46765,0.13,0.14171,0.14503,0.18034,0.25191,NaN,NaN,0.070915,0.056399,0.24664,NaN,0.23989,NaN,0.20159,0.17946,0.012279,0.077738,0.14061,NaN,0.19686,0.32208,0.10819,0.07483,0.14615,0.10511,0.075515,0.16529,0.25173
NaN,0.25418,0.21058,0.040656,0.19579,NaN,0.3033,0.22999,NaN,0.23652,0.24188,NaN,NaN,NaN,0.41509,0.49603,NaN,NaN,0.92983,0.93568,0.92359,NaN,0.82282,NaN,0.69334,NaN,NaN,0.42919,NaN,0.24268,NaN,0.14682,0.32563,NaN,0.27043,0.23397,0.35731,NaN,NaN,0.50654,NaN,NaN,NaN,NaN,0.14458,NaN,0.11862,0.081162,0.12317,0.21697,0.10857,NaN,0.42857,0.43275,NaN,NaN,0.14489,NaN,0.12121,NaN
0.22714,0.04072,0.09297,NaN,0.17575,NaN,0.25893,NaN,0.14142,0.29186,0.39643,0.46732,0.40392,0.11643,0.12077,NaN,NaN,0.2134,0.17105,0.18611,NaN,0.58583,0.82007,0.90216,0.98852,0.99031,0.94201,1,NaN,0.7243,0.78572,0.7541,0.50688,NaN,0.072108,0.12268,0.088344,NaN,0.14727,NaN,0.1392,0.093773,0.14858,NaN,0.13563,0.010971,NaN,0.37586,0.3266,NaN,0.050797,0.075607,0.22857,NaN,NaN,0.15128,0.088068,0.066362,NaN,NaN
0.20944,0.29233,NaN,0.22896,NaN,0.14163,0.026245,0.16714,0.24967,0.12655,0.033178,0.09789,0.35569,0.29143,0.34998,NaN,0.37437,NaN,0.19577,NaN,0.27403,NaN,NaN,0.43981,0.43279,NaN,0.43492,0.69,0.75913,0.68307,0.75204,0.79106,NaN,0.53153,0.38294,0.29859,NaN,0.21056,0.14853,0.16133,0.61343,0.77985,NaN,NaN,0.81888,0.72586,0.59526,0.38425,0.35235,0.40485,0.34064,NaN,0.70649,0.47368,0.18367,0.10769,0.56818,0.29062,0.31405,NaN
NaN,NaN,0.41163,NaN,0.3472,NaN,0.21618,0.13605,0.19206,0.32018,0.41387,0.58924,NaN,0.4786,0.59374,NaN,NaN,NaN,0.86566,0.75235,0.71817,0.5115,0.26852,NaN,0.20799,0.079193,0.13289,0.15963,0.19318,0.11303,0.24905,0.3033,NaN,0.44822,NaN,0.2756,0.14542,0.23396,NaN,0.19782,0.066474,0.047252,0.10087,0.093017,NaN,0.075836,0.19576,0.34112,NaN,0.32121,NaN,0.46077,NaN,NaN,0.34467,0.30256,0.099432,0.22426,0.62534,NaN
0.15487,0.005572,0.019711,0.0092725,0.095866,0.21607,0.2316,0.1323,NaN,0.19148,0.16348,0.10434,0.062473,0.14107,0.06791,0.069408,0.2322,0.23938,NaN,0.43044,NaN,0.71833,0.86998,0.91948,0.92643,0.99361,1,NaN,0.85237,0.71162,0.6558,0.6366,0.5367,0.60996,0.619,0.54224,0.48491,NaN,0.1809,0.1671,NaN,0.072771,0.098021,0.062613,0.050185,NaN,NaN,NaN,0.060071,0.088485,0.050797,NaN,0.32208,0.26316,0.086168,NaN,NaN,NaN,NaN,0.048499
0.23156,0.090013,0.12188,0.13528,0.27669,0.37087,0.54681,0.34179,0.36384,NaN,0.39232,0.42863,0.30661,0.18501,NaN,0.26929,0.42213,NaN,0.64244,0.55522,0.42443,0.46723,0.53862,0.51655,0.70441,1,0.9542,NaN,0.50406,0.36082,0,0.16266,0.17946,0.12973,0.1569,0.13589,NaN,0.28138,0.34546,0.47102,0.40521,0.33663,0.16009,0.12278,0.17074,NaN,0.11192,0.042228,0.054518,0.1503,0.10359,0.12411,0.37922,0.14327,NaN,NaN,NaN,0.089245,0.14325,NaN
