0.290251030435694,0.20694040438062,0.102847536472187,0.170266836086404,NaN,0.162813102119461,0.163987138263666,0.162786964199711,0.321800255614388,0.292522596548891,0.410631741140216,0.270963364993216,0.191515429971667,0.410643214790089,0.060572301620142,0.40087783467447,0.656692667197099,0.666111567054174,0.460354119805393,0.346660093332343,0.296792783206131,0.383890329475507
0.218068136832545,0.0784102391377568,0.176920331157092,0.384371029224905,0.407114624505929,0.365125240847784,NaN,0.365066623856157,0.340971334672266,0.276910435497124,0.401964560862866,0.279511533242877,0.244199402710774,0.401912954166132,0.326511124550403,0.284158335365358,NaN,0.46457056803423,0.507293227767439,0.440935664615876,0.453018148752507,0.447024613319857
0.147765642828866,0.0291864417159129,0.18099070779647,0.0574968233799238,0.0909090909090909,0.0496146435452794,0.0594855305466238,NaN,0.0472886616761001,0.0394412489728841,0.0564329738058552,0.0454545454545455,0.03285090742017,0.05655411477725,0.0131457491167202,0.73583678777534,0.288587221552052,0.766587252894353,0.365485477819103,0.418433250266197,0.190960946105376,0.27988849031125
0.645594159700068,0.219167763862947,0.728954368026529,0.0231893265565438,0.0118577075098814,0.0317919075144509,0.0246516613076099,0.0317868036602986,0.00556874201205039,0.00328677074774034,0.00943759630200308,0.00963364993215739,0.00329274829619419,0.00956477083065862,NaN,0.914370478745022,0.410351835475674,NaN,NaN,NaN,0.302428345436654,NaN
NaN,0.204494932484154,0.619129043029696,0.0470139771283354,0.0513833992094862,0.0481695568400771,0.0482315112540193,0.0481618237277252,0.0647252145335037,0.0542317173377157,0.0720338983050847,0.0587516960651289,0.0495443755264568,0.0721530363332906,0.00636598020180157,0.726204990652687,0.327179692986857,0.733217532648622,0.354068638804199,0.586688097537476,0.426740805065066,0.240565998657907
0.381593041939315,0.144350204639865,0.0728407429157023,0.0991105463786531,0.0909090909090909,0.0789980732177264,0.0937834941050375,0.0789853909134693,NaN,NaN,0.301617873651772,0.274219810040706,0.291446511984072,0.301579150083451,0.05678454340007,0.4491587417703,0.86902359180645,0.496677370262065,0.502268596388362,0.520797174366697,0.504588792580347,0.445761223458457
0.166913117388166,0.0863896628800637,0.198320034082927,0.0587674714104193,NaN,0.0520231213872832,0.067524115755627,0.0520147696259432,0.0641774694175644,0.0493015612161052,0.0820493066255778,0.0667571234735414,NaN,0.0821029657208884,0.0167106980297291,0.691050963179712,0.305454511515909,0.725879062651889,0.352999745251858,0.502058669259982,0.200037991554664,NaN
0.663280394942132,0.223438153852435,0.757671537301231,0.00381194409148665,0.00790513833992095,0.0120423892100193,0.00803858520900321,0.0118799165195055,NaN,0,0.00269645608628659,0.00488466757123474,0,0.00276030299139813,0.000222809307063055,0.985247500609608,0.261245832176415,NaN,NaN,NaN,0.0539720303861258,0.0240292609376424
0.608277251240016,0.249617767435214,0.594821928218591,0.933608640406607,0.604743083003953,0.834296724470135,NaN,0.834323326376626,1,1,1,1,1,1,0.689053697043002,0,0.86167142267156,0.773041281881708,1,NaN,0.73666870118708,1
0.370386326060126,0.124906865897098,0.470655290338181,0.0797331639135959,0.0909090909090909,0.0751445086705202,0.0723472668810289,0.0751324450152513,0.63949242285923,0.564502875924404,NaN,0.595929443690638,0.380657018148403,NaN,0.0507050323073495,0.456108266276518,0.570410260837508,0.55806634104364,0.280871488150415,0.452213885493417,0.40998359334267,0.185533978973879
NaN,0.29188483011319,0.888384169861941,0.110864040660737,0.0513833992094862,NaN,0.102357984994641,0.119601862257184,0.0971334672265839,0.104354971240756,0.13886748844376,0.0842605156037992,0.0478597136074738,0.138978045962254,0.0286469109081071,0.511216776396001,0.268950326776035,0.286387576392596,0.143787698069392,0.150880534150948,0.375086526433047,0.116691658313105
NaN,0.212015064760097,0.0722880467949382,0.182337992376112,0.130434782608696,NaN,0.193461950696677,0.153636217691443,0.519079788205222,0.451109285127362,0.615369799691834,0.503663500678426,0.336549506087756,0.615290794710489,NaN,0.134235552304316,0.925939320688505,0.632984868887596,0.624847110434676,0.862092796571061,0.842709180432303,0.533136023594323
0.786088535966281,0.330132582136624,0.127592202378896,NaN,0.0513833992094862,0.0486512524084778,0.0514469453376206,0.0484829025525767,0.144422128902684,0.115036976170912,0.177966101694915,0.123202170963365,0.0911248947086301,0.178007446398768,0.0454530986408632,NaN,0.723968164710988,0,0.453479355185264,0.76305606018653,NaN,0.39003951717796
0.523670912605081,0.695426477642712,0.0954955266157726,0.0933926302414231,0.0909090909090909,0.0428709055876686,0.0546623794212219,0.0430245625301011,0.0296695271133832,0.0361544782251438,0.0312018489984592,0.0236092265943012,0.0330806340454859,NaN,0.0251774516981252,0.673778753149639,0.498976856183545,NaN,0.551775977846856,0.870701163165016,NaN,0.429620900196343
0.660416133013529,0.327754472988559,0.0734164680414982,0.167090216010165,0.0909090909090909,0.165703275529865,0.162915326902465,NaN,0.147891181303633,NaN,0.192411402157165,0.137313432835821,0.0795619879010644,0.192515085376813,0.139287646815418,0.444078679996749,0.587774539701947,0.436160888584336,0.186316896925358,0.345811412839163,0.397291566942543,NaN
0.699683301120089,0.241219878134664,0.76884636199293,0.140088945362135,0.0909090909090909,0.144508670520231,0.132368703108253,0.144646010595601,0.073671718093847,0.057518488085456,0.0957241910631741,0.0662143826322931,0.0450264185619113,0.0957119013994094,0.024349874271891,0.567585141835325,0.190225418298991,0.55052070468435,NaN,0.400937375483714,0.480032190502289,NaN
0.289989055259297,0.194112904048909,0.0900318951719691,0.119440914866582,0.130434782608696,0.108863198458574,0.12593783494105,0.109006261037085,0.167701296330108,0.132292522596549,0.198189522342065,0.167571234735414,0.117926334328815,0.198164077545256,0.0550338988445746,0.395716491912542,0.855471894461024,0.653223428922018,0.438375267336388,0.182097118763493,0.177061108570432,0.351131251708683
0.0811540879770859,0.0830501035957419,0.117597614195079,0.234752223634053,0.328063241106719,0.204720616570328,0.197749196141479,0.204848290255258,0.169800985941209,0.153656532456861,0.216486902927581,0.133378561736771,0.103683283559231,NaN,0.121494732151383,0.406648784849224,0.967863717710305,0.399512362254289,0.910440750445719,0.879007876745479,0.505872675797689,0.668341521204238
0.668624688540624,0.223278932810762,0.752380623395166,0.00317662007623888,0.00790513833992095,0.01252408477842,0.007502679528403,0.0126826135816343,0.000365163410626256,0,0.00250385208012326,0.00542740841248304,0.000536028792403704,0.00250353062010529,NaN,1,0.194824315590285,0.667780849860163,0,0.353980806764231,0,NaN
0.187568404629392,0.0592322687977791,0.278138565523277,0.254129606099111,0.288537549407115,0.190269749518304,0.352625937834941,0.190078664312089,0.342066824904145,0.304847986852917,NaN,0.401085481682497,0.193276667432422,0.360829374759276,0.0368271954674221,0.525766073315452,0.370977714831035,0.999127510896154,0.672961241941488,0.65921763814695,0.339999056884123,NaN
NaN,0.770695163150535,0.131121397400025,0.131194409148666,0.1699604743083,0.0833333333333333,0.118971061093248,0.0833199550489645,0.0962205587000183,0.111750205423172,0.0758859784283513,0.0742198100407055,0.0777241748985374,0.0760046219026833,0.072731323805583,0.662521336259449,0.539421952909718,0.43763097296479,0.321618354016026,0.616045238947456,0.561844823628434,0.223452243863239
0.230520690217265,0.0747257009298101,0.26884636199293,0.138818297331639,0.1699604743083,0.121868978805395,0.121114683815648,0.121688874618719,0.208234434909622,0.208709942481512,0.174306625577812,0.146540027137042,0.182709242667892,0.174284247015021,0.0826940828214024,0.455579939852069,0.929520907366402,0.404703473223748,0.445949911344392,0.513084762245649,0.302387417766524,0.356439560257483
0.119192883589875,0.0663645549465691,0.215309682545166,0.188373570520966,0.24901185770751,0.135356454720617,0.211146838156484,0.135174185262482,0.161128354938835,0.139687756778965,NaN,0.140976933514247,0.103223830308599,0.198099884452433,0.0309068338797466,0.511541900349508,0.652009771781763,0.97507629299698,0.599428525246915,0.448616560750441,NaN,0.563681062407317
0.554147358125888,0.234073302918032,0.55191313459302,0.412325285895807,0.288537549407115,0.376204238921002,0.389603429796356,0.375983303901108,0.465218185137849,0.437962202136401,0.464175654853621,NaN,0.431886055593843,0.464180254204648,0.190724766845975,0.240835568560514,0.516714460043726,0.775646797287714,0.666861388986672,0.786688547765854,0.764758873741696,NaN
0.165038539459283,0.0591281627320698,0.265288380715511,0.280177890724269,NaN,NaN,0.369239013933548,0.229410820356398,0.390633558517437,NaN,NaN,0.446132971506106,0.219848380427291,0.443317499037104,0.0395963968552058,0.496220434040478,0.40441596804338,1,0.636744698427197,0.686370911644932,0.40881937907386,0.596682462491819
0.402358940921687,0.124768057809486,0.484351791080866,0.0638500635324015,NaN,0.0640655105973025,0.0562700964630225,0.0638946861454487,0.211612196457915,0.162695152013147,0.2615562403698,0.18168249660787,0.141817903361666,0.26158685325459,0.0303338956615845,0.538567828984801,NaN,0.523397847063417,0.310598914870548,0.392270479200575,NaN,0.249316526796292
0.860832964627529,NaN,0.21106658836805,0.0346251588310038,0.0118577075098814,0.0414258188824663,0.0326902465166131,0.0414191684058436,0.136388533868906,0.108463434675431,0.183936825885978,0.116146540027137,0.0690711386783061,0.184041597124149,0.0176655950599994,0.635495407624157,0.497824215259193,0.214935101152961,0.207721526471116,0.373680549458713,0.361191137557899,0.155568856818577
0.128775353375405,0.0519836288108434,0.230739115916497,0.103557814485388,NaN,0.0847784200385356,0.119506966773848,0.0846042703483705,0.289757166331934,0.241577649958915,0.341679506933744,0.274355495251018,0.198866681981775,0.341764026190782,0.0784288760861954,0.376574819149801,0.925978986469302,0.52749735066094,NaN,0.71084307514987,0.537623205633071,0.380632440537831
0.283142770649465,0.131585984465742,0.0030398286642026,0.239834815756036,0.24901185770751,0.211464354527938,0.19882100750268,0.211269866752288,0.196914369180208,0.183237469186524,NaN,0.161329715061058,0.144268320698369,0.227885479522403,0.0825667632173664,NaN,0.563634412164795,0.616658565930695,0.477387893189474,0.448846177223397,0.38626422903836,0.376341057270912
0.313403814358568,0.235381773273319,0.101805473994496,0.0638500635324015,NaN,0.0428709055876686,0.0594855305466238,0.0428640231176754,0.0501186781084535,0.0336894001643385,0.061055469953775,0.0431478968792402,NaN,0.0611118243676981,0.0246363433809721,0.680078029748842,NaN,0.334505948064986,0.474578069999872,0.45903259428345,0.348000416394557,0.393618431408286
0.161941410707217,0.0603937658838299,0.255270763526662,0.0676620076238882,0.0909090909090909,0.0544315992292871,0.07502679528403,0.0542623213999037,NaN,0.149548069022186,0.203967642526965,0.168521031207598,NaN,0.204069842084992,0.0560842855778719,0.421035519791921,0.859209810980888,0.485115893643977,0.379433164592069,0.510549976475567,0.454812738114516,0.290882053236349
NaN,0.0217030527572798,NaN,0.133735705209657,0.209486166007905,0.107418111753372,0.121650589496249,NaN,0.363155011867811,0.292522596548891,0.429121725731895,0.344911804613297,0.224519488475381,0.429195018615997,0.0944074863927173,0.3502804194099,0.889549466728576,0.676406141685856,0.481592051134768,0.707108430751499,0.423446127619593,0.411204404052789
0.321356216379852,NaN,0.00191716466890047,NaN,0.288537549407115,0.278901734104046,0.20096463022508,0.278856959383529,0.404418477268578,0.322925225965489,NaN,0.251289009497965,0.204686423156444,0.51938631403261,0.153324633160391,0.483499959359506,0.598876291762817,0.626128459080659,0.378819707923752,0.327631190921595,0.309274832863851,0.292114376133944
0.686922199194281,0.253549302387295,0.152820477391274,0.103875476493011,0.0513833992094862,0.11271676300578,0.082529474812433,0.112538128110451,0.105075771407705,0.101889893179951,0.12557781201849,0.0968792401628223,0.0677693544681828,0.125561689562203,0.0312887926918547,NaN,0.174851428318101,0.561098141080293,0.223337822613933,NaN,0.673894997393085,0.147000588201181
0,0.020606877124223,0.107061844393013,0.10705209656925,0.209486166007905,0.0895953757225434,0.127545551982851,0.0897415315459945,0.108544823808654,0.0920295809367297,0.120184899845917,0.104748982360923,0.0898231104985068,0.120233662857877,0.0350447210109177,0.515199544826465,0.827304523532308,0.804259659131654,0.490912506398084,0.866077317719413,0.437759690515635,0.424998135982172
0.217194886244557,0.0794533410902559,0.292871371492395,1,1,1,0.766345123258307,1,0.750775972247581,0.66228430566968,0.944337442218798,0.572727272727273,0.419404242285014,NaN,1,0.0173128505242624,0.967679388493657,0.328932376118499,0.771013602899898,0.57225602686963,0.697450206150895,0.67606269727522
0.238705959062012,0.0770017453075722,NaN,0.102287166454892,NaN,0.0467244701348748,0.0487674169346195,NaN,0.140953076501735,NaN,0.181240369799692,0.0880597014925373,0.0940347652959645,0.181281294132751,0.0133367285227743,0.690400715272698,0.382221797046533,0.842338430157048,0.203974432615862,0.593382993523465,0.35608496584319,0.213227070509581
0.382309107421466,NaN,0.363541630683846,NaN,0.0118577075098814,0.00385356454720617,0.00428724544480171,0.00401348531064376,0.00693810480189885,NaN,0.00269645608628659,0.0016282225237449,0.0116394823493376,0.00269610989857492,0.0056657223796034,0.811509387954158,0.0165289641864665,0.466925093424061,0.154296736927614,NaN,0.285688483487465,0.100768803797626
0.157458724355541,0.0427937168927401,0.248471449791012,0.0520965692503177,0.0909090909090909,0.0443159922928709,0.0573419078242229,0.0443088778295071,0.0501186781084535,0.0427280197206245,NaN,0.0492537313432836,0.0317022742935906,0.0688149955064835,0.0106948467390266,0.713809639925222,0.348641213679561,0.744894544353521,0.361276799857095,0.431462859535499,0.245374728409319,NaN
0.432171715995622,0.196374659358829,0.0699736317892385,0.106099110546379,0.0909090909090909,0.102119460500963,0.0862808145766345,0.102263605715203,NaN,0.0682004930156122,0.0651001540832049,0.066078697421981,0.0827015851137147,0.0652201823083836,0.0351720406149537,0.700520198325612,0.399492744662036,NaN,0.24033019264492,0.45831448001999,0.237858272816731,0.187857787866487
0.178859185431851,0.0470886024271002,0.122738839568436,0.0565438373570521,0.0909090909090909,0.0486512524084778,0.0418006430868167,0.0488039813774282,0.0225488406061713,0.0172555464256368,NaN,0.0177747625508819,0.0150088061873038,0.0342791115675953,0.0266734570455486,0.607494107128343,0.500260160856408,0.585746954256073,0.45721758980776,0.55971266424894,0.486253196362064,0.388689139817906
NaN,0.153395184584137,0.181393715384527,0.0463786531130877,0.0909090909090909,0.0317919075144509,0.0535905680600214,0.0319473430727244,0.0556874201205039,0.0419063270336894,0.0408320493066256,0.0569877883310719,0.0744314266023432,NaN,0.0213896934780533,0.640412907420954,NaN,NaN,0.428931506017137,0.2873425044854,0.282654942372061,0.351692528188092
0.583837878117505,0.233028159670127,0.578638294932467,0.492693773824651,0.328063241106719,0.447013487475915,0.5010718113612,0.446781184780864,0.562716815775059,NaN,0.581471494607088,0.544097693351425,0.467493682517804,0.581461034792656,0.254766527676099,0.156750386084695,0.691351226489275,0.755973960781814,0.829451814181028,NaN,0.823704060914609,0.774824575211048
0.902976038003865,0.303677393674026,0.961224912777644,0.0133418043202033,0.00790513833992095,0.0197495183044316,NaN,0.0197463477283673,0.0424502464853022,0.0336894001643385,0.0620184899845917,0.0445047489823609,0.0240447201163948,0.062010527667223,0.0123818314925041,0.687921645127205,0.424017863601046,0.243034031059019,0.164006998432277,0.192098942188425,0.403684291070472,NaN
0.168205528258389,0.0444594139440889,0.237083606802768,0.0790978398983481,0.130434782608696,NaN,0.0953912111468382,0.0568309519987157,0.0871827642870184,0.0706655710764174,0.0787750385208012,0.0886024423337856,0.0941879163795084,0.0788291179869046,0.028328611898017,0.594895553929936,0.80952025404766,0.379604471606256,0.424142819510489,NaN,0.268672804630877,0.354546546596303
0.142881261206716,0.0952897108505057,0.238954713461605,0.105463786531131,0.130434782608696,0.0973025048169557,0.105573419078242,NaN,0.277980646339237,0.217748562037798,0.377118644067797,0.225373134328358,0.152002450417337,0.377070227243549,0.0267371168475666,0.606721937738763,0.543579860049792,0.859322087918217,0.395775917821034,0.753896163829102,0.260084666893252,0.309383465747637
0.154355773932888,0.345323902548557,0.22570727831704,0.222045743329098,0.288537549407115,0.146917148362235,0.229367631296892,0.147054101781987,0.207321526383056,0.217748562037798,0.260015408320493,0.190502035278155,0.137835975189524,0.25998202593401,0.0343126332877105,0.537226692676583,0.679929814900801,0.968558520513454,0.606735041863491,0.484979255727468,0.181685045563174,0.563049367476617
0.677240761008779,0.243230554109638,0.71473395741937,NaN,NaN,0.209055876685935,0.210610932475884,0.209022314978327,0.129998174182947,0.102711585866886,0.158320493066256,0.123880597014925,0.080251167777012,0.158364359994865,0.0398192061622688,0.522799317239698,0.565370373394994,0.588842497788897,0.558429623249375,0.463239978479083,0.42416280671285,0.463115229439883
0.912005449083669,0.347152903232391,1,0.0898983481575604,0.0513833992094862,0.101637764932563,0.0777063236870311,0.1016214480655,0.0860872740551397,NaN,0.121147919876733,NaN,0.0410444903897695,0.121260752343048,0.0313206225928637,0.531862147443713,0.621217459476739,0.28898113989307,0.119415948752412,0.371019699742694,0.298927695042591,0.107038117093458
0.474122674242601,0.182928646519081,0.494979676903059,0.444726810673443,NaN,0.382947976878613,0.457663451232583,NaN,0.656289939748037,NaN,0.645030816640986,0.658887381275441,0.619419557393369,NaN,0.237610211032244,0.159229456230188,NaN,0.873393464698055,0.843853853034007,0.919555444499222,0.885444341037819,0.855364643309833
0.665411126376825,0.946334343774559,0.643557060117218,0.463468869123253,0.288537549407115,0.409922928709056,NaN,0.409696580510515,0.567463940113201,0.614626129827444,0.589368258859784,0.501356852103121,0.439620185312811,0.589420978302735,0.249037145494478,0.266113955945704,0.399124086228741,NaN,0.555508065246622,0.576308082274734,NaN,0.467317554077228
0.152650024451016,0.0502832297375915,0.147644708510369,0.153430749682338,0.209486166007905,0.14354527938343,0.132904608788853,0.143361695296195,0.246850465583349,0.233360723089564,0.271379044684129,0.185888738127544,0.181637185083084,0.271408396456541,0.0840945984657988,0.427253515402747,1,0.578846720795519,0.440276928767972,0.532341029987461,0.438371826103668,0.364479690490195
0.137862981161074,0.992830970533901,0.239202275265697,0.115946632782719,0.1699604743083,0.0963391136801541,0.127009646302251,0.0964841868678761,0.136388533868906,0.115858668857847,0.176810477657935,0.109226594301221,0.0947239451719121,0.176916163820773,NaN,0.639559457042998,0.589286505934701,0.85754922193095,0.465716306032613,0.676157480882178,0.2248446083133,0.374713148367535
0.129444845492863,0.047458076895598,0.238033553260331,0.0933926302414231,0.130434782608696,0.0761078998073218,0.10075026795284,0.07593514207738,0.113657111557422,0.0920295809367297,0.159668721109399,0.0853459972862958,0.0702197718048855,0.159712414944152,0.0112996148581978,0.706291148500366,0.403456989460569,0.964351449766141,0.465372784762409,0.549949461864531,0.157755704516457,0.389797194860281
NaN,0.151974442981516,0.00157748684468088,0.255082592121982,0.24901185770751,0.224470134874759,0.206859592711683,0.224273559158774,0.367354391090013,0.327033689400164,NaN,0.257259158751696,0.231028409525997,0.44184105790217,0.10491135372569,0.411647565634398,0.669019391900248,0.633251794777814,0.498467262332549,0.492050092409375,0.542286735698003,0.410999362091676
0.786111822648627,0.279334945956704,NaN,0.0304955527318933,0.0118577075098814,0.0414258188824663,0.0316184351554126,0.0412586289934179,0.0869088917290488,0.0657354149548069,0.107473035439137,0.0985074626865672,0.0475534114403859,0.10752343047888,0.00751185663812586,NaN,0.446611025687093,0.446132761766651,0.121350335104999,0.180311963243355,0.399611098160568,0.111874207792423
0.34788556924295,0.123863763944599,0.0107487880986102,0.18869123252859,0.1699604743083,0.192196531791907,0.140407288317256,0.192005137261198,NaN,0.338537387017255,0.558936825885978,0.261058344640434,0.22329427980703,0.558865066118886,0.0753095457873126,0.539583841339511,0.538607637762757,0.609670685162904,0.308055953467694,0.258165454426758,0.317539997900232,0.201767503127408
0.178713643667187,0.0518244077691703,0.251822170023144,0.0864040660736976,0.130434782608696,NaN,0.0535905680600214,0.070155723230053,0.00721197735986855,0.0106820049301561,0.0159861325115562,0,NaN,0.0160482732058031,0.052805805773944,0.74782573356092,0.46892186074511,0.500007967937022,0.194354029043458,0.330168227833569,0.402704251317248,0.14149345108403
0.388567403302052,0.12572542535493,0.452934470966182,0,0.0118577075098814,0,0,0,0.010041993792222,NaN,0.012904468412943,0.00841248303934871,0.0160042882303392,0.0130311978431121,0.00534742336951332,0.865845728684061,0.181064956215978,0.41293036819837,0.177868624087024,0.401324571889091,0.314358761279577,0.128954824492366
0.177060289220595,0.0440470722720639,0.255391665803079,0.0517789072426938,0.0909090909090909,0.0481695568400771,0.0423365487674169,0.0481618237277252,0.00812488588643418,0.0115036976170912,0.00674114021571648,0.00691994572591588,0.0140898996860403,0.00686866093208372,0.0139733265429544,0.698122409168496,0.526682237430031,0.592870289953228,0.274247494057534,0.388184656667094,0.272053341210427,0.200657376954112
NaN,0.0672076099492738,0.29948645318779,0.0835451080050826,0.0909090909090909,0.0351637764932563,0.0401929260450161,0.0349975919088136,NaN,0.0920295809367297,0.151386748844376,NaN,0.0739719733517115,0.151495699062781,0.0131775790177293,NaN,0.691967212732249,0.803371234153765,0.237664829189473,0.558787444931442,0.185469520452269,0.122242289179584
0.640674848054398,0.230784776018862,NaN,0.0139771283354511,0.0118577075098814,0.0216763005780347,0.0230439442658092,0.0216728206774763,0.0282088734708782,0.0213640098603122,0.0356317411402157,0.0345997286295794,NaN,0.0356271665168828,0.00171881465448642,0.907664797203934,0.48853308942767,0.655048086499924,0.162187782105543,0.380233623505523,0.0395877337993156,0.10724523018549
0.185909228512214,0.0716474274574645,NaN,0.0524142312579415,0.0909090909090909,0.041907514450867,0.0589496248660236,0.0420613260555466,0.0597042176373927,0.0451930977814297,0.0624036979969183,0.0497964721845319,0.0483957423998775,0.0624598793169855,0.0172518063468823,0.668332926928392,0.792078976902849,0.756276742388628,NaN,0.565955080714693,0.191958780497787,0.346328299104443
0.539348671494772,0.200006123886218,0.518262000990247,0.0756035578144854,0.0513833992094862,0.0732177263969171,0.0814576634512326,0.0730454326537165,0.264560890998722,0.202136400986031,0.318181818181818,NaN,0.165250019143885,0.318205161124663,0.0864818410414744,0.314354222547346,0.762992293172119,0.611399727496554,0.417122510352194,0.697018812792789,0.745136725110193,0.322856172384369
0.350051230701162,NaN,0.440556380761569,0.0727445997458704,NaN,0.0645472061657033,0.0766345123258307,0.064376304382726,0.0800620777798065,0.0640920295809367,0.0953389830508475,0.0723202170963365,0.0643234550884447,0.0953267428424702,0.0182703631791705,0.586239128667805,0.354724077828929,0.775132865349832,0.408777836296928,0.472582217329741,0.558706294141827,0.31723719419752
0.296270637822229,0.988848403196669,0.00392068810667034,0.903113087674714,0.841897233201581,0.860308285163777,0.823151125401929,0.860330711189597,0.772777067737813,0.694330320460148,0.981510015408321,0.601763907734057,0.406156673558465,NaN,0.823280389597988,0.0832317320978623,0.792830293456779,0.267467709935221,0.84894899667381,0.595127628489551,0.563925461815373,NaN
0.51135807931444,0.170364473294753,0.564717261390722,0.0638500635324015,0.0513833992094862,0.0659922928709056,0.067524115755627,0.0661422379194092,0.0818878948329377,0.0682004930156122,0.0930277349768875,0.0800542740841248,0.0591163182479516,0.0930799845936577,0.00875322277747716,0.670974559050638,0.198013911022654,0.83401990390668,0.354110765359966,0.427935320191167,0.495242603213356,0.266511055696853
0.222265561325478,0.0808577523296284,0.19743917464046,0.561626429479034,0.565217391304348,0.525529865125241,0.481243301178993,0.525284957457056,NaN,0.47165160230074,0.607858243451464,0.460379918588874,0.387778543533195,0.607844395942997,0.530890918929242,0.162318133788507,0.891255095302872,0.401070093941978,0.760200999719217,0.532590906737443,0.538886625015348,NaN
0.197954264955872,0.082109066413546,0.168791092380854,NaN,0.209486166007905,0.167148362235067,0.132368703108253,0.167282067747632,NaN,0.113393590797042,0.144453004622496,NaN,0.0805574699440998,NaN,0.0995002705541586,0.589774851662196,NaN,0.197003258886242,0.457404718499687,NaN,0.567808252085976,NaN
0.168484968446545,0.0566888147218225,0.258650270015084,0.185514612452351,0.209486166007905,0.111271676300578,0.202036441586281,NaN,0.122238451707139,0.111750205423172,NaN,NaN,0.0941113408377364,0.14148157658236,0.0196072190215488,0.584247744452573,0.639223390677608,0.96999274917731,NaN,0.638761511776849,0.266165095103449,0.559050013669464
NaN,NaN,NaN,NaN,0.1699604743083,0.100674373795761,0.105573419078242,NaN,0.115117765199927,0.0994248151191454,0.159668721109399,0.0880597014925373,0.0762692396048702,0.159648221851329,0.0129547697106662,0.680972120620987,0.482858549492395,0.928005705042907,0.449722136492572,0.695152616164549,0.195209416211272,NaN
0.641111473348392,0.239127550343448,0.479089663431091,0.0660736975857687,0.0513833992094862,0.0549132947976879,0.0659163987138264,0.0549044790496067,0.234891363885339,0.174198849630238,NaN,0.204341926729986,0.138678306149016,0.308191038644242,0.0529331253779801,0.417012110867268,0.815955443661758,0.348409998167374,0.430255870914108,0.685409674057166,0.463657563522413,0.342407648272263
NaN,0.0133072047521357,0.109583520443999,0.167090216010165,0.24901185770751,0.154624277456647,0.173097534833869,0.154759993578424,0.280262917655651,0.229252259654889,0.348805855161787,NaN,0.165173443602113,0.348889459494158,0.0559569659738358,NaN,0.672533313422667,NaN,0.637044827536954,0.335021689752127,NaN,0.587039276926773
0.140965931583727,0.0637476142359942,0.231666033369028,0.0594027954256671,0.0909090909090909,0.0472061657032755,0.052518756698821,0.0473591266655964,0.0368815044732518,0.0361544782251438,0.0402542372881356,NaN,0.0322383030859943,0.0403132622929773,0.0117770633733329,0.731325692920426,NaN,0.726747567787224,0.296775799758197,NaN,0.342602412597181,0.239913592418004
0.164305008965373,1,0.119474478105173,NaN,0.130434782608696,0.0895953757225434,0.0916398713826367,0.0895809921335688,0.0644513419755341,0.0566967953985209,0.0703004622496148,0.0545454545454545,0.0591163182479516,0.0703556297342406,0.0423974281439985,0.630618548321548,0.722976520191049,0.371991107782284,0.277323817432547,0.330998899191615,0.328599811020932,0.15754264458565
NaN,0.106431101176807,0.184617776088984,0.256353240152478,NaN,0.252890173410405,0.193997856377278,0.252689035158131,0.173270038342158,0.148726376335251,0.201271186440678,0.137177747625509,0.110115629068076,0.20124534600077,0.119775917496897,0.532105990408843,0.883018612584319,0.211369449335873,0.523397685715283,0.616400919366349,0.653513907400256,0.42492150413812
0.498131243741704,0.222919664819294,0.0529724688244845,0.0889453621346887,0.0909090909090909,0.0814065510597303,0.0868167202572347,0.0812329426874298,0.527022092386343,0.464256368118324,0.641949152542373,0.499864314789688,0.312657937054905,0.641866735139299,0.132062259286374,0.255953832398602,0.799851136657948,NaN,0.394454988136764,NaN,NaN,NaN
0.557261951889714,0.192681955969258,0.584366759934137,0.0285895806861499,0.0118577075098814,0.0317919075144509,NaN,0.0319473430727244,0.046467044002191,0.0386195562859491,0.0552773497688752,0.0449118046132972,0.0394364040125584,0.0553344460136089,0.00611134099372951,0.732016581321629,NaN,NaN,0.166495538833904,NaN,0.417393281100136,0.147445881349052
