0.0147254126545067,0,0,0,0,0,0,0,0,0,0,0,0,0,0,0,0,0,0,0,0,0,0,0,0,0,0,0,0,0,0,0,0,0,0,0,0,0,0,0,0,0,0,0,0,0,0,0,0,0,0,0,0,0,0,0,0,0,0,0
0,3295.81112125408,0,-80.7501800207541,0,391.107466326837,0,417.011620445684,355.489369334564,0,0,0,0,0,0,0,1053.78269477678,0,-995.544633454635,0,0,0,0,0,0,0,536.513335722921,-1550.46871671046,0,-280.611892846999,-651.163785847181,199.83039381995,0,0,0,0,0,0,0,582.547661050577,717.719613788815,612.575697239592,27.2560002044613,0,0,0,0,262.277508577254,0,0,0,0,0,0,0,535.379771304946,0,0,0,121.632181837605
0,0,0.00962486938183828,0,0,0,0,0,0,0,0,0,0,0,0,0,0,0,0,0,0,0,0,0,0,0,0,0,0,0,0,0,0,0,0,0,0,0,0,0,0,0,0,0,0,0,0,0,0,0,0,0,0,0,0,0,0,0,0,0
0,-80.7501800207542,0,1125.1378690874,0,237.686965482228,0,31.3999237735225,-15.8806033017479,0,0,0,0,0,0,0,-113.286504914058,0,-71.5365575629558,0,0,0,0,0,0,0,885.635362441165,709.311116717015,0,577.335351698738,716.34593605032,465.852922109847,0,0,0,0,0,0,0,115.319235802596,80.844469378375,11.3404129582159,-183.2445097806,0,0,0,0,118.192089883563,0,0,0,0,0,0,0,68.1256671996521,0,0,0,-10.1447716288742
0,0,0,0,0.0238272097134016,0,0,0,0,0,0,0,0,0,0,0,0,0,0,0,0,0,0,0,0,0,0,0,0,0,0,0,0,0,0,0,0,0,0,0,0,0,0,0,0,0,0,0,0,0,0,0,0,0,0,0,0,0,0,0
0,391.107466326837,0,237.686965482228,0,5728.91210394662,0,-249.194209138259,-325.272424370933,0,0,0,0,0,0,0,-38.795529760467,0,876.104608879559,0,0,0,0,0,0,0,-1496.77099743773,-309.552012162535,0,196.239111489232,-710.957058857029,470.977999751255,0,0,0,0,0,0,0,-806.560740663746,747.081891386251,-236.04156821797,1188.27932798945,0,0,0,0,516.094792809263,0,0,0,0,0,0,0,553.516873903716,0,0,0,32.3172729082284
0,0,0,0,0,0,0.0189651855555556,0,0,0,0,0,0,0,0,0,0,0,0,0,0,0,0,0,0,0,0,0,0,0,0,0,0,0,0,0,0,0,0,0,0,0,0,0,0,0,0,0,0,0,0,0,0,0,0,0,0,0,0,0
0,417.011620445684,0,31.3999237735225,0,-249.194209138259,0,4539.03482771378,-274.147654288658,0,0,0,0,0,0,0,85.9891295316009,0,-1216.44791376734,0,0,0,0,0,0,0,72.5869187203623,-452.242769616011,0,-801.385321327778,1196.28215116517,1539.19358965071,0,0,0,0,0,0,0,693.456318421806,138.886469227059,409.923882586793,-704.34373266204,0,0,0,0,-30.8374350130112,0,0,0,0,0,0,0,-17.1302262081204,0,0,0,227.368228607888
0,355.489369334564,0,-15.8806033017479,0,-325.272424370933,0,-274.147654288658,4602.07568633657,0,0,0,0,0,0,0,1716.50837326746,0,-890.616347386831,0,0,0,0,0,0,0,450.461266729312,650.841509491754,0,213.056208069382,-415.912774333893,514.681395371531,0,0,0,0,0,0,0,-163.918407847798,-194.881298946753,-369.68239346513,64.3397088973058,0,0,0,0,197.871012810629,0,0,0,0,0,0,0,539.002007189261,0,0,0,-409.459391397256
0,0,0,0,0,0,0,0,0,0.0239485419086336,0,0,0,0,0,0,0,0,0,0,0,0,0,0,0,0,0,0,0,0,0,0,0,0,0,0,0,0,0,0,0,0,0,0,0,0,0,0,0,0,0,0,0,0,0,0,0,0,0,0
0,0,0,0,0,0,0,0,0,0,0.0457507283721381,0,0,0,0,0,0,0,0,0,0,0,0,0,0,0,0,0,0,0,0,0,0,0,0,0,0,0,0,0,0,0,0,0,0,0,0,0,0,0,0,0,0,0,0,0,0,0,0,0
0,0,0,0,0,0,0,0,0,0,0,0.037513828721719,0,0,0,0,0,0,0,0,0,0,0,0,0,0,0,0,0,0,0,0,0,0,0,0,0,0,0,0,0,0,0,0,0,0,0,0,0,0,0,0,0,0,0,0,0,0,0,0
0,0,0,0,0,0,0,0,0,0,0,0,0.0595435471002906,0,0,0,0,0,0,0,0,0,0,0,0,0,0,0,0,0,0,0,0,0,0,0,0,0,0,0,0,0,0,0,0,0,0,0,0,0,0,0,0,0,0,0,0,0,0,0
0,0,0,0,0,0,0,0,0,0,0,0,0,0.0318004013596,0,0,0,0,0,0,0,0,0,0,0,0,0,0,0,0,0,0,0,0,0,0,0,0,0,0,0,0,0,0,0,0,0,0,0,0,0,0,0,0,0,0,0,0,0,0
0,0,0,0,0,0,0,0,0,0,0,0,0,0,0.0373898795899452,0,0,0,0,0,0,0,0,0,0,0,0,0,0,0,0,0,0,0,0,0,0,0,0,0,0,0,0,0,0,0,0,0,0,0,0,0,0,0,0,0,0,0,0,0
0,0,0,0,0,0,0,0,0,0,0,0,0,0,0,0.0483943968048224,0,0,0,0,0,0,0,0,0,0,0,0,0,0,0,0,0,0,0,0,0,0,0,0,0,0,0,0,0,0,0,0,0,0,0,0,0,0,0,0,0,0,0,0
0,1053.78269477678,0,-113.286504914058,0,-38.795529760467,0,85.9891295316009,1716.50837326746,0,0,0,0,0,0,0,13315.8967489248,0,-1571.86901603256,0,0,0,0,0,0,0,-175.573467655454,-626.163585802431,0,-896.595796642629,1517.95487368114,566.508221663659,0,0,0,0,0,0,0,-1895.59840890077,-234.390647737551,773.225531838344,751.746913244023,0,0,0,0,-628.066680018249,0,0,0,0,0,0,0,1895.98016472066,0,0,0,620.124785967513
0,0,0,0,0,0,0,0,0,0,0,0,0,0,0,0,0,0.0947445243187929,0,0,0,0,0,0,0,0,0,0,0,0,0,0,0,0,0,0,0,0,0,0,0,0,0,0,0,0,0,0,0,0,0,0,0,0,0,0,0,0,0,0
0,-995.544633454635,0,-71.5365575629558,0,876.104608879559,0,-1216.44791376734,-890.616347386831,0,0,0,0,0,0,0,-1571.86901603256,0,11585.8532221299,0,0,0,0,0,0,0,368.509008019634,1024.26033953251,0,1560.33135487852,896.221885851406,-71.3887814114321,0,0,0,0,0,0,0,98.3875796809408,624.917344752326,-335.753657854158,704.606509600591,0,0,0,0,-1796.96030396192,0,0,0,0,0,0,0,57.8742183905811,0,0,0,-210.409211836715
0,0,0,0,0,0,0,0,0,0,0,0,0,0,0,0,0,0,0,0.0778065495266453,0,0,0,0,0,0,0,0,0,0,0,0,0,0,0,0,0,0,0,0,0,0,0,0,0,0,0,0,0,0,0,0,0,0,0,0,0,0,0,0
0,0,0,0,0,0,0,0,0,0,0,0,0,0,0,0,0,0,0,0,0.0671028867651808,0,0,0,0,0,0,0,0,0,0,0,0,0,0,0,0,0,0,0,0,0,0,0,0,0,0,0,0,0,0,0,0,0,0,0,0,0,0,0
0,0,0,0,0,0,0,0,0,0,0,0,0,0,0,0,0,0,0,0,0,0.0774976682565987,0,0,0,0,0,0,0,0,0,0,0,0,0,0,0,0,0,0,0,0,0,0,0,0,0,0,0,0,0,0,0,0,0,0,0,0,0,0
0,0,0,0,0,0,0,0,0,0,0,0,0,0,0,0,0,0,0,0,0,0,0.0860178625359481,0,0,0,0,0,0,0,0,0,0,0,0,0,0,0,0,0,0,0,0,0,0,0,0,0,0,0,0,0,0,0,0,0,0,0,0,0
0,0,0,0,0,0,0,0,0,0,0,0,0,0,0,0,0,0,0,0,0,0,0,0.0358968350344672,0,0,0,0,0,0,0,0,0,0,0,0,0,0,0,0,0,0,0,0,0,0,0,0,0,0,0,0,0,0,0,0,0,0,0,0
0,0,0,0,0,0,0,0,0,0,0,0,0,0,0,0,0,0,0,0,0,0,0,0,0.0660439352114464,0,0,0,0,0,0,0,0,0,0,0,0,0,0,0,0,0,0,0,0,0,0,0,0,0,0,0,0,0,0,0,0,0,0,0
0,0,0,0,0,0,0,0,0,0,0,0,0,0,0,0,0,0,0,0,0,0,0,0,0,0.0713566937333334,0,0,0,0,0,0,0,0,0,0,0,0,0,0,0,0,0,0,0,0,0,0,0,0,0,0,0,0,0,0,0,0,0,0
0,536.513335722921,0,885.635362441165,0,-1496.77099743773,0,72.5869187203623,450.461266729312,0,0,0,0,0,0,0,-175.573467655454,0,368.509008019634,0,0,0,0,0,0,0,13252.8248610569,1348.97287968798,0,889.096218847584,-1079.8303375376,-782.140969885679,0,0,0,0,0,0,0,1603.29832898263,-812.270422699309,961.56017355879,203.039776106828,0,0,0,0,-514.178149742298,0,0,0,0,0,0,0,942.653600374271,0,0,0,-574.9674272978
0,-1550.46871671046,0,709.311116717015,0,-309.552012162535,0,-452.242769616011,650.841509491754,0,0,0,0,0,0,0,-626.163585802431,0,1024.26033953251,0,0,0,0,0,0,0,1348.97287968798,14715.0277380995,0,1273.38299210012,444.450877646265,3598.93991700326,0,0,0,0,0,0,0,811.170275010989,1029.93329204737,-160.639336325143,-319.65550962167,0,0,0,0,190.091407760249,0,0,0,0,0,0,0,838.763718199124,0,0,0,-106.680327019562
0,0,0,0,0,0,0,0,0,0,0,0,0,0,0,0,0,0,0,0,0,0,0,0,0,0,0,0,0.0531850101648394,0,0,0,0,0,0,0,0,0,0,0,0,0,0,0,0,0,0,0,0,0,0,0,0,0,0,0,0,0,0,0
0,-280.611892846999,0,577.335351698738,0,196.239111489232,0,-801.385321327778,213.056208069382,0,0,0,0,0,0,0,-896.595796642629,0,1560.33135487852,0,0,0,0,0,0,0,889.096218847584,1273.38299210012,0,8978.87148398883,25.4472997587769,973.419491724531,0,0,0,0,0,0,0,964.28726104907,-720.422079321622,1011.91309034974,46.7669959765023,0,0,0,0,-670.455339789384,0,0,0,0,0,0,0,249.531561795357,0,0,0,-466.205289180633
0,-651.163785847181,0,716.34593605032,0,-710.957058857029,0,1196.28215116517,-415.912774333893,0,0,0,0,0,0,0,1517.95487368114,0,896.221885851406,0,0,0,0,0,0,0,-1079.8303375376,444.450877646265,0,25.4472997587769,10474.0280094154,-359.53159380251,0,0,0,0,0,0,0,-3319.48023047528,606.875195199246,-410.330914590961,-1872.09552649259,0,0,0,0,431.102079697137,0,0,0,0,0,0,0,882.260005471051,0,0,0,594.850771708732
0,199.83039381995,0,465.852922109847,0,470.977999751255,0,1539.19358965071,514.681395371531,0,0,0,0,0,0,0,566.508221663659,0,-71.3887814114321,0,0,0,0,0,0,0,-782.140969885679,3598.93991700326,0,973.419491724531,-359.53159380251,14487.9568440296,0,0,0,0,0,0,0,648.780182725452,-10.1029518919264,816.436960706769,-13.7959456845124,0,0,0,0,1924.07472970797,0,0,0,0,0,0,0,16.6237655183534,0,0,0,-991.477220652438
0,0,0,0,0,0,0,0,0,0,0,0,0,0,0,0,0,0,0,0,0,0,0,0,0,0,0,0,0,0,0,0,0.0643370474943395,0,0,0,0,0,0,0,0,0,0,0,0,0,0,0,0,0,0,0,0,0,0,0,0,0,0,0
0,0,0,0,0,0,0,0,0,0,0,0,0,0,0,0,0,0,0,0,0,0,0,0,0,0,0,0,0,0,0,0,0,0.0671693936679029,0,0,0,0,0,0,0,0,0,0,0,0,0,0,0,0,0,0,0,0,0,0,0,0,0,0
0,0,0,0,0,0,0,0,0,0,0,0,0,0,0,0,0,0,0,0,0,0,0,0,0,0,0,0,0,0,0,0,0,0,0.105259823691986,0,0,0,0,0,0,0,0,0,0,0,0,0,0,0,0,0,0,0,0,0,0,0,0,0
0,0,0,0,0,0,0,0,0,0,0,0,0,0,0,0,0,0,0,0,0,0,0,0,0,0,0,0,0,0,0,0,0,0,0,0.07583776487944,0,0,0,0,0,0,0,0,0,0,0,0,0,0,0,0,0,0,0,0,0,0,0,0
0,0,0,0,0,0,0,0,0,0,0,0,0,0,0,0,0,0,0,0,0,0,0,0,0,0,0,0,0,0,0,0,0,0,0,0,0.0726781639522264,0,0,0,0,0,0,0,0,0,0,0,0,0,0,0,0,0,0,0,0,0,0,0
0,0,0,0,0,0,0,0,0,0,0,0,0,0,0,0,0,0,0,0,0,0,0,0,0,0,0,0,0,0,0,0,0,0,0,0,0,0.0436982361705215,0,0,0,0,0,0,0,0,0,0,0,0,0,0,0,0,0,0,0,0,0,0
0,0,0,0,0,0,0,0,0,0,0,0,0,0,0,0,0,0,0,0,0,0,0,0,0,0,0,0,0,0,0,0,0,0,0,0,0,0,0.0307000227515782,0,0,0,0,0,0,0,0,0,0,0,0,0,0,0,0,0,0,0,0,0
0,582.547661050577,0,115.319235802596,0,-806.560740663746,0,693.456318421806,-163.918407847798,0,0,0,0,0,0,0,-1895.59840890077,0,98.3875796809408,0,0,0,0,0,0,0,1603.29832898263,811.170275010989,0,964.28726104907,-3319.48023047528,648.780182725452,0,0,0,0,0,0,0,10172.8416447896,849.095441323725,859.165502773532,-295.735367168548,0,0,0,0,222.551810554837,0,0,0,0,0,0,0,-1410.27081735169,0,0,0,88.9620539393084
0,717.719613788815,0,80.8444693783751,0,747.081891386251,0,138.886469227059,-194.881298946753,0,0,0,0,0,0,0,-234.390647737551,0,624.917344752326,0,0,0,0,0,0,0,-812.270422699309,1029.93329204737,0,-720.422079321622,606.875195199246,-10.1029518919264,0,0,0,0,0,0,0,849.095441323725,4672.70994789883,205.433874505031,-338.012327085101,0,0,0,0,488.616302323034,0,0,0,0,0,0,0,-154.636429641833,0,0,0,732.75376083836
0,612.575697239592,0,11.3404129582159,0,-236.04156821797,0,409.923882586793,-369.68239346513,0,0,0,0,0,0,0,773.225531838344,0,-335.753657854158,0,0,0,0,0,0,0,961.56017355879,-160.639336325143,0,1011.91309034974,-410.330914590961,816.436960706769,0,0,0,0,0,0,0,859.165502773532,205.433874505031,8392.06097634415,230.592257858172,0,0,0,0,870.026183740679,0,0,0,0,0,0,0,-56.0934304495834,0,0,0,-61.9280353423333
0,27.2560002044613,0,-183.2445097806,0,1188.27932798945,0,-704.34373266204,64.3397088973058,0,0,0,0,0,0,0,751.746913244023,0,704.606509600591,0,0,0,0,0,0,0,203.039776106828,-319.65550962167,0,46.7669959765023,-1872.09552649259,-13.7959456845124,0,0,0,0,0,0,0,-295.735367168548,-338.012327085101,230.592257858172,5905.46884637736,0,0,0,0,543.10156319564,0,0,0,0,0,0,0,69.6447057872511,0,0,0,-379.231459438321
0,0,0,0,0,0,0,0,0,0,0,0,0,0,0,0,0,0,0,0,0,0,0,0,0,0,0,0,0,0,0,0,0,0,0,0,0,0,0,0,0,0,0,0.0349327946563704,0,0,0,0,0,0,0,0,0,0,0,0,0,0,0,0
0,0,0,0,0,0,0,0,0,0,0,0,0,0,0,0,0,0,0,0,0,0,0,0,0,0,0,0,0,0,0,0,0,0,0,0,0,0,0,0,0,0,0,0,0.0636691430572711,0,0,0,0,0,0,0,0,0,0,0,0,0,0,0
0,0,0,0,0,0,0,0,0,0,0,0,0,0,0,0,0,0,0,0,0,0,0,0,0,0,0,0,0,0,0,0,0,0,0,0,0,0,0,0,0,0,0,0,0,0.0356636467531701,0,0,0,0,0,0,0,0,0,0,0,0,0,0
0,0,0,0,0,0,0,0,0,0,0,0,0,0,0,0,0,0,0,0,0,0,0,0,0,0,0,0,0,0,0,0,0,0,0,0,0,0,0,0,0,0,0,0,0,0,0.0300947263930826,0,0,0,0,0,0,0,0,0,0,0,0,0
0,262.277508577254,0,118.192089883563,0,516.094792809263,0,-30.8374350130112,197.871012810629,0,0,0,0,0,0,0,-628.066680018249,0,-1796.96030396192,0,0,0,0,0,0,0,-514.178149742298,190.091407760249,0,-670.455339789384,431.102079697137,1924.07472970797,0,0,0,0,0,0,0,222.551810554837,488.616302323034,870.026183740679,543.10156319564,0,0,0,0,10508.136531858,0,0,0,0,0,0,0,-494.527094101483,0,0,0,90.034253295119
0,0,0,0,0,0,0,0,0,0,0,0,0,0,0,0,0,0,0,0,0,0,0,0,0,0,0,0,0,0,0,0,0,0,0,0,0,0,0,0,0,0,0,0,0,0,0,0,0.0229358947450749,0,0,0,0,0,0,0,0,0,0,0
0,0,0,0,0,0,0,0,0,0,0,0,0,0,0,0,0,0,0,0,0,0,0,0,0,0,0,0,0,0,0,0,0,0,0,0,0,0,0,0,0,0,0,0,0,0,0,0,0,0.016733601832214,0,0,0,0,0,0,0,0,0,0
0,0,0,0,0,0,0,0,0,0,0,0,0,0,0,0,0,0,0,0,0,0,0,0,0,0,0,0,0,0,0,0,0,0,0,0,0,0,0,0,0,0,0,0,0,0,0,0,0,0,0.00455051428379502,0,0,0,0,0,0,0,0,0
0,0,0,0,0,0,0,0,0,0,0,0,0,0,0,0,0,0,0,0,0,0,0,0,0,0,0,0,0,0,0,0,0,0,0,0,0,0,0,0,0,0,0,0,0,0,0,0,0,0,0,0.00656657003522223,0,0,0,0,0,0,0,0
0,0,0,0,0,0,0,0,0,0,0,0,0,0,0,0,0,0,0,0,0,0,0,0,0,0,0,0,0,0,0,0,0,0,0,0,0,0,0,0,0,0,0,0,0,0,0,0,0,0,0,0,0.0318011403569452,0,0,0,0,0,0,0
0,0,0,0,0,0,0,0,0,0,0,0,0,0,0,0,0,0,0,0,0,0,0,0,0,0,0,0,0,0,0,0,0,0,0,0,0,0,0,0,0,0,0,0,0,0,0,0,0,0,0,0,0,0.0469862971780416,0,0,0,0,0,0
0,0,0,0,0,0,0,0,0,0,0,0,0,0,0,0,0,0,0,0,0,0,0,0,0,0,0,0,0,0,0,0,0,0,0,0,0,0,0,0,0,0,0,0,0,0,0,0,0,0,0,0,0,0,0.0138075193286686,0,0,0,0,0
0,535.379771304946,0,68.1256671996521,0,553.516873903716,0,-17.1302262081204,539.002007189261,0,0,0,0,0,0,0,1895.98016472066,0,57.8742183905811,0,0,0,0,0,0,0,942.653600374271,838.763718199124,0,249.531561795357,882.260005471051,16.6237655183534,0,0,0,0,0,0,0,-1410.27081735169,-154.636429641833,-56.0934304495834,69.6447057872512,0,0,0,0,-494.527094101483,0,0,0,0,0,0,0,3527.58579670753,0,0,0,-75.1428575146632
0,0,0,0,0,0,0,0,0,0,0,0,0,0,0,0,0,0,0,0,0,0,0,0,0,0,0,0,0,0,0,0,0,0,0,0,0,0,0,0,0,0,0,0,0,0,0,0,0,0,0,0,0,0,0,0,0.0160701409690816,0,0,0
0,0,0,0,0,0,0,0,0,0,0,0,0,0,0,0,0,0,0,0,0,0,0,0,0,0,0,0,0,0,0,0,0,0,0,0,0,0,0,0,0,0,0,0,0,0,0,0,0,0,0,0,0,0,0,0,0,0.027981445141551,0,0
0,0,0,0,0,0,0,0,0,0,0,0,0,0,0,0,0,0,0,0,0,0,0,0,0,0,0,0,0,0,0,0,0,0,0,0,0,0,0,0,0,0,0,0,0,0,0,0,0,0,0,0,0,0,0,0,0,0,0.0246114597098299,0
0,121.632181837605,0,-10.1447716288742,0,32.3172729082284,0,227.368228607888,-409.459391397256,0,0,0,0,0,0,0,620.124785967513,0,-210.409211836715,0,0,0,0,0,0,0,-574.9674272978,-106.680327019562,0,-466.205289180633,594.850771708733,-991.477220652438,0,0,0,0,0,0,0,88.9620539393084,732.75376083836,-61.9280353423333,-379.231459438321,0,0,0,0,90.034253295119,0,0,0,0,0,0,0,-75.1428575146632,0,0,0,1482.12357368112
