0.13053,0.25761,0.11925,NaN,0.33502,NaN,0.14475,0.036163,NaN,0.15344,NaN,0.20003,0.48021,NaN,0.37496,0.56981,NaN,0.66649,0.70093,0.51477,NaN,0.62805,NaN,0.77011,0.56762,0.43408,0.3887,0.22365,0.058036,0,0.14539,0.45933,0.57744,0.3787,0.23238,NaN,0.92948,0.83456,0.33723,NaN,0.66427,0.77192,0.35032,0.18281,0.17913,0.17663,NaN,0.24828,0.26249,NaN,0.35857,NaN,NaN,0.32164,NaN,0.051282,0.11932,0.077803,0.30578,0.15935
NaN,0.079726,0.078515,NaN,0.07228,0.16098,0.33279,0.22602,0.21442,0.21693,0.10506,NaN,0.19548,0.24306,0.2918,NaN,NaN,0.1066,0.26257,0.34878,0.32525,0.22329,0.38625,0.55691,NaN,0.595,NaN,0.7605,1,0.83626,0.5479,0.45383,0.4927,NaN,0.1615,NaN,0.020118,0.15837,0.23087,0.22179,0.27898,0.34005,NaN,0.105,NaN,0.12795,0.18435,0.092543,NaN,0.38545,0.13147,NaN,0.2987,0.11988,0.14512,NaN,0.090909,0.011441,0.11846,NaN
0.14823,NaN,0.052234,0.022349,NaN,0.24832,0.29924,0.18126,0.16067,NaN,NaN,0.079719,0.11703,0.066206,NaN,0.098921,0.14413,0.22836,0.29455,NaN,0.51918,0.6028,0.68443,0.75515,0.79232,0.90142,0.87467,0.7889,0.79606,0.69958,0.64578,0.66367,0.57251,0.63127,NaN,0.67379,NaN,0.49225,0.37097,0.34379,NaN,0.17998,0.17108,0.21348,0.17273,0.13412,0.081854,0.081761,0.090359,0.11151,0.017929,NaN,0.11429,0.25146,0.29025,0.30256,0.125,0.034325,0.013774,NaN
0.13643,0.15645,NaN,0.035425,0.22496,0.23757,0.40747,0.3409,0.44928,NaN,0.18715,0.19725,0.29567,0.038363,0.063096,NaN,0.28505,0.27262,0.48222,NaN,0.55554,0.49606,NaN,0.5441,0.66301,NaN,0.69577,0.80239,0.67441,0.34558,0.089919,0.24714,0.48766,0.77742,NaN,NaN,NaN,0.59416,0.48197,0.28617,0.017371,0.33919,0.36532,0.54831,0.37546,0.19007,0.19033,0.40222,0.19334,0.39273,NaN,NaN,0.15584,NaN,NaN,0.41795,0.50284,0.18535,0.24518,0.060046
0.2677,0.13373,0.13403,0.069425,0.43622,0.41199,0.23106,0.16803,0.25233,0.27742,0.40352,0.42233,0.5041,NaN,NaN,0.78425,0.97296,1,0.98348,0.85124,0.8359,0.904,NaN,0.38869,0.58463,0.64677,0.62065,0.48559,0.55134,0.44934,0.46289,0.32734,0.36669,NaN,0.21387,0.096371,0.10507,0.050015,0.23171,0.33355,0.26508,0.32454,0.22152,0.075238,NaN,0.3017,0.39804,0.32165,NaN,NaN,0.092629,0.054208,0.1013,0.19883,0.21769,0.15641,NaN,0.13501,0.1157,NaN
0.30457,0.23532,0.22766,0.13314,0.29115,0.38216,NaN,0.074091,0.079224,0,0.13696,0.32781,0.40694,0.35825,0.4503,0.53226,0.64646,0.70005,0.74774,0.85788,0.83305,0.79286,0.82886,0.93003,0.85195,0.57727,NaN,0.30722,0.30073,0.20678,0.31444,0.45619,0.47496,0.51924,0.50844,0.45756,0.42456,0.41479,0.41176,0.47015,0.3868,0.39902,0.33157,0.32556,0.30381,0.24534,0.1829,0.15813,0.22867,0.14303,0.008964,0.19116,0.45195,0.20175,0.12245,0.32564,0.24432,0.18535,0.30854,0.099307
0.14381,0.049293,0.061761,0.23252,0.40781,0.084923,0.18669,0.17045,0.062047,NaN,NaN,0.22054,0.36361,0.29019,0.3555,0.49216,0.58668,0.63325,NaN,0.89384,0.8847,0.93232,1,0.908,0.8459,NaN,0.75712,0.76513,NaN,0.39288,0.17384,0.089193,0.12423,0.25501,NaN,0.39093,0.31675,0.19954,0.3035,0.42538,0.46138,0.48254,0.43579,0.3244,0.29869,0.16196,0.20826,0.16472,0.14791,0.22182,0.10359,0.15549,0.24935,0.14912,0.05669,0.24359,0.21875,0.23799,NaN,0.2933
0.19764,NaN,0.21058,0.040656,0.19579,0.4222,0.3033,0.22999,0.19177,NaN,0.24188,0.38584,NaN,0.36052,0.41509,0.49603,NaN,0.7948,NaN,0.93568,0.92359,0.94377,NaN,NaN,0.69334,0.57639,NaN,0.42919,0.36151,0.24268,0.18561,0.14682,0.32563,0.39587,0.27043,0.23397,0.35731,NaN,0.35758,0.50654,0.42837,0.44017,0.30001,0.18681,0.14458,0.15236,0.11862,NaN,0.12317,0.21697,0.10857,0.19829,NaN,0.43275,NaN,0.17692,0.14489,0.06865,0.12121,0.16859
NaN,NaN,NaN,0.2796,0.30662,0.43779,0.51813,0.92767,1,0.80767,0.63009,NaN,0.12077,0.27132,0.46966,0.45766,0.11046,0.049247,0.29066,NaN,0.92749,0.47408,0.082971,0.13984,0.25584,0.51636,0.33333,0.60261,0.54038,0.83743,0.56196,NaN,0.48399,0.64028,0.84627,0.83931,0.88224,0.91016,0.77398,0.51906,NaN,0.53883,0.59304,0.57859,0.79841,NaN,NaN,0.2378,0.13831,NaN,NaN,0.63766,0.54026,NaN,0.26757,0.41795,0.28409,0.46224,0.4876,0.41801
0.14307,0.1093,0.034494,NaN,0.25285,0.42408,NaN,0.75083,NaN,0.57372,0.51808,0.1609,0.63884,1,0.91343,0.8274,0.68853,0.77403,0.87261,NaN,NaN,0.94612,1,0.89499,0.7752,0.81507,0.63252,NaN,0.4655,0.29594,0.24687,0.06448,0,0.12623,NaN,0.20847,NaN,0.15899,0.31836,0.36242,0.23266,0.13907,0.34463,NaN,0.19804,0.14852,0.25045,0.39563,0.53963,0.39394,0.31474,NaN,0.4,0.2193,NaN,0.24872,0.35227,0.65217,0.35262,0.039261
0.78761,0.45607,NaN,0.18521,0.17271,0.27493,0.88988,NaN,NaN,0.83698,NaN,NaN,0.31927,0.24915,0.66356,0.65846,0.13729,0.048,0.40364,0.8628,NaN,0.35712,0.1208,0.14056,0.18914,0.21214,0.18174,0.6021,NaN,0.67242,NaN,0.43799,0.76804,0.89995,1,0.92056,0.98786,0.92752,NaN,0.50915,0.2,0.23932,0.21583,NaN,0.62184,NaN,0.28577,0.16562,NaN,NaN,0.17131,0.24536,0.27273,0.65497,NaN,0.071795,0.23011,NaN,NaN,NaN
0.14454,0.052293,NaN,0.0932,0.16333,0.39264,0.40179,NaN,NaN,0.17618,0.070325,NaN,0.15014,0.24141,0.42622,0.60655,0.73422,0.80571,0.89543,0.95751,NaN,0.91207,0.77228,NaN,0.32777,0.26093,0.21956,0.35004,NaN,0.59412,0.45025,NaN,0.41552,NaN,0.29355,NaN,NaN,0.10429,0.12144,0.095751,NaN,0.2254,0.16979,0.22881,0.28433,0.10491,0.13166,0.22432,0.22665,0.16242,0.17331,0.15549,0.046753,0.10819,0.097506,NaN,0.059659,0.08238,0.13774,0.020785
0.20575,0.05015,NaN,NaN,0.10905,NaN,0.34984,0.23418,NaN,0.48048,0.55891,0.70457,0.72736,NaN,0.3215,0.28435,0.30432,NaN,0.42436,0.6082,0.68845,NaN,0.83565,0.84756,0.91168,0.99835,1,0.74722,NaN,0.35272,0.36698,0.47967,NaN,0.30556,0.054107,0.28276,0.40684,0.2898,NaN,NaN,0.020961,0.22198,0.4473,0.59856,0.6207,0.35395,NaN,0.15124,0.056537,0.071515,0.040836,0.068474,0.25714,0.20175,0.018141,NaN,0.034091,0.006865,0.22039,0.08545
NaN,0.12988,0.050592,0.060628,0.073802,0,0.040314,0.11555,0.15504,NaN,0.036722,0.089537,NaN,0.23554,0.18447,0.19031,0.11543,NaN,0.5607,0.75685,0.77361,0.84818,0.50323,0.34976,0.5874,0.81,1,0.86342,NaN,NaN,0.37689,0.24399,0.24572,0.25745,0.25918,0.26391,0.39832,0.436,NaN,0.26198,0.16468,0.15849,0.066727,0.043417,0.1271,0.11807,0.15791,NaN,0.067642,0.26303,0.18725,0.17832,0.67532,0.62573,NaN,0.29231,0.065341,0.20366,0.022039,0.08776
0.33776,NaN,NaN,0.28388,0.4352,0.79763,0.80492,0.50871,NaN,0.52138,0.38735,0.39171,0.30474,0.11736,0.15558,0.23082,0.42742,0.58068,NaN,0.78264,0.82283,0.7764,NaN,NaN,0.39775,0.18449,NaN,0.36064,0.44075,0.60381,0.75935,0.7778,0.7589,0.81166,0.59579,0.58266,0.65974,0.71706,0.62355,0.56634,0.42953,NaN,NaN,0.32556,0.27054,0.22532,0.10938,0.062594,0.22009,0.21212,0.10657,0.26391,0.29351,0.15789,0.081632,0.12821,0.13068,0.18078,0.07438,NaN
0.15782,0.15559,0.008213,0.075369,NaN,NaN,0.58929,NaN,0.099955,0.21707,NaN,0.4575,0.5624,0.4256,0.5471,0.71759,NaN,0.91532,1,0.93771,NaN,NaN,0.73339,NaN,0.39611,0.27778,0.68285,0.86754,0.89986,0.78843,0.42485,0.10279,0.12937,0.24081,0.28853,0.225,0.10792,0.17396,0.22169,0.29118,0.14476,0,0.04539,0.1479,0.18922,0.037849,0.13817,0.18898,0.15598,NaN,NaN,0.079886,0.044156,NaN,0.3288,0.13333,0.065341,0.059497,0.28375,0.36259
0.29425,NaN,0.14192,0.18688,0.089272,0.29911,NaN,NaN,0.11002,0.26627,0.2864,0.4087,0.54038,0.49263,0.58592,0.65622,0.73236,0.79283,0.83758,NaN,NaN,0.83478,0.77239,0.84418,0.73709,0.60712,0.52873,0.33296,0.30682,0.29115,0.17155,0.070546,NaN,NaN,0.41516,0.44939,0.36661,0.34917,0.36559,0.36786,0.46555,0.51392,0.36907,0.36176,0.34049,0.050604,0.14578,0.16202,0.089349,0.078788,0.22112,0.052781,0.34026,0.30117,0.10658,0.41282,0.39205,0.16934,NaN,0.44342
0.25664,NaN,0.09297,0.036139,0.34035,0.4875,NaN,0.34355,0.24108,0.19033,0.24103,0.28107,0.38563,0.34,NaN,0.42713,0.51653,0.616,NaN,0.72549,0.82915,0.86106,0.89552,NaN,0.95246,1,0.95241,0.97375,0.89468,NaN,0.54278,0.30914,0.21506,0.18622,0.20108,0.14647,0.039361,0.11594,NaN,0.23518,0.11141,0.1221,0.25514,0.21798,NaN,0.16141,0.14107,0.14825,NaN,NaN,0.249,0.15264,0.48052,0.13158,NaN,0.11795,0.17898,0.254,0.19835,0.062356
0.26475,NaN,0.20138,0.11317,0.047679,0.35474,NaN,0.59074,0.44351,0.35521,NaN,0.55144,0.63193,0.58544,0.79175,0.82536,0.80178,NaN,0.98191,0.89105,0.88301,0.93528,0.90696,NaN,0.66373,NaN,0.46055,NaN,0.47565,0.34186,0.28262,NaN,0.027933,0.13757,NaN,0.1751,0.14848,0.058542,NaN,0.31471,0.14383,NaN,0.37178,0.26372,NaN,0.19131,0.19287,NaN,0.19939,0.22182,0.35159,0.15692,0.15065,0.66374,0.058957,0.21282,0.34375,0.25172,0.26722,0.27714
0.13717,0.073725,0.085085,0.04137,0.16662,0.19645,0.3244,0.27409,0.29765,0.3728,NaN,0.41046,0.39945,0.18418,0.087772,NaN,0.15035,NaN,0.16116,NaN,0.0009485,0.19671,0.39949,0.58437,0.68504,0.73301,0.87257,0.90325,0.85065,0.90274,NaN,1,0.76625,0.68161,0.65265,0.68589,0.72021,0.577,NaN,0.66514,0.63474,0.54591,0.63507,0.74233,0.71268,0.55431,0.56556,0.66846,NaN,0.50182,0.25199,0.17546,NaN,0.27485,NaN,0.22564,0.22727,0.038901,0.12948,0.069284
0,0.077154,NaN,0.032573,NaN,0.19215,0.26299,0.015215,NaN,0.19491,0.25932,0.34276,0.31237,0.10942,0.006119,0.18207,0.34566,0.44374,0.51799,0.59974,NaN,0.8218,0.8526,NaN,0.89232,0.99394,1,0.96387,0.87287,0.60126,0.1855,0.28544,NaN,0.50874,0.77938,0.93558,0.85764,0.60559,0.43664,0.31449,0.26798,NaN,0.40618,NaN,0.42451,0.30527,0.15375,0.10752,NaN,0.14788,0.04482,NaN,0.18182,0.23099,0.068027,0.064103,0.028409,NaN,0.0854,0.094688
0.28982,0.27733,NaN,0.12981,0.1088,0.4609,0.30979,0.21367,0.075226,NaN,0.30767,0.45369,NaN,0.24131,0.3211,0.36322,NaN,NaN,0.69093,0.80693,NaN,0.82609,0.74664,0.75464,0.83268,0.87939,0.75334,0.57771,0.29353,NaN,0.25123,0.76803,0.79334,0.83074,0.7623,0.74476,NaN,0.14006,0.26829,0.53224,0.56283,NaN,0.51778,NaN,0.23472,0.060615,0.12006,NaN,0.23978,0.28485,0.065737,0.077033,0.32208,0.50877,NaN,0.49744,0.55682,0.22654,NaN,NaN
0.050885,0.063009,0.09067,0.088921,NaN,0.17468,0.10308,0.044984,0.091367,0.23452,0.23834,0.13643,0.21578,0.055791,0.21547,0.50468,NaN,0.76893,0.60257,0.30447,0.33948,0.24568,0.34047,0.72964,0.86404,0.80427,0.76594,0.77995,NaN,0.32193,0.33264,0.38879,NaN,0.15697,NaN,0.31401,0.11338,0.069149,0.1381,0.19532,0.094268,0.10708,0.11069,0.12252,0.14018,0.1311,0.077146,0.12189,NaN,0.21697,0.055777,0.32525,0.28312,NaN,0.2517,0.14359,0.15625,0.064073,0.19559,0.09007
0.29056,NaN,0.18331,NaN,NaN,0.24644,NaN,0.22381,0.32978,0.30688,0.29548,0.45237,0.5244,0.47097,0.68021,0.75239,0.95047,NaN,0.88123,NaN,NaN,0.81771,0.67861,0.63569,0.68729,0.78125,0.58536,0.59695,0.88606,NaN,NaN,NaN,0.33193,0.48479,NaN,0.08256,0.185,0.13767,0.003795,NaN,NaN,0.26068,0.21997,0.1251,0.31518,NaN,0.33937,0.31806,0.33569,NaN,0.11255,NaN,0.08052,0.27778,NaN,0.21282,0.16477,0.13272,0.07989,0.16628
NaN,0.20189,0.011169,NaN,0.053513,0.1548,NaN,0.31643,0.13313,0.16517,0.11626,NaN,0.26242,NaN,0.10813,0.19072,NaN,0.65527,NaN,0.81293,NaN,NaN,0.9644,0.84786,NaN,NaN,0.16525,0.55424,0.56636,0.45425,0.76839,0.80836,0.49438,0.4142,0.54587,0.55333,NaN,0.35853,NaN,0.45893,0.25431,0.17216,0.45118,NaN,0.13421,0.18788,0.24339,0.12459,0.36295,NaN,0.20916,0.2796,0.54805,0.3655,NaN,NaN,NaN,0.23341,0.15978,NaN
0.10398,0.087441,0.087713,NaN,0.10018,0.18194,0.36039,0.15987,0.1426,0.20792,0.31008,0.37324,0.39038,0.27668,NaN,NaN,0.14309,NaN,0.20335,0.2668,NaN,0.36694,0.45915,0.62012,NaN,0.77806,0.87709,0.99125,0.92117,0.67839,NaN,0.52404,NaN,0.35103,0.20047,0.11744,0.13569,0.12925,0.20926,0.25773,0.24053,NaN,0.15311,0.14906,0.206,0.25823,0.35386,NaN,0.25795,NaN,0.18825,NaN,0.14286,0.21053,0.19274,NaN,0.15057,NaN,0.12948,NaN
0.05826,0.068581,0.12582,NaN,0.15572,0.16232,NaN,0.18478,0.045313,NaN,0.14377,0.005422,NaN,0.045272,0.11767,NaN,0.090664,0.20509,0.33558,0.3491,0.46511,NaN,0.95825,0.87563,0.68289,0.66263,0.54554,0.64389,0.77699,0.74166,NaN,0.66412,0.80132,NaN,NaN,NaN,NaN,0.20661,0.24394,0.38617,NaN,0.26178,0.38743,0.28408,0.16534,0.087081,0.084209,0.12639,0.087834,NaN,0.13347,NaN,0.48312,0.39474,0.13379,NaN,0.60795,NaN,0.20937,0.2679
0.20501,0.15945,NaN,0.000951,0.015977,0.13706,0.23323,0.23197,NaN,0.091234,0.033886,0.14259,0.22729,0.18212,0.27044,0.21972,0.24112,0.26587,NaN,0.45527,0.51539,0.61732,0.66366,0.74665,0.84672,0.88303,0.99244,0.91087,0.70373,NaN,NaN,0.47562,0.24362,0.15994,0.14749,NaN,0.26066,0.29385,0.24805,0.19205,0.13804,0.3011,0.27428,0.23203,0.20941,0.09339,NaN,NaN,0.2004,0.11273,NaN,NaN,0.17403,0.28655,0.10204,NaN,0.10795,0.11899,NaN,NaN
0.16593,0.09087,NaN,0.12149,0.0667,0.11045,NaN,0.14509,0.073153,0.039468,0.23323,0.3221,0.39182,0.24059,0.37918,0.49206,0.27624,0.34078,0.66242,0.71179,NaN,0.43165,0.68073,NaN,0.77264,0.88358,0.88749,NaN,NaN,0.79365,0.55128,0.22939,0.31314,0.1487,0.22952,0.55282,0.47343,NaN,NaN,0.069063,0.34291,0.45043,0.34476,0.13888,0.20159,NaN,0.13365,0.18988,NaN,0.27394,0.060757,0.21969,NaN,0.24269,0.24036,0.23077,NaN,0.036614,NaN,0.039261
0.10841,0.015002,0.073587,0.09106,0.14278,NaN,0.3612,0.22558,NaN,0.23824,0.26584,0.34174,0.41817,0.36671,0.43756,0.52646,0.58512,0.66005,0.71692,NaN,0.88839,0.96606,1,0.98904,0.93607,NaN,0.91428,0.91025,0.7779,0.5758,0.35782,0.32532,0.18933,NaN,0.091439,0.17218,NaN,0.2558,0.19713,0.28301,NaN,0.30403,0.24143,0.27828,0.18169,0.10532,0.19377,0.28332,0.32105,0.27515,0.12749,0.23538,0.33766,0.30409,NaN,NaN,0.24148,0.075515,0.14325,0.055428
0.18732,0.16159,0.16097,0.1543,0.316,0.53776,0.60335,0.54443,0.52125,0.82969,0.90543,0.79763,0.71844,0.31566,0.19771,0.27417,0.26816,NaN,0.57385,NaN,0.89028,0.81055,0.69365,0.73138,0.71322,0.80769,0.88623,NaN,0.81524,0.45116,0.29657,0.26634,NaN,0.28606,0.14851,0.31008,NaN,NaN,0.59266,0.43649,0.095078,0.43895,0.60197,0.61543,0.5,NaN,0.2222,0.53459,0.5477,0.36364,0.34462,NaN,0.5039,0.39474,0.17007,0.10513,NaN,0.05492,0.14876,0.11778
0.43068,0.2006,0.15867,0.078221,0.24322,NaN,0.22186,0.086439,0.1509,0.034034,NaN,NaN,0.29999,NaN,NaN,NaN,0.65672,0.85943,0.93278,0.93226,NaN,NaN,0.92699,NaN,NaN,0.53332,0.3867,0.39409,0.40605,0.27016,0.26747,0.3106,0.28058,0.41547,0.3857,0.41482,NaN,0.41967,0.46026,0.361,0.3282,0.40464,0.32238,0.34141,0.24851,0.12781,0.095979,NaN,0.17264,0.16606,0.027888,0.0071325,0,0.6345,0.46032,0.19744,0.32386,0.254,0.30578,0.21709
NaN,0.26104,0.20861,NaN,0.39259,0.58909,NaN,0.43616,0.20495,0.10568,NaN,0.49956,0.37325,NaN,0.3216,NaN,0.54803,0.43429,0.40543,0.61826,0.36046,0.18096,NaN,0.91446,0.93555,0.40742,0.24057,NaN,0.79992,NaN,0.51335,0.73669,0.55812,0.91966,NaN,0.71099,NaN,0.4178,0.27809,0.33181,0.28361,NaN,0.06802,0.24053,0.22079,0.22394,0.22673,0.22402,0.22817,0.077576,0.15339,NaN,0.38442,0.17836,NaN,0.18462,0.4233,0.10526,0.54821,0.15473
NaN,0.18474,0.10907,0.094627,NaN,0.21177,NaN,0.37177,0.22553,0.18518,NaN,NaN,0.62775,0.56842,0.44538,0.21056,0.18806,0.29361,NaN,NaN,0.4161,0.22094,0.62011,0.89407,0.88914,0.72783,0.66782,0.83429,1,0.8255,0.53896,0.46877,0.79702,0.71659,NaN,0.14899,0.13634,0.18488,0.50675,0.50817,NaN,0.4326,0.36014,NaN,NaN,0.064866,0.058312,NaN,0.082282,0.10667,0.12052,0.084166,0.07013,NaN,NaN,0.37692,NaN,0.18764,0.31956,0.11547
NaN,0.16888,0.24836,0.17855,0.11514,0.25504,0.030303,0.13649,NaN,NaN,NaN,0.08177,0.0097885,0.094668,0.10172,0.19214,0.12506,0.24052,NaN,NaN,0.31176,0.12023,0.068348,0.26514,0.1291,0.1878,0.41885,0.74475,0.90219,0.76691,0.46692,0.23354,0.51402,0.64303,NaN,0.45282,NaN,0.63336,0.5428,0.34161,NaN,0.072894,0,0,0,0,NaN,0,0,0,0,NaN,0.6026,0.56725,0.099773,NaN,0.45739,0.17849,0.38017,NaN
0.7028,0.34934,0.20171,0.13077,0.13949,0.29696,0.24648,NaN,0.83948,0.70242,NaN,0.21454,0.27235,0.29019,NaN,0.52412,NaN,0.15678,0.14875,0.82031,1,0.39434,0.042069,0.17304,NaN,0.316,NaN,0.32596,NaN,0.49004,0.19989,0.32925,0.45196,NaN,0.66298,0.73538,0.76591,0.77041,0.67647,0.56013,NaN,0.18181,0.26109,0.28743,NaN,0.4206,0.24067,0.40401,0.53357,NaN,0.20518,0.092724,0.1974,0.85672,0.41723,0.53333,0.34943,0.45309,0.57576,NaN
0.15487,0.005572,0.019711,0.0092725,0.095866,0.21607,0.2316,0.1323,0.22938,0.19148,0.16348,0.10434,0.062473,0.14107,0.06791,0.069408,0.2322,0.23938,0.27351,0.43044,0.57399,0.71833,0.86998,0.91948,NaN,0.99361,1,NaN,NaN,NaN,0.6558,0.6366,0.5367,NaN,0.619,0.54224,0.48491,NaN,0.1809,NaN,0.17093,0.072771,0.098021,0.062613,0.050185,0.040729,0.043644,0.11351,NaN,NaN,0.050797,0.03709,0.32208,0.26316,NaN,0.1359,0.076705,0.073227,0.055096,0.048499
0.13422,0.16631,0.12122,0.0042795,0.046665,0.14163,0.19318,NaN,0.18984,0.22623,0.20488,0.32737,NaN,0.31185,0.27365,0.19275,0.08424,0.15678,0.30465,0.34996,0.39734,0.53154,0.62361,0.7155,NaN,0.77795,0.87887,0.95698,0.89752,0.66241,NaN,0.57021,NaN,0.45193,NaN,0.13357,0.15537,0.14131,0.31151,0.42527,0.30678,0.24652,0.15596,0.032853,0.042366,0.094761,0.14143,0.2327,NaN,0.069091,0.090637,0.17974,0.23896,0.093568,0.11791,NaN,0.10795,0.09611,0.12672,0.11085
0.073009,NaN,0.083443,0.077508,0.29166,NaN,0.39394,0.19272,0.18881,0.2411,0.3115,NaN,0.50209,0.42498,0.52433,0.67097,0.73081,0.82171,NaN,NaN,1,0.99816,0.88333,0.74316,0.62777,0.64137,0.70659,0.67281,0.54464,0.44487,0.37515,0.23916,NaN,0.12485,NaN,NaN,0.26974,0.18291,0.19977,0.22059,NaN,0.34371,NaN,0.248,NaN,0.13755,0.17222,0.36238,0.36749,NaN,0.21215,0.37233,0.38182,NaN,0.20635,NaN,0.13352,0.32494,0.28099,0.04388
0.26032,0.17017,NaN,NaN,0.19097,0.33324,NaN,0.13407,0.011846,0.056199,0.087481,0.33836,0.18425,0.10302,0.11957,0.15337,0.11139,NaN,0.14338,0.05137,NaN,0,0.19466,0.23645,NaN,0.11036,0.44879,NaN,0.67786,0.62107,0.71727,0.55819,0.64307,NaN,0.9507,0.96018,0.80483,0.66434,NaN,NaN,0.65721,0.62259,0.49166,0.29348,0.21638,0.10985,0.1456,0.22522,0.28571,0.21212,0.057769,0.1184,0.4026,0.4386,0.17007,0.16923,0.375,0.14645,0.21212,0.14319
0.079646,NaN,0.059461,0.035188,0.028658,0.10481,0,0.075634,0.10603,0.051766,NaN,0.041618,0.1451,0.17222,NaN,NaN,0.16651,0.13039,NaN,0.038635,0.088743,NaN,0.43255,NaN,0.66967,0.79282,NaN,0.92054,0.83634,0.70576,0.63324,0.53662,0.436,0.5345,0.50363,0.388,0.10147,0.0029115,0.051444,0.11046,0.10955,0.20769,NaN,NaN,NaN,NaN,0.057769,0.090147,0.1373,0.089697,0.14841,NaN,0.33507,0.046783,0.072562,0.035898,0.3125,0.12586,0.12672,0.15012
0.16224,0.12216,0.24113,0.10961,NaN,0.19672,0.17424,0.42933,0.41478,NaN,0.38069,0.088072,0.24874,0.4916,NaN,0.67596,0.74148,NaN,0.42236,0.247,0.36962,0.67222,0.81954,1,NaN,NaN,0.76111,0.60107,0.4862,0.53638,NaN,0.15907,0.14008,0.094859,0.44799,0.6623,0.6639,0.1854,0.16656,NaN,0.52866,0.48657,0.31062,0.17934,0.25291,0.26687,0.31202,0.45583,0.46896,0.21697,0.24104,0.10699,0.083117,0.24854,NaN,0.066667,0.36648,0.14874,0.29477,0.194
0.036873,NaN,0.017412,0.011888,0.038042,NaN,0.13366,0.11466,0.14497,0.14243,0.091876,NaN,NaN,0.065794,0.14605,0.15306,0.095224,0.10379,0.063223,0.067423,0.17222,NaN,0.38942,NaN,0.81219,0.95837,0.81931,0.56937,NaN,0.31171,0.24469,0.11301,0.14554,0.20816,0.21857,0.16583,0.026023,0.024748,0.1556,0.25436,NaN,0.36447,0.29419,0.19067,NaN,NaN,0.11011,0.09973,0.13932,0.12121,0.022908,0.087018,NaN,0.049708,0.10431,NaN,0.065341,0.075515,NaN,0.066974
0.21239,0.14874,0.15604,0.13077,0.025361,0.33647,0.38745,0.2355,0.27691,0.32046,0.36991,NaN,NaN,0,0.064399,0.13047,0.17832,NaN,0.24553,0.38923,0.54522,0.69226,0.70817,0.75638,0.92234,1,0.99779,0.82472,0.69886,0.69543,0.69875,0.51191,0.22125,NaN,NaN,0.028629,0.1335,NaN,0.1031,0.079738,0.015286,0.16007,0.2007,0.19943,0.18752,0.13508,NaN,0.28571,NaN,0.29212,0.041832,0.11127,0.10649,0.33918,NaN,NaN,NaN,0.17391,0.096419,NaN
NaN,0.14788,0.0049275,0.058488,NaN,0.20371,NaN,NaN,0.14631,0.033462,0.04055,NaN,0.30085,0.38826,0.52081,0.68034,0.74314,0.76727,NaN,0.85306,NaN,NaN,NaN,0.87296,0.9043,NaN,0.87877,0.63977,0.28673,0.19282,NaN,0.2113,0.18902,NaN,0.083257,0.027419,0.078941,0.10294,0.1012,0.14564,NaN,0.046886,0.098538,NaN,0.11814,0.089687,NaN,NaN,0.25088,0.37939,0.15339,NaN,0.23896,0.035087,0.10431,0.17436,0.15057,0.080091,0.1157,0.055428
0.52802,0.53279,0.54205,0.34189,0.34897,0.71701,0.68236,0.36538,0.0579,NaN,0.20559,0.42849,0.4412,0.19501,0.20062,0.24608,0.14993,0.21268,0.32769,0.1235,NaN,0.64952,NaN,0.9751,0.80318,0.61681,0.46581,0.52275,0.76147,0.49398,0.50343,0.42856,0.38675,0.17954,0,NaN,0.56254,0.21836,NaN,NaN,0.28686,0.5381,NaN,NaN,0.16946,NaN,0.58693,0.882,NaN,NaN,0.35956,0.62197,0.58442,0.81871,0.30612,0.40256,0.49432,0.43707,0.56749,0.11778
0.25811,0.69696,0.53252,0.32406,0.26959,0.32357,0.5625,NaN,NaN,0.51795,0.39033,0.022128,0.35915,0.52841,NaN,0.72206,0.82903,0.67668,0.41616,0.34942,0.53678,0.749,0.82102,1,0.87316,0.6797,0.68579,0.48683,NaN,NaN,0.39128,0.041451,NaN,0.020032,0.3451,0.68216,0.73529,0.3342,NaN,0.31699,0.4176,0.46545,0.30777,NaN,0.32528,0.23368,0.2874,0.53669,0.5159,0.18303,0.22211,0.14551,NaN,0.57018,0.35828,0.15128,0.21307,NaN,0.30028,0.14319
NaN,0.38405,NaN,0.17951,0.024854,0.04703,0.14502,0.44146,NaN,1,1,0.70296,NaN,NaN,0.27445,0.36383,0.2236,NaN,NaN,0.45109,0.63396,0.84194,0.97234,1,NaN,0.48486,0.3722,0.32524,0.41548,0.38021,0.42627,0.085149,0.40523,0.67207,0.60847,NaN,0.41187,0.33877,0.44286,0.46296,NaN,0.51966,NaN,0.23499,0.2114,0.018925,0.21079,0.61456,0.53963,0.24121,0.20717,0.23966,0.4987,0.5848,0.30612,0.11538,0.068182,0.36384,NaN,0.034642
0.11947,0.12602,0.089685,0.079886,NaN,0.11395,NaN,0.12745,0.081297,0.0715,0.19722,0.47479,NaN,0.50686,0.62965,0.71636,0.49777,0.35771,NaN,0.28778,NaN,0.65525,NaN,NaN,1,0.75218,0.53703,0.60601,0.86151,0.63694,0.46736,0.51438,0.29959,0.30355,NaN,0.21633,0.048436,0.022876,0.071474,0.053268,0.13549,0.11319,0.21247,0.24491,0.15738,0.26289,0.26566,0.1174,0.17971,0.32727,NaN,0.13409,NaN,NaN,0.15646,0.30769,0.27273,0.12357,0.0854,0.030023
0.14897,0.06258,0.10874,0.068474,0.10576,0.11395,0.20022,0.17795,NaN,0.28557,NaN,0.27125,NaN,NaN,0.1624,0.1837,0.26785,NaN,0.40133,0.37511,0.48524,0.64227,0.75808,0.8454,0.9082,0.88016,0.80975,0.66848,0.53003,0.4894,0.56338,0.60043,0.50121,0.42851,0.31779,0.22692,0.12027,0.13154,0.24489,0.39357,NaN,0.4978,NaN,0.3892,0.29414,0.24547,0.30587,0.40162,0.38819,NaN,0.20418,0.16405,0.16104,0.002924,0.045351,0.11538,0.073864,NaN,0.057851,0.060046
0.056047,0.088727,0.062746,0.10628,0.14963,NaN,NaN,NaN,NaN,0.10353,0.1829,0.09701,0.017993,0.16325,0.29471,0.19031,NaN,0.13299,0.12276,0.15357,0.1895,0.4336,0.64332,NaN,NaN,0.8024,0.68999,0.74887,0.7429,0.61511,NaN,NaN,0.51234,0.90397,0.85404,0.66915,0.3384,0.28772,0.24573,0.27026,0.27585,NaN,0.56666,NaN,NaN,0.025645,0.14433,NaN,0.18526,0.18788,0.2988,NaN,NaN,0.26901,0.045351,0.23846,0.26989,0.091533,0.19284,0.23557
NaN,0.1916,NaN,0.027579,NaN,0.23865,0.31602,0.39206,NaN,0.41842,NaN,0.58822,0.88657,0.81726,1,1,NaN,0.8987,0.70903,NaN,0.16463,0.38503,0.56448,0.26975,NaN,NaN,NaN,NaN,NaN,NaN,0.55564,0.49135,0.29634,0.21049,0.1211,NaN,0.37787,0.39253,0.38826,NaN,NaN,0.31673,0.093496,0.15949,NaN,0.14934,0.11282,0.14795,0.13327,0.098182,0.10359,0.052781,0.023377,0.081871,0.015873,0.21795,0.15341,NaN,0.13774,0.12933
0.12094,0.055722,0.12911,NaN,NaN,0.18973,0.55655,0.75193,0.77018,0.83684,NaN,0.62588,NaN,0.2672,NaN,0.02646,NaN,0.41756,0.67915,0.79634,NaN,0.86883,0.85175,0.91814,0.86977,0.78896,NaN,0.83646,0.57315,NaN,NaN,NaN,0.63194,0.70896,NaN,NaN,NaN,0.36415,0.35747,0.39444,0.25999,0.18742,0.24247,0.29206,0.2242,0.16607,NaN,0.25457,0.1792,0.26545,0.085657,0.16405,0.14286,0.51754,NaN,0.31282,0.22159,NaN,0.43802,0.18245
0.10988,0.26618,0.23752,0.13077,0.0421,0.25423,NaN,0.12988,0.21427,0.095381,0.21296,NaN,0.23089,NaN,NaN,0.31264,0.35219,0.22971,0.33516,0.30522,NaN,0.51242,0.51987,0.68794,0.62623,0.6428,NaN,0.79673,NaN,0.8499,0.67281,NaN,0.27733,NaN,0.26368,0.080141,0.32451,0.40075,0.15075,0.39499,0.49415,0.19023,NaN,0.41252,0.32201,0.15716,0.086201,NaN,0.41595,0.20727,NaN,0.35663,0.35844,0.63158,0.41043,0.4641,0.30398,NaN,0.21212,0.2448
0.085545,0.16331,0.10315,NaN,NaN,0.33298,0.43101,0.40728,NaN,NaN,0.45073,0.51319,0.41327,0.17046,0.13582,0.19947,0.24961,0.43647,0.63044,0.69542,0.79026,NaN,0.8721,1,0.98617,0.94206,0.94474,0.9295,0.83015,0.59657,0.35858,0.27162,0.16434,0.20965,NaN,0.12571,0.018587,NaN,0.11016,0.1463,0.056283,0.12198,0.21195,0.24684,0.29642,NaN,0.35567,0.38934,0.31954,NaN,NaN,0.20257,0.18442,0.064327,0.070295,0.17179,0.10511,0.01373,0.038567,0.18245
0.074484,0.31633,0.11564,NaN,NaN,0.11905,0.2914,NaN,0.24182,0.30859,0.40862,NaN,0.35598,0.20976,0.18638,NaN,0.20195,0.34701,0.60267,NaN,0.78225,0.80012,0.79517,0.91528,0.93105,0.95176,1,0.98127,NaN,0.61447,0.38311,0.31881,0.24761,0.23328,0.21459,NaN,NaN,0.033066,0.11259,NaN,0.009033,0.050428,0.19087,0.22443,0.22107,0.22641,0.21387,0.21563,0.16204,NaN,0.2012,0.18973,0.25455,NaN,0.063492,0.05641,0.096591,0.093822,0.15427,0.066974
0.023599,NaN,0.021354,0.11793,0.20695,0.31604,0.44399,0.29063,0.42159,0.47991,0.42195,0.44358,0.30474,0.10106,0.20774,0.22786,NaN,0.13486,0.077215,0.026327,0.11014,0.31408,0.49857,NaN,0.78545,0.88303,0.93644,0.94782,0.9026,0.90956,0.90965,0.86295,0.70388,NaN,0.6366,0.68538,0.644,NaN,NaN,0.44913,NaN,0.52943,0.55903,0.63399,0.66961,0.43829,NaN,0.54088,0.49975,0.30424,0.12849,0.12411,0.31429,NaN,0.07483,NaN,0.16193,0.09611,0.002755,0.053118
0.091446,0.092585,0.02431,NaN,0.037535,0.0091375,0.16937,0.19824,0.10529,0.12899,0.13781,0.086753,0.04448,0.059296,0.14876,NaN,0.074293,0.16083,NaN,0.27729,NaN,0.55608,0.73328,0.87266,0.90246,0.72585,0.66992,0.69566,0.58036,0.33664,0.1879,0.24983,0.23049,0.28564,0.17991,NaN,NaN,0.25871,0.26882,0.29292,0.26891,0.25104,0.19566,0.23048,0.26301,0.23546,0.16262,0.19647,0.22463,0.13333,0.023904,0.077033,0.17403,0.30117,0.013605,0.046154,0.0625,0.12815,NaN,0.096998
0.084071,NaN,0.096583,0.075369,0.17753,0.18409,0.17018,0.23219,0.25204,0.30488,0.3037,0.42468,0.43501,NaN,0.22249,NaN,NaN,0.26639,0.46329,NaN,0.73978,0.76669,0.72788,0.86405,0.9291,0.98194,1,0.95832,0.87033,0.66571,0.48163,0.32307,NaN,0.18622,0.081415,0.023891,0.044281,0.054487,0.073266,NaN,0.035322,NaN,0.31941,0.35919,NaN,0.31308,0.32923,0.3549,0.27562,0.26545,0.20319,NaN,0.22857,0.18129,NaN,0.058974,0.14489,0.032037,NaN,0.053118
0.057522,0.076725,0.013469,0.0014265,0.048947,0.095673,NaN,NaN,0.051829,NaN,0.084929,0.19974,NaN,0.2573,0.21517,0.26837,0.32556,NaN,NaN,0.25139,0.39924,0.4565,0.41931,NaN,0.6124,0.62231,0.64618,0.72427,0.85126,1,NaN,0.66839,NaN,NaN,NaN,0.58347,0.49617,NaN,NaN,0.14728,NaN,0.17009,0.19268,0.15602,0.16264,NaN,NaN,0.045523,0.042907,0.14545,0.021913,0.087018,0.15325,0.34795,NaN,0.12821,0.24432,0.10755,NaN,0.04388
0.35103,NaN,0.18955,0.28816,0.43241,0.48535,NaN,0.15722,0.1734,NaN,0.093293,0.33133,0.29149,NaN,0.33193,NaN,0.25189,0.27013,0.25815,0.11483,NaN,NaN,0.31366,0.52976,0.51107,NaN,0.51045,0.51863,0.3818,0.30287,0.39335,0.47574,0.53586,0.58453,0.62719,0.75433,0.71638,NaN,0.52794,0.59967,0.71199,NaN,0.48312,0.36125,0.28177,0.33434,NaN,NaN,0.38465,0.28848,0.26693,0.10414,0.32208,0.44152,0.12925,NaN,0.54261,0.3135,0.91185,1
0.21608,NaN,0.061433,0.19758,0.38118,0.44289,0.23999,0.28622,0.22479,0.38353,0.43201,0.39625,0.20498,NaN,0.49694,0.72593,0.72542,0.81849,0.87303,0.96329,1,0.8678,0.62605,0.58744,0.81742,0.75273,0.59145,NaN,0.28876,0.078939,0.21319,0.58639,0.53324,0.71553,0.72364,0.6998,0.55948,NaN,0.46036,NaN,0.46497,0.3812,0.30738,0.36176,0.19534,0.15579,NaN,0.20605,0.21302,NaN,NaN,0.22682,NaN,0.37427,0.19048,0.12051,0.073864,0.27231,0.15152,0.032332
0.081859,0.21989,0.19908,0.10937,NaN,0.66783,NaN,0.44366,0.49474,NaN,0.3865,0.14229,NaN,0.56038,0.69526,0.97588,1,NaN,NaN,0.42059,0.47312,NaN,0.69079,NaN,0.80625,0.74557,0.80092,NaN,NaN,NaN,NaN,0.71422,0.25475,NaN,0.84954,0.71573,0.48655,0.5691,0.48724,0.29946,0.027909,0.13565,0.35394,0.36228,0.29542,0.09051,0.088917,0.10332,NaN,0.34788,0.026892,NaN,0.11169,0.55263,NaN,0.046154,NaN,0.070938,NaN,0.16397
0.37168,0.23232,0.27168,0.062054,NaN,0.22037,0.26894,0.12304,0.20583,0.38968,0.3563,NaN,0.35598,0.36382,NaN,0.42886,0.235,0.08561,NaN,0.936,0.7715,0.52479,0.66186,0.91538,0.75543,NaN,0.8815,0.59767,NaN,0.0522,NaN,0.024713,0.05387,0.40212,0.35215,0.097782,0.171,0.36883,NaN,0.2646,0.091604,0.26129,0.24298,0.18513,0.30509,NaN,0.20373,0.07607,0.14387,0.21576,0.051793,0.10414,0.2987,0.10234,0.26077,NaN,0.23295,0.10069,0.12948,0.10855
0.089971,0.12473,0.03318,0.005706,0.044129,0.040581,0.066559,0.016538,NaN,NaN,0.11499,0.12427,0.13099,NaN,0.057177,0.075717,NaN,0.24758,NaN,0.49369,0.55839,NaN,0.56289,0.45077,0.53115,0.70999,0.9043,1,0.82214,0.51433,NaN,0.053134,0.11793,0.4194,0.64979,0.73689,0.83228,0.73932,0.67721,NaN,NaN,0.20122,NaN,0.51739,NaN,0.47586,0.49602,NaN,NaN,0.33455,0.16833,NaN,0.090909,0.043859,0.068027,0.13846,NaN,0.073227,0.1157,0.062356
NaN,0.1153,0.05749,0.074418,0.088512,0.026606,0.076028,0.13142,NaN,0.36537,0.43769,NaN,0.32359,0.10261,0.12509,NaN,0.66791,0.69361,0.78603,0.93589,NaN,0.81525,NaN,0.63057,NaN,0.6558,0.37819,NaN,NaN,NaN,NaN,0.184,NaN,0.33164,NaN,NaN,0.5667,0.30872,NaN,0.2354,NaN,0.23565,0.10798,0.11698,0.19619,0.26714,0.2193,0.25247,NaN,0.29939,0.11753,NaN,0.25714,0.076024,0.18594,0.11026,0.32386,0.038901,0.24793,NaN
0.075221,0.027004,NaN,0.12482,0.21506,0.31309,0.41775,NaN,NaN,0.29401,0.12633,NaN,0.37397,0.35939,0.50777,NaN,NaN,NaN,0.82716,0.84942,NaN,0.98344,0.86277,0.63149,0.49457,0.49279,0.67791,0.84428,0.81869,0.56983,0.26899,0.26443,0.25286,NaN,0.12509,NaN,0.058714,0.047104,0.055134,0.15577,NaN,0.26483,NaN,NaN,0.28675,0.24506,0.20138,NaN,0.15396,0.10182,0.038845,0.064194,0.062337,0.02924,NaN,0.064103,0.048295,0.13501,NaN,0.10624
0.042036,0.0090015,0.02431,0.0007135,0.089525,0.20505,0.31088,0.20816,0.2815,0.31532,0.30951,NaN,NaN,0.044859,NaN,NaN,0.4012,0.50951,0.56417,0.58829,NaN,NaN,0.89128,0.98238,NaN,0.83038,0.58557,0.28324,0,0.20379,0.41995,0.50708,0.5179,0.60933,NaN,0.37268,0.22064,NaN,0.15887,NaN,0.25651,0.28901,0.34993,0.29928,0.2451,0.19981,0.21279,NaN,0.19788,0.15879,0.091633,0.099857,0.17143,NaN,0.063492,0.15385,0.096591,0.075515,0.030303,0.071593
0.12758,0.15602,NaN,0.18212,0.046158,0.10374,0.37635,0.42271,0.26625,0.2421,0.2623,0.1886,0.25781,0.47138,0.72896,0.77804,NaN,0.59709,0.38986,NaN,0.48862,NaN,0.85122,1,NaN,NaN,0.68179,0.57215,0.46956,0.48876,NaN,0.13345,0.12507,NaN,NaN,0.7124,0.76186,0.32505,0.022981,0.28028,NaN,0.46618,0.31553,0.25767,0.32798,0.25864,0.35494,NaN,NaN,NaN,0.14243,NaN,0.072728,NaN,0.054422,0.1359,0.24716,0.12357,0.18457,0.041571
0.74189,0.35319,0.18463,NaN,0.14405,0.32948,0.25839,0.38192,0.16644,NaN,0.31476,0.35097,0.37599,0.27885,0.38038,0.30195,0.37374,0.17849,0.28656,NaN,0.28162,NaN,0.32288,0.2384,0.39611,NaN,0.44553,NaN,0.75558,0.63556,0.76643,0.70344,NaN,NaN,0.64734,0.39657,NaN,0.2976,NaN,0.13475,0.54997,NaN,0.97207,0.70961,0.83281,1,NaN,NaN,0.81171,0.57576,1,1,NaN,0.87427,0.55782,0.21282,0.49432,0.48284,0.62259,0.23095
0.18363,NaN,NaN,0.17475,0.24753,0.18302,0.37446,NaN,0.055975,0.11898,0.11952,NaN,NaN,0.1748,0.26101,0.41003,0.4871,0.65829,0.7814,0.82673,0.8692,NaN,1,NaN,0.95646,0.85098,0.70743,0.56783,0.48904,0.4552,0.39204,0.22905,0.13557,0.23953,NaN,0.37117,0.27968,0.20048,0.29486,NaN,0.39155,0.53565,0.4217,NaN,0.12283,0.23149,NaN,0.36448,NaN,0.39152,0.25199,0.29387,0.66753,0.4883,0.070295,0.1641,NaN,0.16934,0.21212,0.13857
0.18437,0.18603,0.040079,NaN,0.06036,0.090299,0.083334,0.15987,0.11388,0.095238,NaN,NaN,0.24816,0.081674,0.14304,0.21067,0.17832,0.075844,0.061435,0.054474,0.18044,NaN,0.15863,0.21975,0.068033,NaN,0.56634,0.84119,0.84446,0.75274,0.82539,0.65783,0.63719,0.90461,0.98824,NaN,0.72261,0.55631,0.57991,0.71307,0.61274,0.63382,0.4764,0.25728,0.21496,0.069665,NaN,NaN,0.26451,0.22788,0.099602,0.042796,0.47273,NaN,NaN,0.23846,0.19886,0.17849,0.23416,0.20554
0.062684,0.080583,NaN,0.10247,0.19579,NaN,NaN,0.44454,0.38812,0.41141,0.41869,0.48784,0.54225,0.5082,0.69435,0.84531,1,0.92499,0.84326,NaN,0.80417,NaN,0.7141,0.60117,0.70891,0.83016,0.6133,NaN,0.62368,0.6966,0.60196,0.43035,0.38108,0.40064,0.15414,0.19103,0.22075,0.099407,0.12777,0.3305,0.18622,0.24396,0.16449,NaN,NaN,0.30102,0.34951,0.44864,0.39021,0.23758,0.12151,NaN,0.17662,0.19591,0.15646,0.14359,0.21875,0.036614,NaN,0.030023
0.15708,0.36305,0.32359,0.087969,0.26629,0.41629,NaN,NaN,0.47683,0.48677,0.43116,0.49927,0.55218,0.45973,0.51811,0.65245,0.83691,0.84166,0.82579,0.83444,NaN,0.85042,0.96206,1,NaN,0.9349,NaN,0.70193,0.62662,0.5384,0.32905,0.2295,0.12822,0.32623,NaN,0.22692,0.22545,0.22595,0.16034,NaN,0.3143,0.33321,0.03983,NaN,0.26358,0.2404,0.1954,0.21803,0.12216,0.23152,0.15837,NaN,0.48312,0.73099,0.30385,0.31026,0.32102,0.20595,0.030303,0.069284
0.32301,0.2216,0.27201,0.15002,0.28303,NaN,0.57441,0.75546,0.48304,0.39454,0.65632,0.92556,0.96948,0.77591,NaN,0.94464,NaN,0.88301,0.79213,0.76648,0.49536,0.39188,0.35965,0.3765,NaN,0.25102,0.2931,0.25556,0.43415,0.15074,0.36033,0.28567,0.15825,0.22565,0.11077,0.41351,0.38093,0.070084,NaN,0.20185,0.15217,NaN,0.18117,0.20974,0.088286,0.027838,0.095979,0.22222,0.20646,0.073939,0.1245,0.10842,0.21818,0.11111,0.19955,0.47949,0.3892,0.10526,0.1405,0.08776
0.14307,0.079297,0.13009,0.06253,0.16003,0.39694,0.38014,0.29702,0.44025,0.54354,0.45583,0.50308,0.5411,0.31329,0.33103,0.28903,NaN,0.10452,0.31096,0.40368,0.46142,0.35354,0.40437,0.47382,NaN,NaN,0.64534,0.76215,0.79515,0.84841,0.95815,0.74197,NaN,0.33884,0.121,0.10756,0.1183,0.14942,0.34092,0.58954,0.65177,0.61306,0.71279,0.64764,NaN,NaN,0.73687,0.82689,0.7996,NaN,0.053785,0.099857,0.50909,0.27485,0.07483,0.069231,0.16761,0.19222,NaN,NaN
0.23599,0.054865,NaN,0.26676,0.071265,0.28971,0.51813,NaN,0.43847,0.60904,NaN,0.81111,0.98431,0.70063,0.73588,0.7357,0.85722,0.94369,0.87187,0.77665,NaN,NaN,0,0,NaN,0.43408,0.47757,NaN,0.27425,0.12613,NaN,0.35026,0.29865,0.30737,NaN,0.067943,0.16215,NaN,0.15222,NaN,NaN,0.10965,0.14044,NaN,NaN,0.066785,0.0795,0.1755,0.18677,0.22424,0.3008,0.33666,0.58961,0.24269,0.34694,0.48462,0.082386,0.85584,0.34435,NaN
0.16519,0.07844,0.14816,NaN,0.14963,NaN,0.36445,NaN,0.19384,0.18061,0.092017,NaN,0.18929,0.26586,0.57298,0.82597,0.86209,0.80582,0.89954,NaN,NaN,0.99755,0.98644,0.97552,0.89846,0.9696,0.96586,0.75638,0.43527,0.34186,0.46267,0.40474,0.30495,0.31373,0.20446,0.065827,0.25596,0.15649,0.035948,0.10294,NaN,0.029792,0.11548,0.18797,0.19164,0.053621,0.098877,0.14046,0.10146,0.11515,0.15438,NaN,0.37922,0.20468,0.027211,0.18974,0.11932,0.052631,0.096419,NaN
NaN,0.13373,0.13371,0.081074,0.18286,NaN,0.22944,NaN,0.22494,0.27671,0.33503,0.41969,NaN,0.16964,0.14033,0.16009,NaN,0.25735,0.4778,0.58968,0.74874,0.8083,0.76613,0.87583,0.87838,0.94162,1,NaN,0.84233,0.58996,0.41635,NaN,0.25118,0.19131,0.10054,0.019254,0.025039,0.0914,0.073898,0.10512,NaN,NaN,0.26652,NaN,0.26699,0.28072,0.31076,0.32016,0.24079,0.20606,0.18526,NaN,0.17143,0.21637,0.072562,NaN,NaN,0.022884,0.093664,0.12471
NaN,0.12345,0.15145,0.11436,0.18438,NaN,0.29843,0.25865,0.17178,0.10425,NaN,0.066383,0.21894,0.30772,0.45852,0.61704,NaN,0.7759,0.78834,0.81389,NaN,0.98098,0.95973,0.95912,0.90963,0.89933,0.78265,0.57565,0.33787,0.38585,0.45243,0.33768,0.24908,0.27928,NaN,0.047278,NaN,NaN,0.051023,0.18453,0.10469,0.09072,NaN,0.16336,0.15994,0.069254,NaN,0.20276,NaN,0.20606,0.032869,0.20257,NaN,0.064327,0.06576,0.42308,0.38068,0.02746,0.18733,NaN
0.081121,0.06258,0.066688,0.027817,NaN,NaN,NaN,0.1237,0.17429,0.17003,0.084929,0.038687,0.063912,0.10323,0.07724,0.059027,0.17604,0.26753,0.28393,0.41856,0.57409,0.70361,0.81191,0.83864,0.9042,0.97819,1,NaN,0.75477,0.6395,0.57809,0.53067,NaN,NaN,0.50875,0.50313,0.46206,NaN,0.15539,NaN,0.1861,0.12027,0.071124,0.063385,0.088427,0.069254,0.04473,0.065588,0.051489,0.05697,0.018925,0.047075,NaN,0.05848,0.099773,0.11282,0.039772,0.086956,0.23416,NaN
0.18215,0.24689,0.35611,0.2437,0.23003,0.58533,0.64881,0.8194,0.81786,0.86958,0.85694,1,0.77156,NaN,NaN,0.68889,0.66418,0.74556,0.88733,0.8522,0.78647,0.66639,NaN,0.34925,0.52162,NaN,NaN,NaN,0.59781,0.8417,0.8752,0.52134,0.14544,0.26465,0.41004,0.29869,0.63033,0.66268,0.52751,0.50131,0.49647,0.30904,NaN,0.28627,NaN,0.024136,0.24411,0.22282,NaN,0.12849,0.032869,0.31954,0.41818,0.24854,NaN,0.61538,0.8892,0.36842,0.25895,0.16628
0.47861,0.24389,0.27168,0.074655,0.099163,0.17979,0.19968,0.23705,0.33733,0.24667,0.3658,NaN,0.49849,NaN,0.28177,0.39457,0.56865,NaN,0.58826,0.4497,NaN,0.18342,0.16096,0.14824,0.22992,0.19991,0.26295,NaN,0.6946,0.7309,0.81461,0.85116,0.65505,0.7133,0.73816,0.81542,0.93604,1,0.88362,0.75643,NaN,0.71331,0.59718,0.46882,0.21211,0.16676,0.23651,0.35879,0.29177,0.28485,0.13446,0.18973,0.48052,0.096491,0.068027,0.05641,NaN,0.36384,0.29752,0.16859
