0.184330159267881,0.0069478471730856,0.0381688403158757,0.00332537319604119,0.035805481928776,0.00294125989722678,-0.01771216551451,0.0114205077007186,0.0119735889609272,-0.00743603426396378,-0.00138168077100289,0.0107584375008456,-0.015784260801606,0.0224306077044978,-0.0141517342781737,-0.0352091374751054,0.00770949182117479,0.0190708123187248,0.00129656391864395,-0.0375177226663127,0.0538058217623024,0.00447348065050324,0.00943476406692423,0.0143143737958533
0.0069478471730856,0.0351918882109191,-0.00477843317261707,0.0178926496098491,0.00287639620955517,0.00387028274328884,0.00382983193538201,-0.00612752676366444,0.0144289328600826,-0.00421740611442073,-0.00960475580350168,-0.00129739631337621,0.00127262293523135,0.0135892184192482,-0.00281756366289273,-0.0152204888377312,0.0208088302248866,0.00977163667519053,-0.0014840215979842,-0.0177042653780153,0.00911732778254078,-0.00336634273836684,-0.0167608743760044,0.00893616179933436
0.0381688403158757,-0.00477843317261707,0.0820246927501177,-0.00335541899003152,0.00659336072930997,0.00973459727199084,0.00174751448002604,-0.00497509650067295,0.000241556968498173,0.0167387977252611,0.0144600258830426,0.0215741002053566,-0.000647135846293251,0.00901185932781535,3.93303739510723e-06,-0.00431788540789408,-0.00631254504785465,8.40227074073857e-05,0.0049883602378902,-0.0132583910702866,0.0259213502804782,-0.000182390627617243,-0.0137164221919338,0.0184082355077919
0.00332537319604119,0.0178926496098491,-0.00335541899003153,0.026992827407849,-0.00536751764766246,-0.00399876462736284,0.00156519777375776,0.00531177383583313,0.0199702388984957,-0.00313590095025298,0.00206416725744127,0.0035316864295039,5.49978880769707e-05,0.0269785376783206,0.000775563862108521,-0.00102187688924642,0.0118788791952337,0.00625386786386773,0.00229877318127545,-0.0127679830807038,-0.00747362633145821,-0.000219944736415466,-0.0129840035737944,-0.00690939379553047
0.035805481928776,0.00287639620955517,0.00659336072930997,-0.00536751764766246,0.1535592131447,-0.00450819795489367,0.00414319873708244,-0.00467336519408375,0.00577999256729992,0.0107520477760777,-0.00922024607210157,-0.00661563345727397,-0.00519471451325853,0.0292061752972792,-0.0088925850564287,-0.00239029028301196,0.0177605151498379,0.0144242012622498,-0.0127679010283957,-0.00175070677477149,0.0334939879411466,0.0134714247472386,-0.0164898405461192,0.00323084195987118
0.00294125989722678,0.00387028274328884,0.00973459727199084,-0.00399876462736284,-0.00450819795489367,0.107419140856831,-0.002924877251458,0.0221385270216265,0.00361085953674413,0.0292161441724741,-0.0170495956333714,-0.00510685385167148,0.0268468005925909,-0.0158481715234109,-0.00206589462023367,-0.00788806398140085,0.0194039750840539,-0.00555074483962524,0.00960833498679971,-0.0200253030209318,0.0202787390422042,-0.0101080663732527,-0.00062590005146244,0.0527118723680712
-0.01771216551451,0.00382983193538201,0.00174751448002604,0.00156519777375776,0.00414319873708245,-0.002924877251458,0.0494540209443079,-0.0101854004847119,-0.000438908942417912,0.00444070595870124,-0.00116587589927131,-0.00642788902809919,0.00647652356554295,-0.000886257374887925,0.000967364272877234,0.00462611150044432,0.0128429591197577,0.00415703835042595,-0.003375488723468,-0.0100035255624861,-0.00563840271416931,0.00119123380330347,-0.00214114363730522,0.00982221598147793
0.0114205077007186,-0.00612752676366444,-0.00497509650067295,0.00531177383583313,-0.00467336519408375,0.0221385270216265,-0.0101854004847119,0.144983528477745,0.0117535381432621,0.0100274312519327,-0.00231566490867324,0.00266054005241809,0.0238035757462153,0.0283134386242191,-0.0151487939793542,0.0117164041466893,0.0292177236757261,0.00801597333717794,-0.011158459457117,0.0336930679302168,-0.0483428178569357,0.00602184002105747,-0.00771552974149658,0.0178374071339375
0.0119735889609272,0.0144289328600826,0.000241556968498173,0.0199702388984957,0.00577999256729992,0.00361085953674413,-0.000438908942417913,0.0117535381432621,0.124132036006967,0.00707639182338429,-0.00377374459473324,-0.00272614131900658,0.00939931556545834,0.0125405697947323,-0.0108187646179834,-0.00682081681249707,0.0404476245213565,0.0319133096679414,0.000797428958874622,-0.0170740757421438,-0.0468402766546817,-0.00742291930011092,-0.0390368744610807,0.0113221855949098
-0.00743603426396378,-0.00421740611442073,0.0167387977252611,-0.00313590095025298,0.0107520477760777,0.0292161441724741,0.00444070595870124,0.0100274312519327,0.00707639182338428,0.0383933111460004,0.00844554039274008,0.0103691486812843,0.00176516285224406,0.00287517972797164,-0.00139362895614974,0.0158258243344484,0.000102349303572661,0.0012487346249003,0.00550750666706678,-0.0188361931025634,0.000362667501701508,0.00191417481719634,0.0039500495686147,-0.00723791902541521
-0.00138168077100289,-0.00960475580350168,0.0144600258830426,0.00206416725744127,-0.00922024607210157,-0.0170495956333714,-0.00116587589927131,-0.00231566490867324,-0.00377374459473324,0.00844554039274008,0.112603359177819,0.00683496644497382,-0.0209235737340493,0.0155292614725504,0.00186414965230955,0.0113867962872414,-0.0109417148255292,-0.00442813002468179,0.00695092095399749,-0.00696541418841964,-0.00754605467343789,0.00277524605843794,-0.00853146424855782,0.0240410125019678
0.0107584375008456,-0.00129739631337621,0.0215741002053566,0.0035316864295039,-0.00661563345727397,-0.00510685385167148,-0.00642788902809919,0.00266054005241809,-0.00272614131900658,0.0103691486812843,0.00683496644497382,0.0379642716712041,-0.00458274531428356,0.0180109028582013,-0.00133289719290269,0.0066854592653375,-0.00121058477906041,-0.00857461002402811,0.00125629783378712,-0.00631419564975555,0.00070956768709807,0.000136356043649069,0.00908518094403952,-0.00883323232795422
-0.015784260801606,0.00127262293523135,-0.000647135846293251,5.49978880769707e-05,-0.00519471451325853,0.0268468005925909,0.00647652356554295,0.0238035757462153,0.00939931556545834,0.00176516285224406,-0.0209235737340493,-0.00458274531428356,0.101868218160109,-0.0424923016187838,0.00304936691602518,0.0174138571180871,0.0376565624168727,-0.0114258746983736,0.000811801845621111,-0.0017685601373066,0.00895494733299079,-0.00732488703245877,0.0274092660783765,-0.00790466200845064
0.0224306077044978,0.0135892184192482,0.00901185932781535,0.0269785376783206,0.0292061752972792,-0.0158481715234109,-0.000886257374887925,0.0283134386242191,0.0125405697947323,0.00287517972797164,0.0155292614725504,0.0180109028582013,-0.0424923016187838,0.235144845906534,-0.00310044040966263,-0.0173640083014304,0.00907226032926197,0.0164043167811512,0.00144781079153656,-0.0134641056977298,-0.0190896290207751,-0.00476457152217286,-0.0666945738329923,-0.00629154496065989
-0.0141517342781737,-0.00281756366289273,3.93303739510723e-06,0.000775563862108521,-0.0088925850564287,-0.00206589462023367,0.000967364272877234,-0.0151487939793542,-0.0108187646179834,-0.00139362895614974,0.00186414965230955,-0.00133289719290269,0.00304936691602518,-0.00310044040966263,0.0419674903755092,0.0243224863705038,0.0141130859516006,-0.0006702065745383,0.0196396903106674,0.0162371316658684,-0.0130794461109679,0.009578566636459,0.0168985970932075,-0.0180960524634911
-0.0352091374751054,-0.0152204888377312,-0.00431788540789408,-0.00102187688924642,-0.00239029028301196,-0.00788806398140085,0.00462611150044432,0.0117164041466893,-0.00682081681249707,0.0158258243344484,0.0113867962872414,0.0066854592653375,0.0174138571180871,-0.0173640083014304,0.0243224863705038,0.185811339793452,-0.036777604728267,0.0143149723739949,-0.00415338115342159,0.000738209627486272,0.00675990094052563,0.00979209794273802,0.0108720436047571,-0.0166448496692953
0.00770949182117479,0.0208088302248866,-0.00631254504785465,0.0118788791952337,0.0177605151498379,0.0194039750840539,0.0128429591197577,0.0292177236757261,0.0404476245213565,0.000102349303572661,-0.0109417148255292,-0.00121058477906041,0.0376565624168727,0.00907226032926197,0.0141130859516006,-0.036777604728267,0.110675703763483,0.00886780393835823,-0.00360865459337579,0.0251100696215624,-0.0632580968089011,-0.00488244604280882,-0.0143190871155774,0.00954035342965979
0.0190708123187248,0.00977163667519053,8.40227074073857e-05,0.00625386786386773,0.0144242012622498,-0.00555074483962524,0.00415703835042595,0.00801597333717794,0.0319133096679414,0.0012487346249003,-0.00442813002468179,-0.00857461002402811,-0.0114258746983736,0.0164043167811512,-0.0006702065745383,0.0143149723739949,0.00886780393835823,0.103314262284423,-0.044949720245555,0.0194552473874459,-0.0216327929551807,-0.00245370237210653,-0.00458314538846556,0.0203926039197466
0.00129656391864395,-0.0014840215979842,0.0049883602378902,0.00229877318127545,-0.0127679010283957,0.00960833498679971,-0.003375488723468,-0.011158459457117,0.000797428958874622,0.00550750666706678,0.00695092095399749,0.00125629783378712,0.000811801845621111,0.00144781079153656,0.0196396903106674,-0.00415338115342159,-0.00360865459337578,-0.044949720245555,0.0510601432153395,-0.00945664140447817,0.0064336570953733,0.00353714728205604,0.00287048423364519,-0.00672165344747381
-0.0375177226663127,-0.0177042653780153,-0.0132583910702866,-0.0127679830807038,-0.00175070677477149,-0.0200253030209318,-0.0100035255624861,0.0336930679302168,-0.0170740757421438,-0.0188361931025634,-0.00696541418841964,-0.00631419564975555,-0.0017685601373066,-0.0134641056977298,0.0162371316658684,0.000738209627486272,0.0251100696215624,0.0194552473874459,-0.00945664140447817,0.136578790731462,-0.112119419737026,0.00647443933631473,0.000202413805270278,0.00449574107813447
0.0538058217623023,0.00911732778254077,0.0259213502804782,-0.00747362633145822,0.0334939879411466,0.0202787390422042,-0.00563840271416931,-0.0483428178569357,-0.0468402766546817,0.000362667501701508,-0.00754605467343789,0.00070956768709807,0.00895494733299079,-0.0190896290207751,-0.0130794461109679,0.00675990094052563,-0.0632580968089011,-0.0216327929551807,0.0064336570953733,-0.112119419737026,0.208362978464727,-0.000866596027268514,0.0141330072661827,0.00597207481825165
0.00447348065050324,-0.00336634273836684,-0.000182390627617243,-0.000219944736415466,0.0134714247472386,-0.0101080663732527,0.00119123380330347,0.00602184002105747,-0.00742291930011092,0.00191417481719634,0.00277524605843794,0.000136356043649069,-0.00732488703245877,-0.00476457152217286,0.009578566636459,0.00979209794273802,-0.00488244604280882,-0.00245370237210653,0.00353714728205604,0.00647443933631473,-0.000866596027268514,0.0192723610055738,-0.0010864223298312,-0.0119973323331568
0.00943476406692423,-0.0167608743760044,-0.0137164221919338,-0.0129840035737944,-0.0164898405461192,-0.00062590005146244,-0.00214114363730522,-0.00771552974149657,-0.0390368744610807,0.0039500495686147,-0.00853146424855782,0.00908518094403952,0.0274092660783765,-0.0666945738329923,0.0168985970932075,0.0108720436047571,-0.0143190871155774,-0.00458314538846556,0.00287048423364519,0.000202413805270278,0.0141330072661827,-0.0010864223298312,0.131557166794014,-0.100971277906369
0.0143143737958533,0.00893616179933436,0.0184082355077919,-0.00690939379553047,0.00323084195987118,0.0527118723680712,0.00982221598147793,0.0178374071339375,0.0113221855949098,-0.00723791902541521,0.0240410125019678,-0.00883323232795422,-0.00790466200845064,-0.00629154496065989,-0.0180960524634911,-0.0166448496692953,0.00954035342965979,0.0203926039197466,-0.00672165344747381,0.00449574107813447,0.00597207481825165,-0.0119973323331568,-0.100971277906369,0.215806269703518
