0,0,0.0384106591633905,0,0
0,0,0,0.223035682373265,0
0,0.0330494326702697,0,0,0
0.746754982785995,0,0.0330952484425043,0.413427718538816,0
0,0,0,0,0.200623610294681
0,0,0,0,0.139669537659417
0.678608257266165,0,0,0,0
0,0,0,0.35266244382227,0
0,0.0624544886005674,0,0,0.161141922457638
0,0,0,0.265922704738455,0.0842461727196054
0,0,0.0417856567589233,0,0.0818213765430521
0,0.0591646748963018,0,0.356389534229529,0
0.757361646870107,0,0.0320084616520027,0,0
0,0,0,0,0.148231400311805
0,0,0,0,0.106777928284816
0,0,0,0,0.165456078922483
0.648883408536619,0.07121693078918,0,0,0.26329580596519
0,0,0,0.456731068353157,0.21227413295167
0,0,0.395997839638845,0,0.0589024203235617
0,0,0,0.313709020869324,0
0.81957758851163,0,0,0,0.122038490045237
0,0.0975827924899623,0,0,0.198594321057071
0,0,0.0242688298602896,0,0
0,0,0,0.425775898016322,0.15126255526874
0.623021480677212,0.0601931386855413,0,0,0
0.639766260550739,0,0,0.471264139578907,0
0,0.0451513504867157,0,0.274930998193046,0.191670074373195
0.595850088116062,0.059356970484071,0,0,0.126055537097145
0.635614166225632,0,0,0,0
0.612371167769709,0,0,0,0
0,0.0415219878166597,0.0244488167786927,0.169036225121291,0.106184348403915
0,0,0,0,0.178266286707389
0,0,0,0,0.111207094844992
0.696313311254303,0.029981942693605,0.0109238911811656,0,0
0,0,0.0268405896861084,0,0
0,0,0.0446800847486443,0,0
0,0.0735458440188276,0.0417850090909909,0,0.249913742428502
0.671384376994888,0,0,0,0.358956730646357
0,0,0,0.381357929085337,0
0,0,0.0153976574239487,0.156147283281375,0
0,0.0994907342977371,0,0,0
0,0.113691157117044,0.103958539925911,0,0
0.731281474893742,0,0,0.227358471833363,0
0.761993878252519,0,0.0264149423209608,0,0.0869891634932399
0,0,0,0.467037985742936,0.180610575817211
0,0.069847763105695,0,0,0
0.737981569284323,0,0,0,0.164139852275922
0,0,0,0.51870097893211,0
0,0,0,0,0.101361591739719
0,0.0743900967194835,0.0400181709715103,0,0
0,0.0519683156927636,0,0.258377183402501,0
0.478517140347336,0,0.136282998762112,0,0.0650030669358755
0.656341901233625,0,0,0,0
0,0.0562825509366758,0,0,0
0,0,0.0276452523252736,0,0
0,0,0.108044676911176,0,0.261184092825926
0,0,0,0.268395517695571,0
0,0,0.04571311510076,0,0
0,0,0,0,0.201920668592021
0.681669131006487,0.0631104879630469,0,0,0
0,0.0766808973101138,0,0,0
0.667679683109542,0.0523979490780495,0,0,0.171730518567741
0,0,0,0.164479127367076,0
0.640764727385817,0.0781973183716202,0.0486956259292821,0,0
0,0,0,0,0.0954979937127814
0.591921694010836,0,0.0392947258910631,0.42960690481391,0.15427390293148
0.667270475390248,0,0,0,0.146488997367547
0.616992486946274,0.0576245778014666,0.0309289935091367,0,0
0.760171539875928,0,0.0406872119456392,0,0
0.713701911272854,0.0579340986274253,0,0,0
0,0,0,0,0.240020957395149
0,0,0,0,0.0983483272420579
0,0,0.0291528289714301,0,0
0,0,0.03340677671797,0.33688767101527,0
0.645658851708579,0.0518187524578321,0.0268971310966035,0,0
0,0.0718226907638639,0.0398549586525554,0,0.208041761443505
0.584730550357102,0,0,0,0
0.651251357205602,0,0,0,0
0,0,0.0341205067794317,0.510588881608123,0
0.657296719245312,0,0,0,0
0,0.0415710722760002,0,0,0
0,0.0630660232175267,0.0329054817383226,0.41243223923274,0.173378357655839
0,0.0640760081514851,0,0.369582944474229,0.12022069159404
0,0.0731127458481766,0.0495952366873313,0,0.195295448156005
0,0.0802940909817989,0,0,0
0,0.0591219425434643,0.0314156511935128,0.33645810580939,0.190960206507016
0.705692352180532,0,0,0.178820251120245,0
0,0,0.0347286669679186,0,0.169406036752115
0.783087172156416,0,0.025955227622571,0.238686682154842,0.173221816137194
0,0,0.0285677257613353,0.279110157992627,0
0,0.0599540684953419,0.0352247806041071,0,0.113679172949626
0.700170776021519,0,0,0,0.245606614358371
0,0,0,0.467623756478227,0
0,0.0479566717040796,0,0,0.123196258338232
0,0.0542487219272984,0,0,0
0.651769686983375,0,0,0.0935075422118968,0.0785474224959746
0.619289506277246,0,0,0,0.161105502594117
0,0.0783803745317487,0,0.221458403658916,0
0,0,0,0,0.0989425460679326
0.929157959635751,0,0.0378374730432511,0.464976205132278,0.0751098985355381
0,0,0,0,0.198988550106065
0,0,0,0,0.199152120019424
0.699903426978246,0,0,0,0
0,0,0,0,0.183460909346487
0,0,0,0,0.149814705957523
0,0,0,0.0978164320274286,0
0.685766664302355,0,0.0349521124045831,0,0
0,0,0.0309721929602252,0,0
0,0.0341321780968973,0.0171120992077013,0,0
0,0.0563351001813815,0,0.0975013734172607,0
0,0.0585485205655223,0.0342105326220299,0,0.0942718583075626
0.745931111244483,0,0.0266581416295623,0.340598876114454,0
0,0,0,0,0.147966877092545
0,0,0,0.377582520866014,0
0,0,0,0,0.148272931735119
0.570195492167764,0,0,0.262686735105869,0
0,0,0.0272109262098323,0,0.114634395685844
0,0.110602878428189,0,0,0
0,0,0,0.231826214729652,0
0,0.0754006591176693,0,0,0
0,0,0,0.200074131437687,0
0,0.0591866185369482,0,0,0.339517468755591
0,0.0682666660507048,0,0,0
0.771563882781085,0,0.0354002986137769,0.375946996022054,0
0,0.0626329250468757,0,0,0.197020599585964
0,0,0,0.250276338171733,0
0.697333602501078,0.0739956886520772,0.0589838310348354,0,0.272880619521047
0.771192867782258,0,0,0,0
0,0.052290540731728,0,0.27135018499765,0.13311971273034
0.742084558683115,0,0,0.335567204781478,0
0,0,0,0,0.274244128095688
0,0,0,0.346678977780425,0
0,0.0436210702837486,0,0.224852564484422,0
0,0,0,0.552014455630349,0
0,0,0,0.424225094815433,0
0,0.0559643681473042,0,0,0
0.597372340831837,0.0745304205267744,0,0.488256124117207,0
0.596362961790911,0,0,0.339936988277966,0
0,0,0.129547252265559,0.206972326469556,0
0.686192240330422,0.0608791661878526,0,0,0.195039231221407
0,0.0809772311629725,0.0609203581525946,0.17001250968011,0.253956347279372
0,0.0554798756604025,0.0288626737377324,0,0
0,0,0,0.0505397695306553,0
0,0.130529436527731,0,0,0.16081797735579
0.592527321435392,0,0,0.347943845435952,0
0.547579945548093,0.0652471056049255,0,0.486553748601762,0
0,0.0654890631162626,0,0,0
0.64674461619044,0,0,0.433175804028249,0
0,0.0462485325190318,0,0,0
0.822081939753711,0,0,0,0
0,0,0,0.363707366149732,0
0,0,0,0,0.112998057607279
0,0.0797605140355568,0,0,0
0,0,0.0323115702443476,0,0.172244230326884
0,0.050031500673612,0,0.231906965045703,0
0,0,0.0256613159148656,0,0
0,0,0,0.291949458244806,0.194147902982595
0,0,0,0,0.173328519947862
0.736290177377906,0,0.0522998979728706,0.437329812090043,0
0,0.0719358737524607,0,0,0
0,0.038279526179052,0,0,0.080331995808521
0,0,0,0.234947015878689,0.169905691721829
0,0,0,0.253777724826751,0.257358729266236
0,0.0651316127594186,0,0,0
0,0.0624163759615501,0,0.41452181913253,0
0,0.216836085046622,0,0,0
0.72999929070662,0.0500124443541034,0,0,0
0,0,0.0213514096589698,0,0
0.683638784162024,0.0683555955417452,0,0,0.0603233700513712
0,0,0,0.356964714759437,0
0.685679366655572,0,0,0,0
0,0.0558748611920363,0,0.372331764659161,0
0.668536291268598,0,0.0271753692403457,0.155868628502214,0.170186188565441
0.695549456844954,0,0,0,0
0,0.058743703474429,0.041966356112052,0.21905707458814,0.17571945204079
0.533869850120853,0,0,0,0.0809958596365681
0,0,0.0461081925395002,0.295866510461137,0
0,0.054666228563806,0,0,0.216701382676924
0,0.0615651936901639,0.0310560011906728,0.37998186427328,0.271445549109311
0,0.0490486565583478,0,0,0.181167096889616
0.603063056181492,0.0652805985301226,0,0,0
0.725236112854033,0,0,0,0
0,0,0.0279458350126823,0.270020452334147,0
0.687698124737425,0.0539911728818179,0,0.352289800970328,0
0.555671346184274,0,0,0,0
0,0.0486940935226415,0,0.244690666719618,0
0.736148318701884,0,0,0,0.116791473918266
0,0,0,0,0.159672987962277
0.745254554481916,0,0,0,0
0.684986441584234,0,0,0,0
0.740835111113536,0,0.038485140975612,0,0
0,0,0.036326463757053,0,0
0.711252121060012,0.04796360127481,0,0,0.217873207759348
0,0,0,0.107100070821999,0
0.6273972752222,0,0.0264425977416726,0.331730240993361,0
0,0,0,0.307675913239742,0.246170802770465
0.652926380803247,0,0,0.160011384470788,0
0,0,0,0.353239610015687,0
0.698632154996972,0,0,0.237967871964417,0.159142663633808
0,0.0565551140520723,0.0417837137551262,0,0.0996243003552534
0.517647764907437,0,0,0,0
0,0,0.0219705802023069,0.250760178180206,0.221685792419557
0,0.0679883282930331,0,0.320475500221732,0
0.638063956438474,0,0.0355492622382199,0,0.242804201702149
0,0,0.0400667460664374,0,0.170231553658599
0.692177585237968,0,0.184507057669842,0.328172593872242,0.128088021059626
0,0.0597600405148902,0,0,0
0,0.0480756293349518,0,0.101666633572275,0.102279755667442
0,0,0.0287701219901981,0,0
0,0.0738524775236486,0,0,0.123505507705676
0,0.0473353201952522,0.0289467410353529,0.28734933778122,0
0.798162384535222,0.0551027915198223,0,0,0.0972895954200424
0,0,0,0.348052395041136,0
0,0.0857921278921574,0,0.486516020995082,0
0.612447553210644,0,0.309426010123957,0.408495330381314,0.279696245559332
0,0.0852273678776284,0,0,0
0,0.063187290705309,0,0.37932063832463,0
0,0,0.0264262117429839,0.345757629912035,0
0.719327153387421,0,0,0,0.150495182354896
0,0.0766808973101138,0,0,0
0,0,0,0,0.193911493342193
0.755402905920417,0,0,0,0.17159186750837
0.637676573130875,0,0.0364857900684138,0,0
0,0.0781026142383044,0.0607552028298425,0,0
0,0,0.0445699812001429,0,0
0,0.048096418047143,0,0.21276384503882,0.170928003680323
0.911169188295568,0,0,0,0
0,0,0.0319143555014307,0,0.153508446852557
0,0.0952319356196682,0,0,0
0,0,0.076005191965213,0,0
0,0,0,0.0872295360828154,0
0.597426901861077,0,0,0,0
0.614973728864421,0.0656195700316854,0,0,0
0.711399435838958,0,0,0,0.213397398216066
0.733742177312433,0,0,0,0
0,0,0.0286621557458735,0,0
0.568755080995848,0,0,0,0
0,0,0.0337895484659952,0,0
0,0,0.0326561295843636,0,0
0,0.0537059055534157,0,0,0
0.734407821869152,0,0,0,0
0,0,0,0.142814876591013,0
0.741560772802418,0,0,0.391412005321578,0.172842921767577
0,0.0774506571254177,0,0,0
0.802319934963253,0,0,0.36900246884163,0
0,0,0.0412118229708515,0,0
0.686312274594748,0,0,0,0
0.712337885541873,0,0,0,0.195044981726174
0,0.068942876661148,0,0.189333015627172,0
0,0,0,0,0.087348250568661
0,0,0,0,0.274648580264268
0,0,0.356490095764828,0,0
0,0,0.0264156547556864,0,0.139514912975695
0,0,0.033252631750068,0,0
0,0,0,0,0.118427811996831
0,0,0.0546768392846352,0.291561591972624,0
0,0.0513856542871811,0.0295103416700934,0,0
0,0,0,0.362452426811753,0
0.589733796738342,0.0657980064779937,0.0367914893324882,0.384174923717427,0
0,0.0591005763670455,0,0.347184660087502,0.119631584327958
0,0,0,0.516625960564723,0
0.69582226199115,0,0.0208361898187767,0,0.129050911135533
0.694731041406365,0.0514618795652156,0,0,0
0,0.0501175428435147,0,0.257474368393532,0
0,0,0.0359870857604959,0,0.134324124006441
0.657553156082736,0,0,0.249597903139334,0.0789403736550208
0,0.0552771857165378,0.0289999145725997,0,0
0,0,0.0305636440284919,0.397667507264219,0.206929358243668
0.409889732159907,0.118835785920152,0.116637287369808,0,0
0,0.0661202315169581,0,0,0
0.711497645691588,0,0,0.121764195839373,0
0.7742810220372,0.0662865412144881,0.0322863111949855,0,0
0,0,0,0.281986060642164,0
0,0.0641978531034949,0,0,0
0,0,0.029339616403123,0.340267270308374,0
0.695456703095247,0,0,0.14431140498931,0.0558608505635494
0.772360473807978,0,0,0,0
0,0.0825589056821902,0,0.217737270242185,0
0,0,0,0.307537578681917,0.210085746415519
0,0.0474612073968548,0.0247545808095603,0,0.0584765634983515
0,0.0758995882102593,0,0,0
0.674156077280242,0,0,0.325790459548725,0
0.710826545031946,0,0.0421431694575865,0,0.192679607432208
0,0,0.0958704627865874,0,0
0,0,0.0291839170321835,0,0
0.682623949018174,0.0714063390558113,0,0.366020664138255,0
0,0.0684630038880666,0.0508407021212615,0,0.160924042221484
0.618034602604744,0,0.0302042530928249,0,0
0.737174066051582,0,0,0,0
0,0.0711741984363424,0,0,0
0,0.0560573398879373,0,0,0
0,0,0,0,0.1268497456999
0.742706554416443,0.0417552833645838,0,0.242974391559606,0.144631584327958
0,0.0522720618764469,0,0,0
0,0,0,0.423533422026303,0
0.782236020100283,0,0.0292882563360868,0,0.187300329695607
0.580480246179364,0,0,0,0
0,0,0.0431716661341757,0.317381174586155,0.232844966391494
0.696515187062489,0,0,0,0
0,0,0.0499320240121591,0.31180278390024,0
0,0,0,0.117554589199314,0
0,0,0,0.16861989767214,0.145488409538171
0,0,0,0,0.10173793032944
0,0.0940048241361568,0,0,0.0807102512331638
0,0.0436557181374007,0,0,0
0.683245944751502,0.0692806932342559,0,0,0
0,0,0,0,0.198729138446597
0,0,0,0,0.220887750146957
0,0,0,0.398257911214366,0
0.645222363474665,0.0490122763120132,0,0,0.135999437728423
0.699057731025038,0,0.0153956496533584,0,0
0,0,0,0,0.192912183402765
0.795172440132911,0.0566619449341662,0,0,0.112255603547422
0,0,0,0.38166636881714,0.169029698162394
0,0.0582020420290014,0,0,0
0,0.0730463374620101,0.0432856556902712,0,0
0,0,0,0.232162453750587,0
0,0,0.0354896767884427,0,0
0,0.047855615464261,0,0.348318473951404,0
0,0.0387045398505176,0,0,0
0,0,0.0641327910971048,0.293966230482582,0.141879648324686
0,0,0.0383815141064343,0,0.122489585196923
0.718519650154681,0.0518239496358799,0,0,0.119572801390344
0,0.119248095378612,0.11222666875043,0,0.0669135124083114
0.716746416704405,0,0,0,0
0,0,0.0603944517915175,0,0.114659953484806
0.755572045111059,0,0,0,0
0,0,0,0.397095636173494,0
0,0,0.0297503674058263,0,0
0,0.156739960351306,0.176078307198097,0,0.506444399008357
0,0,0,0.254767247142299,0.144070590640734
0,0,0,0.245280408781928,0
0.687250724297663,0,0,0,0.125526490658624
0,0.079921626555039,0,0,0
0,0.0605118989391404,0.0248841143960325,0.279647610915854,0
0.798948063356267,0,0,0,0.0838711120198328
0,0,0,0.279068459058928,0
0,0,0,0.338676091949458,0
0,0,0.0503426454812759,0,0.127003092493674
0,0,0.0483692012913721,0,0
0,0,0,0,0.118335803920566
0,0,0,0.355823620129333,0
0,0,0,0,0.215534030209318
0,0.086574591920467,0,0,0
0.74551099131934,0.0680576240003372,0,0.362317401693109,0.155201012088839
0.642723468335507,0,0,0,0
0,0,0,0,0
0,0,0,0.348219190775931,0.149109949651136
0,0.0749485046275096,0,0,0.0904356326833133
0,0.0588320555012418,0,0.348153001992282,0
0.635254063432653,0,0,0,0
0,0,0,0,0.330946660873566
0.704972146594573,0,0.038906772799579,0,0
0.624963853318129,0,0,0,0
0.631522089032687,0,0,0,0
0,0,0,0.457951589523639,0
0,0,0.0307131257872809,0.358412263457834,0.164953229227899
0,0,0,0.406450096966568,0
0.535752205629607,0.0743184911552691,0.053499378983603,0,0
0,0,0.0563517085577206,0.341111839187731,0
0.606222139774445,0,0.0320084616520027,0,0
0,0.0717995921947625,0,0,0.125713701536024
0.704513833948964,0,0,0.264833899247434,0
0.766326023974116,0,0,0,0.0780873821146523
0,0,0.280389113712419,0,0
0,0,0.0441289193382051,0,0
0,0,0.0433717955252752,0.251848321783391,0
0,0,0,0.283489207918826,0
0,0.0502948243613679,0,0,0
0,0.0696854956577577,0.0401949843170449,0.461515855523123,0
0,0,0.0265726494624907,0,0.143768369668004
0.709342485036638,0.0553147208913276,0.0301127376139823,0,0.208430239987732
0,0,0,0.387637258990092,0.106262938635725
0,0,0,0.336900908772,0.18346921563115
0.677413370725825,0,0,0,0
0,0,0.0242549697665371,0,0
0.709113328713833,0,0,0,0
0,0.0658245698324603,0,0.347557302939444,0
0.729426399899608,0,0,0,0
0,0.0511708375945381,0,0.259674483562016,0
0.756717826725083,0,0,0,0.109807805351803
0,0,0,0,0.138141181281468
0,0,0.0284400056450737,0,0.218048917627214
0,0,0.0994378177580314,0,0
0,0.0471776724611352,0,0,0
0,0,0.0272049028980614,0,0
0,0,0,0.186027547771755,0
0,0,0.0353614385378352,0.0665514981831179,0.116570398957242
0,0,0,0.284636259539458,0
0,0,0.0209981068018669,0,0
0,0.0589504356678864,0,0,0.155455312188514
0,0.0808386397483641,0.0423277548183094,0.486840346034961,0.274644107649449
0.698604874482352,0,0,0,0
0,0.0453979277118731,0.0249712904997283,0,0
0,0,0.0267509524442696,0,0
0.733081988858638,0,0,0.0756206853186659,0.0773596237891992
0,0,0.0660576601920815,0.197721120178974,0.208477521915813
0.693001456779481,0,0.0535252857008975,0,0
0,0,0.0692856371669683,0,0
0,0.0673871880321694,0.0381412293035284,0,0.105471285812866
0.644502157888706,0,0,0,0
0,0,0.165751889684535,0,0
0,0,0,0,0.190979374856237
0.730370305705447,0.0650444156610608,0.031409692648535,0.432118769153379,0
0,0,0,0.164273942137765,0.146729240677793
0,0,0,0.362751600113845,0.138013392286656
0,0.0757737010086568,0,0.472067671412403,0
0,0,0.0639061073207784,0,0.11461969995144
0.672748402725869,0,0,0,0
0,0,0.015720066520678,0,0
0.654001233079261,0.0526035263430519,0,0.317347418306494,0.200392312214072
0,0.0550121296360994,0.0484469214432555,0,0
0,0,0,0.395058345412786,0
0,0,0,0.43960472058405,0
0,0,0,0.218592429326926,0
0.391305154380432,0,0,0,0
0.605250953453986,0,0.0313145502292712,0,0.120181077005648
0.605327338894921,0.0615224613373263,0.0350848843307171,0,0
0,0.0697513265796967,0.0374430432724433,0.393291104889365,0
0,0,0,0.237125288748569,0.167192731361975
0.623807159498257,0.0474525454334417,0,0.216666335722748,0
0.771525690060617,0.0556796782831296,0,0.241413660041169,0
0,0.0708340720063244,0,0.134060086177796,0
0.671406201406583,0.0666601605697031,0,0,0.267449587241547
0,0.0637058535816353,0.0329864402298677,0,0.157035423109362
0,0,0,0,0.134938150126511
0,0,0,0.324808879887214,0
0,0,0.0373750381395453,0,0
0,0.0463744197206344,0,0,0
0,0,0.0257808754151794,0,0
0,0,0,0.180592786746358,0.145685843535155
0.708322193789864,0,0,0,0
0.846066968207288,0,0,0.259034438024132,0
0.607433394623556,0.0678832298036217,0,0,0
0,0,0.0440194634576361,0.468899214339138,0
0,0,0.0284678553661652,0,0
0,0,0,0.345289675211639,0.18139136657551
0.710226373710314,0.0353194445487088,0.0165825659062031,0.0681837135878954,0
0,0,0.0442422612263683,0,0
0,0,0.0177099614760637,0.123391116141459,0
0,0,0,0,0.120623865872671
0,0,0,0,0.140252894420733
0.735171676278501,0,0,0,0
0.739651136779044,0,0.050886686544459,0,0.233089682316559
0,0.0530730047600376,0,0,0
0,0.0589077033150489,0,0,0
0,0.0671030756322223,0,0.465113215914431,0.154271347151583
0,0.0501175428435147,0.0303892918211004,0,0
0,0.0453869558915499,0,0,0
0,0.0430724792675906,0,0.221649689243661,0
0.761322777592876,0.0548816227206765,0.0273668198811516,0,0.187272216116748
0,0,0.0288626737377324,0,0.083416183198303
0,0,0,0,0.146627009481943
0,0,0,0,0.131245048176451
0,0.0581194646444639,0.02608689851322,0.319928118980957,0
0,0,0.0531366849414809,0.205810051428685,0
0,0.127726425167277,0,0.334142822157357,0
0.743688652942749,0,0,0,0
0.666326569584409,0,0,0,0.111393666777417
0.653706603521369,0.0529344133454293,0.0272551619296126,0,0.225900273468449
0.661454269673343,0,0.402773741547205,0,0
0,0.0587154077272798,0,0,0.110138778848366
0,0,0.0521774887336544,0,0
0.614007998646886,0.0527034276544154,0,0.254006738018175,0
0.620735373552087,0,0,0.122674291614543,0.0886874792342883
0,0,0,0.262077798296301,0
0,0,0.0299631910884001,0,0
0,0,0,0.268263140128274,0
0,0,0,0.478725601159628,0
0,0,0,0,0.189435683798911
0,0,0,0.165930647392493,0
0,0,0,0,0.148489534081325
0.681041679170236,0,0,0,0
0.709937200255346,0,0,0,0
0,0,0,0.261114751494212,0
0.658589815638282,0.152298105513109,0,0,0
0,0,0.0269196699406496,0,0
0.6836333280591,0,0,0.400841259440175,0
0.749984995716959,0,0,0,0
0,0.0436972955617832,0.0201790011678101,0,0
0,0,0.0195332762392462,0,0.0874012830015079
0.636356196223286,0,0,0,0.150983975260051
0,0,0,0.402527087759708,0
0,0.0605118989391404,0.0316511432537192,0,0.129601042758198
0,0,0.0321107931853157,0,0
0,0.0523915969715466,0,0,0
0,0,0,0.459538134667699,0
0,0,0.031633526685959,0,0
0,0.0396827642519615,0.0176071118084048,0,0
0,0.0374341185499411,0.0169078895086279,0,0
0,0,0,0.36914940794133,0.221255143507041
0,0.0641689798921181,0,0.444065182714137,0
0,0,0.0434644120396028,0.535136315799925,0
0,0.0743710403999748,0.054209870705403,0.251956209500738,0
0,0.0656992600950853,0,0,0.201458711375776
0.580567543826147,0,0,0,0.153517392082194
0,0,0.0582584429505912,0.171689733457768,0
0.70988809532903,0,0.0398374716183816,0,0.0907250747565619
0,0.0619007004063616,0.032165197291634,0,0
0,0.0710506210916499,0,0,0
0.698926784554864,0.0479653336674926,0,0,0
0.580125599489309,0,0.0272589184036203,0,0
0,0.0700123404105424,0.0364164895996512,0,0
0.729699205045804,0.0522039210975978,0,0,0
0,0.0565660858723954,0.0282304203021617,0.34182800182681,0
0.718623316110235,0,0,0,0
0.766713407281715,0,0.030497258065425,0,0.181319165793442
0,0.0654965701512206,0,0,0
0,0.0537873280094981,0,0,0.189576251693204
0.708780506435473,0,0.0309802888093798,0.320601920798502,0
0,0,0.0389598815700326,0.3472263590212,0
0.652042492129572,0,0,0,0
0,0.0537047506249607,0,0,0
0,0,0.0307719988023324,0,0.130218902548113
0,0,0,0,0.219652669512102
0,0,0,0.198308876577775,0
0,0,0,0.292885367645599,0
0,0,0,0,0.163864466992103
0,0,0.01927097072664,0,0.145075012139954
0,0,0,0,0.126332839215887
0,0.139047033883868,0.135419657408275,0,0
0,0.0403612847193148,0.0160894963092967,0,0.118825235770695
0.65746040233303,0,0,0,0
0,0,0.0310369597534613,0,0
0,0.0392508210097655,0,0.181868906495105,0
0,0.051849935526119,0.0274747861254762,0,0
0.728335179314823,0,0,0.158750488142279,0
0,0.106793346919142,0,0.203585446410251,0
0,0.0727067884962196,0,0.430363442611015,0
0,0.0458547019158531,0,0,0
0,0,0,0.136416406875691,0
0.800339369601868,0.0465372646327992,0,0,0
0.721324087057578,0,0.0408815123253474,0,0
0,0,0,0,0.147338155238071
0,0,0,0,0.147285122805224
0,0,0,0.185075753062886,0
0,0,0,0,0.235699772535589
0.648528761846563,0,0,0.298902589967104,0
0,0.0904118417124355,0,0.23978740162692,0.131748536816009
0.773588096965861,0.0501672047670827,0,0,0
0,0,0,0.14168106272711,0.150878549339331
0,0.0609750252496233,0.0344864391612156,0,0
0,0,0.0357804796900728,0,0
0,0,0.0238046462531665,0,0
0.610783441818846,0.049034797416887,0.0217065259862833,0.197387528709385,0
0,0,0.0512312458844751,0,0
0,0.0592888297052219,0,0,0
0.706756292250697,0,0.0206650111842537,0,0
0,0.0725849435442098,0,0,0
0,0,0.0407293103612426,0.498948260227822,0.118156260382856
0.666686672377388,0,0,0,0
0,0,0,0,0.159403992128198
0,0,0,0.38596996352998,0
0,0.053328243948608,0,0,0
0.620402551273727,0,0,0,0
0,0,0.0268021829777194,0,0
0,0.0659533443552006,0,0,0
0,0,0.0303892918211004,0,0
0.739618400161501,0.0538802997501312,0.0298774398541555,0.293205721358459,0
0.766822529340193,0,0.0332390307234885,0,0
0.687987298192393,0,0.0394410988437767,0,0
0.688472891352622,0,0,0,0
0,0,0.0438102667154835,0,0.322253814501495
0.762408542074738,0.0482061362503746,0,0,0.157585554732026
0.66311838106514,0.125494525927855,0,0,0.298072941958239
0,0.0504905847345021,0,0.235761137917568,0
0,0.0554723686254446,0,0.369845052057478,0
0,0.079183049808022,0.0449618202992213,0.528801387316905,0.223856288496435
0.651038569191569,0.0662969355705837,0,0,0
0,0.274365958714772,0,0,0.21266452833082
0.743219428091291,0,0.0245242700928128,0,0
0.733365706210682,0.0448984211550555,0,0.174865471297234,0.0934220614920643
0.724794168517195,0.0601763922229428,0.0301256909726295,0,0.182799601298336
0,0.0692073552773589,0.040259751110281,0.38245401534256,0.245974646663429
0,0,0.0242819127525233,0,0
0.675372788232277,0.0497369939175693,0,0,0.19513251718762
0,0.0766364325645937,0,0,0.128141053492473
0.57740300413027,0.0715362685070067,0,0,0
0,0,0,0.420086310173878,0.202249725253661
0.677216951020564,0,0,0,0.163252357706954
0,0,0.225291355038542,0,0
0,0,0,0.156147945169212,0.155944105093669
0.681876462917596,0,0.0398316426069903,0,0.193931300636389
0,0,0.0184793909797085,0,0
0,0,0,0,0.120616198532982
0,0,0,0,0.307798962353362
0,0.0573358456876993,0,0.377518979633711,0
0.785536962369258,0,0.0336548335360642,0,0
0,0,0,0.332503987874215,0
0.784549407740028,0,0,0,0
0,0.08778726679829,0.0605058506758836,0.226365640078632,0
0,0,0,0.301037178239776,0
0.723692035726562,0,0,0,0
0,0.0477326155837961,0,0,0.197917678329542
0.704333782552474,0.0670233855688225,0,0,0
0.821367190270677,0.108317852479833,0,0,0.120815549364889
0,0,0,0.2124659955124,0
0.660957764307266,0.39255382977163,0.361023771291355,0,0
0,0.0596457025978383,0,0,0
0,0,0,0.27082266039197,0.228121246198277
0,0,0,0.234639238034723,0
0.664635177677992,0,0.044422960579497,0,0
0,0,0.0310531514517703,0,0
0,0.0637289521507367,0,0,0
0,0,0,0.238544376269997,0
0.726660155717177,0.0504640213800356,0.0299618309857422,0,0
0,0,0.0432157075535762,0,0
0,0.0685040038482216,0.0369566446552402,0,0.215881616275206
0,0,0,0,0.148069747233368
0.586749308438954,0,0.025296290268187,0.314908361629038,0
0,0,0,0.276622121615271,0
0,0,0.0179756348619182,0.157198361165717,0
0,0,0,0,0.129335241648989
0.524536094848893,0,0,0.269189783099356,0
0.539599849411559,0.059790068654722,0,0.321677488532793,0.178647736856902
0,0,0.0371133802948715,0,0
0,0,0.0198399470052191,0,0.101139238888747
0,0,0,0.129233600074131,0.127662483706903
0,0,0,0.177584506529524,0
0.728798948063356,0,0,0.241005275246057,0.241090551281724
0.739967590748632,0,0.0277338532984206,0,0
0,0,0,0.306634763672948,0
0,0.0477355029049338,0.0243713556939824,0,0
0.729049928797857,0,0,0.341416307592515,0
0,0,0,0,0.0744275053032433
0.761895668399889,0.0485248965039738,0,0.201996253714846,0
0,0,0.0392824202003483,0,0
0,0.0495400786159799,0.0222214867593035,0,0
0,0.0776048400741695,0,0,0
0,0.0548816227206765,0,0,0
0,0.0477828549715916,0,0,0
0,0.0650836832285332,0,0,0
0.656227323072222,0,0,0,0
0.691315520975988,0.0916331785536715,0,0.244047311742552,0
0,0,0.0295640333416861,0,0
0,0.0516634145806253,0,0,0
0.848036621362825,0,0,0.202017434125613,0.456239297671685
0.837468149999182,0.0528604979243048,0,0.274848924101322,0
0,0.0796161479786731,0,0,0
0.678428205869676,0,0,0,0
0,0.0728806052287076,0.0450479601342253,0,0
0.72951369754639,0.202264352729009,0.188301096417613,0.279159799580363,0
0,0,0,0.272335074098343,0.0775890050348864
0.636372564532057,0,0,0.455142537545588,0.133529915403685
0,0,0.0303245250278643,0.371914775322174,0.157671812303524
0,0,0,0.42831622353276,0.195915224780842
0,0.0365303870338492,0,0,0
0,0,0,0,0.125099675415953
0.738445338032857,0,0,0,0.186104863649143
0.451038023581277,0,0,0.383564001244349,0
0,0,0.0476483468826544,0,0
0,0.0680189338970924,0.0471593575937219,0,0.0926348812840238
0,0,0,0.244567555582031,0
0,0.0559066217245507,0,0,0.187799984665321
0,0.0413250725150704,0,0,0.232876274695223
0.693705294056667,0,0,0,0
0.712146921939535,0.058253436345252,0,0,0
0,0,0.029417789922559,0,0
0,0.0649393171716495,0,0.399921897235295,0
0,0,0.0211336637001101,0.219076931223235,0
0.615301095039857,0,0.216406646342415,0.267924915443829,0
0.677527948887228,0,0.0312406513181888,0,0
0,0.0400494540364461,0,0.141281282473872,0.140917397193754
0,0,0,0.224049032650927,0
0,0,0.0278310034882747,0.3200558633334,0.159187389781992
0.74388507264801,0.0616090809714565,0,0,0.220341452194137
0,0,0,0,0.127431185626294
0,0,0.0415939470509444,0,0.213849132312725
0,0.0544485245500254,0,0,0
0,0,0,0,0.395878165972346
0.621706559872545,0,0.0249837257240296,0,0
0,0.0572717471584429,0,0,0.203861783423212
0.707132763352448,0,0,0.188795562703944,0
0,0,0.0345991333814464,0,0.116416413218494
0.656762021158767,0.0385214836903891,0.0158167633429795,0,0
0,0,0,0,0.177045901806936
0,0,0.0357649356596961,0,0
0.723435598889137,0,0,0,0
0.67810083969424,0,0,0,0.117489840774912
0,0,0.0328271139185069,0,0.188824852403711
0.670134929425309,0.0696687491951592,0,0,0.110792419556828
0,0,0.0310199260868402,0.278358915298214,0
0,0,0,0.172024648703031,0
0.648228676185748,0,0.0536671249780845,0,0.10925000638945
0.67533459551181,0,0,0,0
0.762986888984674,0,0,0,0
0.836829785957082,0,0,0,0.126947504280931
0,0,0,0,0.123927211388555
0.81896650498415,0.0414555794304932,0,0,0
0,0,0.0313607937196418,0,0.269659058961842
0,0,0,0.275918534845085,0
0.655212487928372,0,0,0,0.141669435428221
0,0,0,0.197242575273194,0
0,0.0961200756016167,0,0.0836990263629925,0.251054898152171
0,0,0.0324514665177376,0,0
0,0,0.0264754345058433,0.219565404446562,0
0,0,0,0.268075825870548,0.109979681549825
0,0,0,0,0.195604697523449
0.65349927161026,0,0,0,0.172540061849873
0,0.0510334011083848,0,0,0
0,0.10468098277482,0.0841055747952511,0.311443378805028,0
0,0,0,0.32520733636478,0
0,0.0696606646959738,0.0515945875945296,0.242605720034683,0
0.648365078758846,0,0,0,0
0,0.0543272570622431,0,0,0
0,0,0.044211173165615,0,0
0.676747726169106,0,0,0,0.165827944897385
0,0,0,0.348127188366659,0
0,0,0,0.457695438930919,0
0,0,0,0.20397198890676,0
0,0,0,0,0.101514938533493
0,0,0.0523361673770828,0,0
0,0,0,0.245891331255006,0
0,0,0,0.276389137096828,0
0,0,0,0.218108589318454,0.25145296087101
0,0,0.0461923893707071,0.346718691050615,0
0,0,0,0,0.180861042247042
0.77572688931204,0.056749142032524,0,0,0
0,0,0,0,0.243848876734736
0.619562311423443,0,0,0,0
0.689826004877756,0.0515167386668314,0,0.20952853729407,0
0,0,0,0,0.18329606154318
0,0.0471002922546456,0,0,0
0.72601087946923,0.0598293362221944,0,0,0.158620645590002
0,0.0592287734255582,0,0,0
0.746176635876059,0,0,0,0
0,0.0632438821996074,0.0341593668553734,0,0.132081427147494
0,0,0,0,0.109946456411174
0.814918076614597,0,0,0,0
0,0,0.0149409219980478,0,0.0903941012599995
0,0,0.0223616420998664,0.241084039898599,0
0,0.0771503757270996,0,0,0
0,0,0,0.310901292666945,0.133381680169704
0,0,0,0,0.178100799959107
0.779295180624287,0,0,0.265306487162685,0
0,0,0,0.250524546110416,0
0,0.0508526548051664,0.0280047080277339,0,0.151504715413909
0.720352900737119,0.0732565344408327,0.0470557307245442,0,0
0.68983146098068,0,0,0.316962861473495,0.262848544483349
0,0.0552217491506945,0,0.329588371954489,0
0,0.0574120709657339,0,0,0
0.707372831881101,0,0,0,0.124483093515986
0.782508825246479,0,0,0,0
0,0,0,0,0.157564469547883
0,0,0.026334890564521,0,0
0,0.0651316127594186,0,0,0
0,0,0.0393484823294491,0,0.107978505891073
0.749979539614035,0,0.0373161003577005,0,0
0.632422346015135,0.0546633412426684,0,0.34324510368473,0
0.456010715786143,0,0,0.221732425223222,0
0,0,0.0258370929917084,0,0.166673269098065
0,0.0544196513386487,0,0.338886572281461,0.20108940118077
0,0,0.03383747589299,0,0
0,0.046219659307655,0,0,0
0.778967814448852,0,0.0305426595874835,0.31991819066341,0
0,0,0.0299778283836715,0,0
0,0,0.0248490755608918,0.339503451745067,0
0,0,0,0.370164743882502,0
0,0.0547586228402116,0.0307611179810688,0.282172713012053,0.214652925090091
0,0.0608052507667282,0.0321658449595664,0,0
0.686050381654399,0,0.0413756829577388,0.217984154405194,0.211224346359292
0,0,0,0.53487156066533,0
0.649298072358837,0,0,0,0
0.725383427632979,0,0,0,0.111009021903034
0,0,0,0,0.179779947350934
0,0.0525521320268013,0,0.325100772423105,0.225046004038132
0.720205585958174,0,0,0,0.130462340583229
0.821339909756058,0.0611719405512127,0,0,0
0,0,0,0.428208335815413,0
0,0,0.312707743537229,0,0.287527794106372
0,0.0675211597329575,0,0,0
0,0.0430066483456516,0,0.235145582229635,0
0,0,0,0,0.258595087791039
0,0,0,0.18400481854345,0
0,0,0.0356515937715329,0,0.203660515756383
0,0,0.0447785302743632,0,0
0.638036675923855,0,0,0,0
0.640557395474708,0.057721014327465,0.03145522370418,0,0
0.851637649292616,0,0,0,0.151080455951134
0,0,0.0239126124974911,0.146707438957394,0
0,0,0,0.15371947869714,0
0,0,0,0.309534494284599,0
0,0,0,0.306123124375343,0
0,0.092356163766545,0,0.242626238557614,0
0.727691359169799,0,0,0,0
0,0,0,0,0.194560661435837
0.700983735357184,0.118789588781949,0,0,0.170809159915148
0.733583950327639,0,0,0.260549499281852,0
0,0.0718382822980074,0,0.305598909208845,0
0.792913613522405,0,0,0,0
0,0.0473624610139464,0,0,0
0.659561001958741,0.0511725699872207,0,0.282383193344056,0
0,0.078825599451178,0,0,0
0.485544600913352,0,0.0341366984777407,0.351131497256475,0
0,0,0.0835343316789088,0,0.125315638817185
0.741326160376689,0.0958527096642681,0,0,0
0,0.0681015112816299,0.0362642876355464,0,0
0.68777451017836,0.0449203647957018,0.0252010830821299,0.194095298610697,0
0,0,0.0189445460887301,0,0
0.652135245879278,0,0,0,0
0.553085153398334,0,0,0,0.124709280036803
0,0.0756310673444557,0,0,0.107278222199504
0.621417386417577,0,0,0,0
0,0,0,0.244126076395094,0
0,0,0,0.222035569852333,0.196287090755744
0.631287476606959,0.0490319100957494,0,0.231515127446503,0
0,0.0563252832895134,0,0.330546785541722,0
0.657465858435954,0,0,0.348252947055592,0
0,0.0646263315603257,0,0.383315793305666,0.0794796432131265
0,0.0473052920554204,0,0,0.0566907122958571
0.778624079964644,0,0,0.114771350846886,0
0.700132583301051,0,0.026634177916065,0.239891979905085,0
0,0,0,0,0.188608250057505
0.743808687207075,0,0,0.414525790459549,0
0,0,0,0,0.155354358882613
0,0.0555185657636473,0,0,0.169896107547218
0.623910825453811,0,0,0,0
0.716664575160546,0,0,0,0
0,0,0.0300654578549199,0,0
0.635237695123881,0.0594072098718664,0.0298471937617143,0,0
0.442626349703461,0,0,0.178378771933308,0
0,0,0,0.212796939430644,0.118429089886779
0,0,0,0.528310928430068,0
0,0,0.0307629314512794,0,0.167622102384543
0,0.0685351869165085,0,0,0.125243438035116
0.673414047282588,0.0639622476986607,0.0403627303115263,0.258291137983757,0
0.742902974121704,0.0499292895053384,0,0.225545561049225,0
0.712146921939535,0,0.0170131355476366,0,0
0,0,0.014870196659834,0,0.0951523244818156
0,0,0,0,0.0522564980703862
0.560996502638026,0,0,0.161748840041567,0
0.736983102449244,0,0,0,0
0,0,0.0267976493021929,0.337442333022246,0.14409678738467
0,0,0,0.440486355182251,0
0,0,0,0.328643196123985,0.175557798962353
0,0.051998921296823,0,0,0.0919122345183633
0,0.0663916397038994,0,0,0
0,0,0.041873091929792,0,0
0,0,0,0.415807205310988,0
0,0,0.0178893007265344,0,0
0,0,0,0,0.0513806322999463
0,0.0905400387709482,0,0,0
0,0.0326919823134256,0,0.0804974748979038,0
0,0,0,0.179132662179067,0
0,0,0.133368493066488,0.187314257725886,0
0.732738254374431,0,0,0,0.15710762389143
0.627888324485353,0,0,0,0.112106729368467
0,0.0665960620404468,0,0.206154233103658,0
0,0,0,0.237667374886652,0
0,0.0541597924362581,0.0315458324479173,0,0
0,0,0.0368465411067389,0,0
0,0,0,0.285552974192993,0.141424080558182
0.672344651109498,0.204151505824593,0,0.438911724019248,0.198835203312291
0,0.054317440170375,0,0,0
0.721935170585058,0,0,0,0
0,0,0.0276598248537517,0,0
0,0,0.0562467863526781,0,0
0.768786726392807,0,0.0227468102192414,0,0
0.592745565552349,0.0439877600682332,0,0.211677025211308,0
0,0.115859535291438,0,0,0
0,0,0,0,0.0438539244000307
0.79449042726742,0,0.0423212781389858,0.483152968897891,0
0,0.0498120642671488,0.0265135821470593,0,0.18735591790835
0,0,0.0457390218180544,0,0.13619112122064
0.770330803520278,0,0.0257216137993684,0,0
0,0,0.0568614232204886,0.332138625788474,0
0,0.141530130062268,0.144424832339822,0,0.241101413346283
0.74784620337078,0,0,0.179492729162116,0.0692379942239374
0,0,0,0,0.113575024918854
0,0.0448597310518107,0.0218867719718593,0.203261121370373,0
0,0,0.0304753021225179,0.280126155821634,0.207425818488512
0.746209372493603,0,0,0.282348775176559,0.160975157819409
0,0.0470529401879877,0,0,0
0,0,0,0,0.257190047793084
0.578608802876457,0,0,0,0.201623559179083
0,0.342314441976106,0.342241401252888,0,0
0.623010568471364,0.0720017046743997,0.0503886299044735,0,0.100622332404733
0.632236838515722,0,0,0,0
0,0,0.0315088506089795,0,0.184984154164643
0,0.0687938908904441,0.0357241325799574,0,0.180302604339714
0.724575924400238,0,0,0.241741956408067,0.0654803588314974
0,0.086649084805819,0,0.542156960081545,0
0,0.0804211331118565,0,0,0
0.560314489772535,0,0,0,0.233673678022849
0,0.0495828109688175,0,0,0
0.69757367102973,0,0,0,0
0,0,0.0500550809193077,0,0.158261558514581
0.525907759123968,0.415524201814508,0,0,0.32652388376313
0,0,0.0272524417242967,0,0
0,0.066700005601403,0,0,0
0,0,0,0.170396404625272,0
0,0.0707665086917028,0,0,0
0,0.0607140114187776,0,0,0
0,0.0476067283821935,0.0222934426665888,0,0
0,0,0.293909181800453,0.453972319850678,0
0,0,0,0.316432027428632,0
0.642827134291061,0,0,0.520744226683346,0.139693178623457
0.779971737386854,0.0696906928358055,0,0,0.140967873846704
0,0,0.0444223129115646,0,0
0,0.0541072431915524,0,0.356787328819258,0.21896452577504
0.682918578576066,0,0,0,0
0.662201755773921,0,0.0224256316915836,0.244500043022709,0
0,0,0,0.3031618381949,0
0.651791511395071,0,0,0,0
0,0,0.0321988760241168,0,0
0,0.0514872879912271,0.0254414326518291,0.270365957784794,0.167650215963401
0,0.082288652423704,0,0,0.219887162317581
0,0.0481154743666516,0,0,0
0,0.0459598004052644,0.0421444647934512,0,0
0.726081808807241,0.0446368298599822,0.0213278345462319,0,0
0,0.0374918649726946,0.0187018001476812,0,0
0.598228948990894,0.065687133346307,0,0,0
0.72072937183887,0,0.0839883468994938,0,0.0867259181639277
0.608055390356884,0.0516108653359196,0,0.360922804021631,0
0.778804131361134,0,0.0324404561628874,0,0
0,0,0,0.227713905601557,0
0.700301722491693,0.047988432236594,0.0285381273368264,0,0
0.682842193135131,0.0540373700200207,0,0,0
0.776512568133085,0.118394025786088,0,0,0
0,0,0,0.412687066049787,0
0.781210272750585,0,0,0,0
0.719665431768705,0.0692939749114891,0.0353096251032464,0,0
0,0.0569766629381726,0,0,0
0,0,0.0276437626890292,0.309979282910718,0
0,0,0,0.175627304197031,0
0,0.0878692667186,0,0,0
0.668448993621816,0,0.0177099614760637,0,0.101670841107164
0,0,0.0281224540578371,0,0
0,0.0530048639811885,0.029417789922559,0,0.210051882331894
0,0.0500286133524743,0,0.241614212055625,0
0,0.056277353758628,0,0,0
0.701218347782913,0.0435488872553068,0,0.332764109793954,0
0,0,0.0301194085936856,0,0
0,0.0541597924362581,0,0,0
0,0.131112097933313,0.133788181886658,0,0
0,0.0504438101320718,0,0.117369922492934,0
0,0.225545400526301,0.163190363012047,0.234935763785469,0
0.669709353397242,0,0.0727785103261909,0.232922962874711,0
0,0.0580865491834945,0,0.387932460965165,0.161672246786107
0.723190074257561,0.0566140154032808,0,0.381247393816644,0
0,0.0573219865462384,0,0,0
0.730539444896089,0,0.0227619656488587,0,0.144345975924553
0,0,0.0260661083725912,0,0.147414828634958
0.677298792564423,0,0,0,0
0,0.0411558754964027,0.0235887785313106,0,0
0,0,0,0,0.206616275206379
0,0,0.0389028867919848,0,0
0.710188180989846,0,0,0,0
0,0.0356087541267037,0.0156062712649622,0.113629594328945,0.0757296751603752
0.601715398759282,0.0612158278325053,0,0,0
0,0,0.0386619543211466,0,0.21494556188821
0,0.05871771758419,0.0296490721412051,0.443654150367679,0
0,0.0388460185862636,0.0163804935113064,0,0
0,0,0,0.227390904337351,0
0,0.087388816481291,0.0496606511484998,0.529883573929562,0
0.752931291295879,0.0688273838156411,0,0.38819721609976,0
0.686230433050889,0,0,0,0.234967541595318
0,0.214951241807948,0.280514761291297,0,0.290065683543333
0,0.0676903567516252,0,0,0
0.730926828203687,0,0,0,0
0,0,0,0.135993460548176,0
0,0.060039533201017,0,0,0
0,0,0,0.344427235360696,0.170345924808955
0,0.0519891044049549,0.024861769852366,0.211005209057273,0
0.581014944265909,0,0.0392325497695565,0,0.159265980013801
0,0,0.0340596259937898,0,0.138857438597388
0,0,0,0.378654779161123,0
0,0,0,0,0.144135124083114
0,0.0752770817729769,0,0,0.0659576507271194
0.80530442326264,0,0,0,0
0,0,0,0.196613781828531,0
0.663543957093207,0,0.0424015889625985,0,0
0,0.0468473629229853,0.0350097548505632,0.1827631169622,0
0.624347313687725,0,0,0.293197116816584,0
0.736290177377906,0,0,0,0
0.716004386706751,0.0361977676387892,0,0,0
0,0,0.0400252953187663,0,0.183185524062668
0,0.0553765095636738,0,0,0
0.687447144002924,0,0.0523355197091505,0,0.121922841004933
0,0,0.0271777008449022,0,0
0.62325609310294,0.0603144061733236,0.0527681618879676,0,0.23342832315281
0.703062510571199,0,0,0.237017401031221,0
0,0,0.0456509389792533,0,0.0959637845988703
0,0,0,0,0.146078155749227
0,0,0.101713722872348,0,0.179102026733458
0,0.0802998656240742,0,0.497938219389342,0.0762887520126767
0,0.0635043185662256,0.0539961402877239,0.105985451705354,0
0.740000327366175,0,0,0.367709801896971,0
0.685117388054408,0,0,0,0
0,0,0.0223653985738741,0.180879384179557,0.0707982978505891
0,0,0,0,0.178487361668413
0,0.0495400786159799,0,0,0
0.594049574151167,0.0504472749174371,0,0.303601331718327,0.159673626907251
0,0,0,0.337137202729625,0
0.655523485795036,0.0510316687157022,0,0,0
0,0,0,0.258224287312272,0
0.7335293892984,0,0,0,0
0,0,0,0,0.202042068137092
0,0,0.0191304267853177,0,0
0.648021344274638,0,0,0,0
0,0.0549462987141604,0,0,0
0,0,0,0.415776096582673,0
0.726430999394373,0,0.0476930359699873,0.312448786428652,0
0,0,0,0.184726938173057,0.0990466940987042
0.70285517866009,0,0.0213266039771604,0,0.152044623916988
0,0,0,0.210079889861864,0.118655276407596
0,0.18918652036803,0,0,0.0454666854090526
0,0.0524897658902275,0,0.263028931117333,0.254100109898536
0.663653079151685,0,0,0,0
0,0,0,0.252436740070028,0.115128300150791
0.596521188775705,0.12428935808499,0,0,0
0,0,0.0306247838813068,0,0.247042323715082
0,0,0.0324203784569843,0,0
0,0,0,0.16258480437905,0
0,0,0,0.308697206171442,0
0,0,0,0,0.0816961433281366
0.629819784920423,0,0.0610855134753466,0,0
0,0,0.0376904524226052,0.316623313013377,0
0,0,0,0,0.221437881769622
0,0,0.0551541705507852,0.285047291885917,0
0,0.0407891857119181,0,0.217735946466512,0.111910573261431
0,0.059441280261291,0,0,0
0,0.0489886002786842,0,0.237899035629422,0.128331459094743
0.661568847834746,0,0,0,0
0.706221594164152,0.0450941815281898,0,0,0.141029851509188
0,0,0,0,0.0547684463414011
0.673921464854513,0,0,0,0
0,0,0,0.410784138519886,0
0,0,0,0.300497077765202,0
0,0.0446893791046879,0.0317061950279698,0,0
0.660308488059319,0,0,0.217230264159436,0.0603034349681805
0.73113961621772,0,0.0315025034632423,0.225662715196283,0.167447670406625
0,0.047663319876492,0,0,0.0794675032586194
0,0.0476997001228266,0,0,0
0.734042262973249,0,0,0,0
0.865768955865583,0,0,0,0
0,0,0.0219966164531878,0,0
0,0.0620733622103945,0.0413899316522507,0,0
0,0.0618400666624704,0,0.290965892919786,0
0.650192873238361,0,0,0,0
0,0.0517344426806121,0,0,0
0.745303659408231,0,0,0,0
0,0,0,0,0.1495246249393
0.84110737064944,0.100824676663342,0,0.190607811600246,0
0,0,0.0476172588219011,0,0
0,0,0.0505751582689934,0.204854285392797,0
0,0,0,0.377963106371994,0.111487591688604
0,0.0533934974063194,0.0271996567878093,0,0
0,0.0503652749971271,0.0277754983464714,0,0.284129884734327
0,0,0.0445654475246164,0,0
0,0.104346630987077,0.103781726580376,0,0.199143813734761
0.646193549795123,0,0,0,0
0,0,0.0350149361940221,0,0.157158100544381
0,0,0,0,0.119606026528995
0,0,0.0407888958110199,0,0.22473547678074
0,0,0,0.143994360715633,0.289330896823166
0,0,0,0.278300669168603,0.11796329900069
0,0,0,0.244435178014734,0
0.73515530796973,0.0372008230020171,0,0,0
0,0,0,0.196364912002012,0.171432770209829
0,0.0575154370624626,0.0317108582370829,0,0.176743680834207
0,0.0419550859873108,0.0296978415365118,0.185963344651615,0.134219975975669
0.716959204718438,0.0518303017423828,0.0186084064318348,0.216700092002409,0
0.73764329090304,0,0.0181645595977878,0,0.0854767807396427
0,0.0605696453618939,0,0,0
0,0,0,0,0.0458578475221714
0,0,0,0.247364693579026,0
0,0.0717724513760684,0,0.311914642944607,0.270214302144299
0.742450117579018,0,0.0895103636908031,0,0
0,0.0706129032071786,0.0378575507491543,0.419591218072186,0
0.755692079375385,0,0,0,0
0,0.0362584013826803,0,0,0
0.61201106497673,0,0.0250460313791227,0,0.104037493291078
0.675842013083735,0,0,0,0
0,0,0,0.328328799401653,0
0.762965064572978,0.0463293775108866,0,0,0
0.649150757579891,0.0415502835638089,0,0,0
0,0,0,0.361954025270878,0.10221650011501
0,0,0.0395006842935539,0,0
0.690246124802898,0,0.0335816470597074,0.338508634326827,0
0,0.0366707108411402,0.0185336007856471,0,0
0.698632154996972,0,0,0,0
0,0.0628217558492795,0,0,0.136735502338539
0.822474779164234,0,0,0,0
0,0,0.0442170021770062,0,0
0,0,0,0,0.218834181000332
0.724090331240008,0,0,0,0
0,0.0748751666706127,0,0,0
0.782214195688588,0,0.0225093103884447,0,0.128924400030669
0,0,0,0.402369558454624,0.172696603368518
0.695314844419225,0.214406115577155,0,0,0
0,0,0,0.405813360867867,0
0,0,0.034363382254067,0,0.182165128939096
0,0,0.0351787961809095,0,0
0,0.0546356229597467,0,0.310094451394267,0.142713471515833
0,0,0,0.323804796039263,0
0.674919931689591,0.0672901740419435,0,0.4178663383703,0.059272241674547
0,0.0654555701910656,0.0593368100579721,0,0
0.569115183788827,0.0513134712587392,0.0197027709371451,0,0
0.713008986201516,0.035995655159152,0,0,0.102185191811281
0,0,0,0.220886532568191,0.0837848544483349
0.721427753013133,0.0348147408138434,0.0181282901935756,0.192780789367434,0
0.748986528881881,0.0758470389655537,0,0,0
0,0,0.0401949843170449,0,0
0,0,0,0.403255164379844,0
0,0,0.0103763527111477,0,0
0,0.0730717458880216,0,0,0
0,0.112772411531037,0,0,0.11251182048202
0.737577817667952,0.034526008700076,0,0.21176505629356,0
0,0.0474404186846635,0.0233532864711042,0,0.0985476780739643
0.611645506080827,0,0,0,0
0,0,0,0.334407577291952,0
0,0.0437244363804773,0,0,0.112154011296547
0,0,0.0191360614963292,0,0.0517597822475528
0,0,0,0,0.196692820814271
0,0,0,0.269719293368546,0
0.689962407450854,0,0,0,0.151507271193805
0,0.0439964220316462,0,0,0
0,0,0,0,0.0988658726710456
0.672966646842826,0.0556964247457281,0.0313822315282029,0.335207799686265,0
0,0,0,0.342041791597996,0
0,0.0610893631666752,0,0.419159005314959,0
0,0.0719924652467591,0.0442370798829094,0,0
0,0.165783627618728,0,0.24175453227696,0
0,0.0454112093891064,0.0233620947549843,0.289840683597757,0
0.626627964709926,0,0.0421638948314221,0.530582527484892,0
0.916145154162188,0,0,0.365693029659194,0
0.715611547296228,0,0.0120225950616227,0,0
0.642128753116799,0,0,0,0.18636427530861
0.656702004026604,0,0,0.387270573128678,0.320454545454545
0,0.0521427098894791,0,0,0
0.68396615033746,0.0303151395528926,0,0,0.134395685843535
0,0,0,0,0.107928029238122
0,0.0468294615319317,0.0249812645858866,0,0.211693970915225
0,0,0,0.246451288364674,0
0,0.0385295681895746,0,0,0.0305864236971912
0,0,0.151503195172594,0,0
0,0.0640188391929591,0.0404067717309269,0,0
0.751261723801158,0,0,0,0.243515347458277
0,0.0832351162926335,0,0,0
0,0,0,0,0.201886165563422
0.617647219297145,0.0774928120140277,0,0,0.202329593375419
0,0.061002743532545,0.0326237461877456,0,0.258417461088251
0.775819643061747,0,0.0334890305453798,0,0
0,0.0885073646900258,0,0,0
0,0.0727477884563746,0.0423277548183094,0,0
0,0.0667560196314739,0,0,0.171947759858921
0.715311461635412,0,0,0,0
0,0.0697109040837693,0,0,0
0,0,0,0.235925947988854,0
0.596914028186228,0,0.0300115071161542,0,0.169367061108697
0,0,0.0409210200692214,0.394269375111694,0
0.56269880675029,0,0,0,0
0,0.101511859094109,0,0.222063369141465,0.12512906688476
0.720303795810804,0.0564465507772957,0.0285110548172537,0,0
0,0,0.0615362903562698,0,0
0.668781815900175,0,0,0,0
0,0,0,0.260919494582448,0
0,0.0516576399383499,0.0239054233834419,0,0
0.712168746351231,0,0,0.181232832284241,0
0,0,0.0334657144998148,0.320574121509369,0.177285506172208
0,0,0,0.427134091856794,0
0,0.123391401211173,0,0,0
0,0,0.0606004101940083,0.286852260016018,0
0.614002542543962,0,0,0.282001284062403,0
0.512760187908185,0,0,0,0
0.675721978819408,0,0.0388452443460047,0.291267713773224,0
0,0,0.0346133820759584,0,0
0.644163879507423,0,0.0228115770124775,0,0
0.569546215919817,0,0.0324404561628874,0,0
0,0,0.121489615519056,0,0
0.633148007704017,0.0559811146099027,0,0.320811739242668,0
0.742984815665563,0.0688273838156411,0,0,0.24621872364352
0,0.0703813400519371,0,0,0
0,0,0,0.46878206019208,0.181713394842436
0,0,0,0.265471959121807,0
0,0.059356970484071,0.0307131257872809,0,0
0,0,0.0266064577285599,0,0.198964909142025
0.739258297368521,0,0.0221975230458061,0,0
0,0.0275964379696589,0,0.125593216973452,0
0,0,0.0201409182933872,0.139015640409576,0
0,0,0,0,0.112992307102512
0.68129811600766,0,0,0,0
0,0,0,0.263762302840161,0
0.56628346637131,0,0,0,0
0,0,0,0,0.292816980601631
0.804966144881357,0,0.0231766026591562,0,0
0,0,0.0365421371785292,0,0
0,0.0678924692312623,0,0,0
0.803242016357397,0.0617390104226518,0,0,0
0.737746956858594,0,0,0,0
0.63427742100927,0,0.0388607883763813,0,0.120484575868326
0,0,0.0408387662418116,0.340202405300398,0
0,0,0,0.417380512698318,0.212540573005853
0,0.0644097824750001,0,0,0
0,0,0.183886591790641,0.232398085820377,0
0,0.0758724473915652,0.0386146745620842,0.385946797455703,0
0.679563075277852,0,0,0,0
0.649609070225501,0,0,0.520535732014853,0
0,0,0.0199462293129196,0,0.138616556342168
0.772114949176401,0,0.0197027709371451,0.141313053090023,0
0.697519110000491,0,0,0.288136322418803,0
0,0.0453742516785441,0,0,0
0,0,0,0,0.230126894471848
0,0,0.0805718985562899,0,0
0,0.0691155384651809,0.037819338341145,0,0.172733662177013
0.714176592227236,0.0702167627470897,0,0.291929601609711,0.169156848212232
0,0,0.0298197974081754,0,0
0,0,0.0295321033126207,0,0.148311907378537
0.666468428260431,0.110013287451876,0,0.181026323279257,0
0,0.0692974396968544,0,0,0
0.706221594164152,0,0.0379896750073559,0,0.187118230378
0.660543100485047,0,0.0271995272542228,0.134677627529239,0.0903595982314003
0.741953612212941,0.0742203222365883,0,0,0.156689114933422
0.676425816096595,0,0,0.231550207501837,0
0,0,0,0,0.166472001431237
0,0.0247154689384879,0,0.0579826982519542,0
0,0.0704252273332298,0,0,0
0.690704437448508,0,0,0,0
0.756892422018649,0,0,0.256000344181675,0
0.661999879965736,0,0.0248553579398357,0,0.139589030592685
0,0,0,0.208920262372338,0.157442431057837
0,0.0658534430438371,0,0,0
0,0,0,0.231168298220184,0.106507015615815
0.543223247363338,0,0,0.449620407325775,0
0,0,0.0259935695641668,0.209126109489486,0.162994862882409
0,0,0,0,0.114552610729164
0,0.0572573105527545,0,0,0
0,0.0655156264707292,0,0,0
0,0.0732161119449053,0,0,0
0,0.0613538417828862,0,0,0
0.625225746258477,0,0,0,0
0,0.0559389597212926,0,0,0
0.774892105564679,0,0,0,0.115082296112659
0,0,0,0.248649417869648,0.147436552764076
0,0.0487587695161254,0.0251317826133673,0,0
0.638047588129702,0.0787239657471319,0.0432182982253057,0,0.0918419505712168
0,0,0,0,0.0508973343215682
0,0.0546974116320929,0,0,0
0,0,0,0,0.116781250798681
0,0.143079466584744,0,0,0.118790732742096
0,0.0723938028848958,0,0.489646750461667,0
0.822027378724472,0.071599212107808,0,0,0.18674828123802
0,0,0,0,0.0954583791243898
0,0,0,0.236129809442492,0.153309096020651
0,0.0436210702837486,0.0309830090146956,0,0.128677767270683
0,0.0354539937137244,0,0.11638900471926,0
0,0.0665752733282555,0,0,0
0,0,0,0.416651774190346,0.225086257571498
0,0.0636879521905817,0,0,0
0,0.0592460973523843,0.032805740876739,0,0
0.684844582908212,0,0,0,0
0,0,0,0,0.25786157896082
0.707607444306829,0,0,0,0
0.585314353369962,0.0719329864313231,0,0,0.0965758938840187
0.718830648021344,0.0440149008869273,0,0,0
0,0,0.0269410429824176,0,0.166108441740997
0.675116351394853,0,0.0532338351313351,0.489527610651099,0
0,0,0.0315335267572024,0.165052984121311,0.147377130881489
0.67337585456212,0,0,0.089557395603741,0
0.765076576404537,0.0442695626112701,0,0,0.187595522273622
0,0,0.0241438947161372,0,0
0,0.0456231387606116,0.0172529022161966,0,0.0692354384440412
0,0,0,0.307586558381817,0
0,0,0,0.21610637861308,0
0,0,0,0.239858885513261,0
0,0,0,0,0.143577325120761
0,0.0651316127594186,0,0.432014190875214,0
0.788532362874493,0.0363063309135657,0,0,0.0890037569964475
0,0.0302106185277087,0.0121905353564839,0,0
0.640371887975295,0,0,0,0.0404385079356966
0,0.0506840352507263,0,0,0.114790298259514
0.616195895919381,0,0,0,0
0,0.0691276652139591,0.0372157118281846,0.40993361265,0
0,0.0836104680405311,0.0675194467154201,0,0
0,0.0973154265526136,0,0,0.166407467988857
0.817449708371299,0,0,0.34677428962888,0
0,0.0313713216250536,0,0,0
0,0,0.0233009549021694,0,0
0,0.04742251729361,0,0,0
0.700176232124443,0.0768974463954394,0,0.547794920672743,0.131945331868019
0,0,0.0446269759781907,0.279533766207978,0
0.768890392348361,0.0571626064194388,0.0322675288249471,0.296724317097225,0
0,0,0,0,0.13408324175122
0.651649652719049,0,0,0.229859084079612,0
0.684146201733949,0,0.0425648012815535,0,0
0,0.0625180096655962,0,0,0
0,0.125116864323047,0,0.157185123408987,0
0.646586389205646,0,0,0.201239054029904,0
0,0,0,0.0800917376541371,0
0,0.0374271889792107,0,0,0.11284087714366
0.717848549495038,0,0,0,0
0.65814241519852,0.18524417208665,0.140816674288639,0.247876994764467,0.201995425153986
0,0,0,0.283723516212943,0
0.648757918169368,0.045812547027243,0,0,0.169706979834897
0.688521996278938,0.0425949163514193,0,0,0
0,0,0,0,0.155347969432872
0,0.0583354362655619,0.029849590133064,0,0
0,0,0.0254321710003963,0,0
0.773806341082818,0.0598622516831638,0,0,0.234409742632964
0,0.0646465428082894,0,0.390897718472628,0.125687504792087
0.659446423797339,0,0,0,0
0,0,0.0266740094939051,0,0
0,0.0671186671663657,0,0.402854722238769,0
0.638374954305138,0,0,0.221458403658916,0.0810648656937665
0,0.121723107057826,0.111671617332397,0,0
0.76798467926299,0,0,0.170187909956779,0
0.665731854365701,0,0,0,0
0,0.172728212419061,0,0,0.0783723515730825
0.68967869009881,0.0619405454380615,0,0.317213716963523,0
0,0,0,0,0.251511743808623
0,0,0,0,0.138468321108186
0.689493182599397,0.0550716084515355,0,0.304346617422212,0.121279423416055
0,0,0.031769860785721,0.388859103936247,0
0,0,0,0.424771152280535,0
0,0.147372335652237,0,0.205571109919713,0
0,0.0762408695687324,0,0.423726693274558,0
0.610046867924117,0,0,0.260247678428414,0
0,0,0,0.394253489803618,0
0.675203649041635,0,0.0544650518707532,0,0.137930329440029
0,0,0,0.443523096576054,0
0,0.0471846020318656,0,0,0
0,0.0456260260817493,0.0224463570654192,0,0
0.696504274856641,0.0495978250387334,0,0,0
0,0,0.0450835818705052,0,0
0,0,0,0,0.218919160681882
0,0.061301870002408,0,0,0
0.612032889388425,0,0,0,0
0,0,0,0.372973795860554,0.105640606230991
0,0.0560804384570387,0,0,0
0.744054211838652,0,0.0416697241990307,0,0
0.661928950627725,0,0.022604323274122,0.132231951973419,0
0.779377022168146,0,0,0.273501320466234,0
0,0,0,0.166961206753903,0.168864211414113
0.650787588457069,0.0610067857821378,0.0320084616520027,0,0
0.632236838515722,0,0.0321010781663303,0,0
0.679803143806505,0,0,0,0
0.751523616741506,0,0.0326561295843636,0,0
0.660019314604351,0,0,0.295797674126143,0.208666649628134
0,0.0379907940652847,0,0,0
0.667974312667434,0,0,0.429572486646413,0
0,0.0904574613864108,0.0696658182432642,0,0
0,0,0,0.373813069637219,0
0,0,0,0.269939702018096,0
0,0,0,0,0.202252919978531
0,0,0,0,0.137900299026248
0,0,0,0,0.209094103815779
0,0.049284261963182,0.0252038680542391,0,0
0.722753586023647,0,0.0439572873361295,0,0
0,0,0.0417506826905758,0,0.138384619316584
0,0,0.0328050932088066,0,0
0,0,0.037139287012166,0,0.174212180846985
0,0,0.0276716124101207,0.233782755174308,0
0,0,0,0.226426533759589,0.208432156822654
0.690366159067225,0,0,0.222129557925114,0
0,0,0.0352338479551602,0,0
0.701152874547825,0,0.0302236183640024,0,0
0,0.0329668552857322,0.0199618381100894,0.0839273776665806,0.0621402739796049
0.672011828831139,0,0,0,0.113654893040611
0,0,0.0294076863028142,0,0
0.639237018567118,0,0,0,0
0,0.0350607405747733,0,0.138702567462918,0.0776528995322923
0,0.0439502248934434,0,0,0
0.622639553472537,0.0545928906069091,0.02971461613596,0,0
0,0,0.0318240705916595,0,0
0.652740873303834,0,0,0,0
0,0,0.0165615814651945,0.164346749799779,0
0.617767253561471,0.0554504249847982,0,0,0
0.750285081377775,0.0439161545040189,0,0,0
0,0,0,0.171896242462752,0.119767040662458
0.678630081677861,0.0931028250127475,0,0.282460634220925,0
0,0,0.0230625483362674,0,0
0.520674265199339,0,0.0293368314310139,0,0
0,0,0,0,0.152410739387124
0,0.0699037771357659,0,0.215522593541298,0
0,0.0647320075139645,0,0,0
0.567434704088258,0,0,0,0
0,0,0.0503743812099616,0,0.125355253405577
0,0.0545697920378078,0,0.115360431021359,0.186812175735426
0.660739520190309,0,0.039211824395721,0,0
0,0,0,0.325885109509343,0
0,0,0,0.451204966806325,0
0.736688472891353,0.0699014672788557,0,0.319249022060722,0
0,0.0582020420290014,0,0,0
0,0,0.0433964069067049,0,0.248974493316636
0.651207708382211,0.0641990080319499,0.0369695980138874,0.343221275722616,0
0,0.053726694265607,0,0,0
0,0,0,0,0.175676003782554
0.617947304957961,0,0,0,0
0.737010382963864,0,0.0271214832683733,0,0
0.736110125981416,0.0512724712985843,0.0229295173429604,0,0.114953229227899
0,0,0,0,0.199261379609988
0,0.0417887762897808,0.0234642319879176,0,0
0,0,0.0317016613524433,0,0
0,0.0522789914471773,0,0.339292971413064,0.171932425179544
0,0,0,0.172490617739918,0
0.701736677560686,0,0,0.340556515292918,0.0743118562629386
0.7886251166242,0.0675991174036746,0,0,0.168353055434866
0,0.0489932199925045,0,0,0
0,0.0734701962050206,0.0389514618869119,0.28867576100554,0.262368696807831
0.592374550553522,0.0672335825476451,0,0.333498805292455,0.132593222071715
0,0.200835706230088,0,0,0.27104556955555
0.705921508503336,0,0,0,0
0,0.0681950604864905,0,0.373893819953271,0
0,0,0.0404980929093898,0,0
0,0,0,0.322835792246646,0
0.816865905358439,0.0784542899528732,0.0549546888276181,0,0
0.614760940850388,0.0514699640644011,0,0.318291270361325,0
0,0,0.0345991333814464,0,0
0,0.0772306432547269,0.0637131022769349,0,0
0,0.0569830150446755,0,0,0
0,0,0.0499812467750185,0,0
0.705403178725563,0,0,0.418583162897215,0
0.278261249120203,0,0,0,0
0.650782132354145,0,0,0,0.12556674419199
0,0,0.0287701219901981,0,0
